Nr_Pairs = 47
Nr_NDD = 3
Nr_Arcs = 297
0	0.89
1	0.11
2	0.89
3	0.89
4	0.11
5	0.89
6	0.89
7	0.89
8	0.89
9	0.89
10	0.89
11	0.89
12	0.89
13	0.11
14	0.89
15	0.89
16	0.11
17	0.89
18	0.89
19	0.89
20	0.89
21	0.89
22	0.89
23	0.11
24	0.89
25	0.89
26	0.89
27	0.89
28	0.89
29	0.11
30	0.89
31	0.11
32	0.89
33	0.11
34	0.89
35	0.89
36	0.89
37	0.89
38	0.89
39	0.89
40	0.89
41	0.11
42	0.89
43	0.89
44	0.89
45	0.89
46	0.89
47	0.0
48	0.0
49	0.0
(2,1), 0, 1
(2,4), 0, 1
(2,6), 0, 1
(2,8), 0, 1
(2,13), 0, 1
(2,16), 0, 1
(2,23), 0, 1
(2,24), 0, 1
(2,29), 0, 1
(2,31), 0, 1
(2,33), 0, 1
(2,36), 0, 1
(2,39), 0, 1
(2,41), 0, 1
(4,1), 0, 1
(4,25), 0, 1
(4,29), 0, 1
(4,31), 0, 1
(5,1), 0, 1
(5,15), 0, 1
(5,29), 0, 1
(5,31), 0, 1
(6,1), 0, 1
(6,29), 0, 1
(6,31), 0, 1
(7,1), 0, 1
(7,29), 0, 1
(7,31), 0, 1
(8,1), 0, 1
(8,11), 0, 1
(8,29), 0, 1
(8,31), 0, 1
(9,0), 0, 1
(9,1), 0, 1
(9,8), 0, 1
(9,29), 0, 1
(9,30), 0, 1
(9,31), 0, 1
(9,45), 0, 1
(11,1), 0, 1
(11,3), 0, 1
(11,7), 0, 1
(11,13), 0, 1
(11,16), 0, 1
(11,23), 0, 1
(11,29), 0, 1
(11,31), 0, 1
(11,33), 0, 1
(11,37), 0, 1
(11,42), 0, 1
(11,46), 0, 1
(13,1), 0, 1
(13,2), 0, 1
(13,3), 0, 1
(13,4), 0, 1
(13,23), 0, 1
(13,29), 0, 1
(13,31), 0, 1
(13,41), 0, 1
(13,42), 0, 1
(14,27), 0, 1
(14,37), 0, 1
(14,41), 0, 1
(15,1), 0, 1
(15,9), 0, 1
(15,13), 0, 1
(15,16), 0, 1
(15,18), 0, 1
(15,23), 0, 1
(15,29), 0, 1
(15,31), 0, 1
(15,33), 0, 1
(15,37), 0, 1
(15,41), 0, 1
(15,42), 0, 1
(15,44), 0, 1
(16,41), 0, 1
(17,1), 0, 1
(17,29), 0, 1
(17,31), 0, 1
(18,1), 0, 1
(18,4), 0, 1
(18,8), 0, 1
(18,10), 0, 1
(18,11), 0, 1
(18,13), 0, 1
(18,16), 0, 1
(18,24), 0, 1
(18,26), 0, 1
(18,29), 0, 1
(18,31), 0, 1
(18,33), 0, 1
(18,41), 0, 1
(18,46), 0, 1
(19,0), 0, 1
(19,1), 0, 1
(20,1), 0, 1
(20,4), 0, 1
(20,6), 0, 1
(20,13), 0, 1
(20,14), 0, 1
(20,16), 0, 1
(20,23), 0, 1
(20,28), 0, 1
(20,29), 0, 1
(20,31), 0, 1
(20,33), 0, 1
(20,41), 0, 1
(21,1), 0, 1
(21,4), 0, 1
(21,6), 0, 1
(21,8), 0, 1
(21,10), 0, 1
(21,13), 0, 1
(21,16), 0, 1
(21,23), 0, 1
(21,29), 0, 1
(21,31), 0, 1
(21,33), 0, 1
(21,37), 0, 1
(21,41), 0, 1
(22,0), 0, 1
(22,29), 0, 1
(22,30), 0, 1
(22,31), 0, 1
(23,1), 0, 1
(23,8), 0, 1
(23,29), 0, 1
(23,30), 0, 1
(23,31), 0, 1
(24,1), 0, 1
(24,4), 0, 1
(24,7), 0, 1
(24,13), 0, 1
(24,16), 0, 1
(24,23), 0, 1
(24,26), 0, 1
(24,28), 0, 1
(24,29), 0, 1
(24,31), 0, 1
(24,33), 0, 1
(24,43), 0, 1
(25,1), 0, 1
(25,4), 0, 1
(25,10), 0, 1
(25,11), 0, 1
(25,13), 0, 1
(25,23), 0, 1
(25,28), 0, 1
(25,29), 0, 1
(25,31), 0, 1
(25,33), 0, 1
(25,41), 0, 1
(25,43), 0, 1
(26,1), 0, 1
(26,4), 0, 1
(26,5), 0, 1
(26,11), 0, 1
(26,13), 0, 1
(26,16), 0, 1
(26,23), 0, 1
(26,29), 0, 1
(26,31), 0, 1
(26,33), 0, 1
(26,42), 0, 1
(27,4), 0, 1
(27,5), 0, 1
(27,6), 0, 1
(27,13), 0, 1
(27,16), 0, 1
(27,23), 0, 1
(27,29), 0, 1
(27,31), 0, 1
(27,33), 0, 1
(27,35), 0, 1
(27,36), 0, 1
(27,41), 0, 1
(27,42), 0, 1
(27,43), 0, 1
(28,1), 0, 1
(28,11), 0, 1
(28,12), 0, 1
(28,25), 0, 1
(28,29), 0, 1
(28,31), 0, 1
(28,38), 0, 1
(32,27), 0, 1
(32,41), 0, 1
(33,1), 0, 1
(33,8), 0, 1
(33,29), 0, 1
(34,0), 0, 1
(34,1), 0, 1
(34,29), 0, 1
(34,31), 0, 1
(34,45), 0, 1
(35,0), 0, 1
(35,1), 0, 1
(35,8), 0, 1
(35,11), 0, 1
(35,12), 0, 1
(35,31), 0, 1
(36,4), 0, 1
(36,9), 0, 1
(36,13), 0, 1
(36,16), 0, 1
(36,19), 0, 1
(36,23), 0, 1
(36,25), 0, 1
(36,27), 0, 1
(36,29), 0, 1
(36,31), 0, 1
(36,33), 0, 1
(36,35), 0, 1
(36,38), 0, 1
(36,41), 0, 1
(37,1), 0, 1
(37,4), 0, 1
(37,13), 0, 1
(37,16), 0, 1
(37,17), 0, 1
(37,23), 0, 1
(37,29), 0, 1
(37,31), 0, 1
(37,33), 0, 1
(37,38), 0, 1
(37,41), 0, 1
(37,45), 0, 1
(38,1), 0, 1
(38,4), 0, 1
(38,6), 0, 1
(38,9), 0, 1
(38,13), 0, 1
(38,16), 0, 1
(38,23), 0, 1
(38,24), 0, 1
(38,25), 0, 1
(38,29), 0, 1
(38,31), 0, 1
(38,33), 0, 1
(38,39), 0, 1
(39,1), 0, 1
(39,8), 0, 1
(39,11), 0, 1
(39,29), 0, 1
(39,31), 0, 1
(40,1), 0, 1
(40,4), 0, 1
(40,13), 0, 1
(40,15), 0, 1
(40,16), 0, 1
(40,19), 0, 1
(40,23), 0, 1
(40,29), 0, 1
(40,31), 0, 1
(40,41), 0, 1
(40,43), 0, 1
(41,1), 0, 1
(41,29), 0, 1
(41,31), 0, 1
(43,1), 0, 1
(43,29), 0, 1
(43,31), 0, 1
(43,38), 0, 1
(44,0), 0, 1
(44,1), 0, 1
(44,4), 0, 1
(44,8), 0, 1
(44,13), 0, 1
(44,16), 0, 1
(44,25), 0, 1
(44,29), 0, 1
(44,31), 0, 1
(44,33), 0, 1
(44,45), 0, 1
(45,1), 0, 1
(45,6), 0, 1
(45,13), 0, 1
(45,16), 0, 1
(45,19), 0, 1
(45,23), 0, 1
(45,27), 0, 1
(45,29), 0, 1
(45,31), 0, 1
(45,33), 0, 1
(45,41), 0, 1
(46,27), 0, 1
(46,41), 0, 1
(47,1), 0, 1
(47,29), 0, 1
(47,31), 0, 1
(48,1), 0, 1
(48,29), 0, 1
(48,31), 0, 1
(48,38), 0, 1
(48,45), 0, 1
(49,41), 0, 1
