Nr_Pairs = 47
Nr_NDD = 3
Nr_Arcs = 262
0	0.89
1	0.89
2	0.89
3	0.89
4	0.89
5	0.11
6	0.11
7	0.89
8	0.89
9	0.89
10	0.89
11	0.89
12	0.89
13	0.89
14	0.89
15	0.89
16	0.89
17	0.89
18	0.89
19	0.11
20	0.89
21	0.89
22	0.89
23	0.89
24	0.89
25	0.89
26	0.89
27	0.89
28	0.89
29	0.89
30	0.89
31	0.11
32	0.89
33	0.89
34	0.89
35	0.89
36	0.89
37	0.89
38	0.11
39	0.89
40	0.89
41	0.89
42	0.89
43	0.89
44	0.89
45	0.89
46	0.89
47	0.0
48	0.0
49	0.0
(0,5), 0, 1
(0,19), 0, 1
(0,21), 0, 1
(0,25), 0, 1
(0,29), 0, 1
(0,31), 0, 1
(0,44), 0, 1
(2,5), 0, 1
(2,6), 0, 1
(2,12), 0, 1
(2,19), 0, 1
(2,20), 0, 1
(2,31), 0, 1
(2,38), 0, 1
(2,45), 0, 1
(3,5), 0, 1
(3,6), 0, 1
(3,9), 0, 1
(3,19), 0, 1
(3,31), 0, 1
(3,38), 0, 1
(3,39), 0, 1
(3,41), 0, 1
(4,2), 0, 1
(4,5), 0, 1
(4,6), 0, 1
(4,12), 0, 1
(4,19), 0, 1
(4,22), 0, 1
(4,25), 0, 1
(4,31), 0, 1
(4,38), 0, 1
(4,45), 0, 1
(5,9), 0, 1
(5,23), 0, 1
(5,39), 0, 1
(6,39), 0, 1
(7,2), 0, 1
(7,5), 0, 1
(7,6), 0, 1
(7,12), 0, 1
(7,17), 0, 1
(7,19), 0, 1
(7,31), 0, 1
(7,33), 0, 1
(7,35), 0, 1
(7,38), 0, 1
(7,41), 0, 1
(9,5), 0, 1
(9,6), 0, 1
(9,7), 0, 1
(9,20), 0, 1
(9,30), 0, 1
(9,31), 0, 1
(9,38), 0, 1
(9,39), 0, 1
(9,40), 0, 1
(10,9), 0, 1
(10,23), 0, 1
(10,30), 0, 1
(13,23), 0, 1
(14,1), 0, 1
(14,5), 0, 1
(14,6), 0, 1
(14,19), 0, 1
(14,38), 0, 1
(14,46), 0, 1
(15,6), 0, 1
(15,8), 0, 1
(15,9), 0, 1
(15,12), 0, 1
(15,19), 0, 1
(15,20), 0, 1
(15,21), 0, 1
(15,31), 0, 1
(15,38), 0, 1
(15,43), 0, 1
(16,5), 0, 1
(16,6), 0, 1
(16,19), 0, 1
(16,30), 0, 1
(16,31), 0, 1
(16,33), 0, 1
(16,38), 0, 1
(16,46), 0, 1
(17,2), 0, 1
(17,5), 0, 1
(17,6), 0, 1
(17,8), 0, 1
(17,12), 0, 1
(17,19), 0, 1
(17,22), 0, 1
(17,24), 0, 1
(17,25), 0, 1
(17,28), 0, 1
(17,31), 0, 1
(17,33), 0, 1
(17,38), 0, 1
(17,40), 0, 1
(17,44), 0, 1
(17,45), 0, 1
(18,5), 0, 1
(18,6), 0, 1
(18,19), 0, 1
(18,21), 0, 1
(18,23), 0, 1
(18,29), 0, 1
(18,31), 0, 1
(18,38), 0, 1
(20,4), 0, 1
(20,5), 0, 1
(20,6), 0, 1
(20,19), 0, 1
(20,30), 0, 1
(20,31), 0, 1
(20,35), 0, 1
(20,38), 0, 1
(21,5), 0, 1
(21,6), 0, 1
(21,13), 0, 1
(21,19), 0, 1
(21,23), 0, 1
(21,31), 0, 1
(21,38), 0, 1
(21,45), 0, 1
(22,5), 0, 1
(22,18), 0, 1
(22,19), 0, 1
(22,21), 0, 1
(22,31), 0, 1
(22,38), 0, 1
(23,4), 0, 1
(23,6), 0, 1
(23,12), 0, 1
(23,13), 0, 1
(23,14), 0, 1
(23,19), 0, 1
(23,28), 0, 1
(23,30), 0, 1
(23,31), 0, 1
(23,33), 0, 1
(23,38), 0, 1
(23,40), 0, 1
(23,42), 0, 1
(24,5), 0, 1
(24,6), 0, 1
(24,7), 0, 1
(24,8), 0, 1
(24,9), 0, 1
(24,13), 0, 1
(24,30), 0, 1
(24,38), 0, 1
(25,19), 0, 1
(26,4), 0, 1
(26,5), 0, 1
(26,18), 0, 1
(26,19), 0, 1
(26,27), 0, 1
(26,31), 0, 1
(27,19), 0, 1
(27,34), 0, 1
(28,39), 0, 1
(29,23), 0, 1
(29,25), 0, 1
(33,30), 0, 1
(33,40), 0, 1
(34,0), 0, 1
(34,17), 0, 1
(34,39), 0, 1
(34,44), 0, 1
(35,2), 0, 1
(35,5), 0, 1
(35,6), 0, 1
(35,12), 0, 1
(35,21), 0, 1
(35,23), 0, 1
(35,26), 0, 1
(35,28), 0, 1
(35,31), 0, 1
(35,38), 0, 1
(35,41), 0, 1
(35,44), 0, 1
(36,40), 0, 1
(37,5), 0, 1
(37,6), 0, 1
(37,8), 0, 1
(37,19), 0, 1
(37,28), 0, 1
(37,29), 0, 1
(37,31), 0, 1
(37,38), 0, 1
(37,42), 0, 1
(37,43), 0, 1
(39,19), 0, 1
(40,39), 0, 1
(41,5), 0, 1
(41,6), 0, 1
(41,11), 0, 1
(41,15), 0, 1
(41,16), 0, 1
(41,19), 0, 1
(41,25), 0, 1
(41,31), 0, 1
(41,38), 0, 1
(41,45), 0, 1
(42,3), 0, 1
(42,5), 0, 1
(42,19), 0, 1
(42,20), 0, 1
(42,23), 0, 1
(42,25), 0, 1
(42,31), 0, 1
(42,38), 0, 1
(42,44), 0, 1
(43,5), 0, 1
(43,6), 0, 1
(43,19), 0, 1
(43,31), 0, 1
(43,38), 0, 1
(45,25), 0, 1
(46,0), 0, 1
(46,1), 0, 1
(46,5), 0, 1
(46,6), 0, 1
(46,7), 0, 1
(46,15), 0, 1
(46,19), 0, 1
(46,31), 0, 1
(46,33), 0, 1
(46,34), 0, 1
(46,38), 0, 1
(46,45), 0, 1
(47,4), 0, 1
(47,5), 0, 1
(47,6), 0, 1
(47,7), 0, 1
(47,13), 0, 1
(47,16), 0, 1
(47,19), 0, 1
(47,22), 0, 1
(47,31), 0, 1
(47,32), 0, 1
(47,34), 0, 1
(47,38), 0, 1
(47,39), 0, 1
(47,44), 0, 1
(48,5), 0, 1
(48,6), 0, 1
(48,19), 0, 1
(48,26), 0, 1
(48,31), 0, 1
(48,34), 0, 1
(48,38), 0, 1
(49,5), 0, 1
(49,6), 0, 1
(49,10), 0, 1
(49,19), 0, 1
(49,28), 0, 1
(49,35), 0, 1
(49,38), 0, 1
(49,42), 0, 1
(49,46), 0, 1
