Nr_Pairs = 49
Nr_NDD = 1
Nr_Arcs = 671
0	0.28
1	0.5
2	0.28
3	0.90
4	0.90
5	0.28
6	0.32
7	0.28
8	0.28
9	0.28
10	0.5
11	0.90
12	0.5
13	0.10
14	0.10
15	0.5
16	0.10
17	0.10
18	0.5
19	0.92
20	0.28
21	0.5
22	0.32
23	0.28
24	0.5
25	0.28
26	0.28
27	0.5
28	0.10
29	0.5
30	0.28
31	0.28
32	0.5
33	0.90
34	0.28
35	0.28
36	0.5
37	0.90
38	0.5
39	0.10
40	0.5
41	0.5
42	0.90
43	0.5
44	0.92
45	0.5
46	0.5
47	0.28
48	0.5
49	0.0
(0,2), 0, 1
(0,8), 0, 1
(0,13), 0, 1
(0,14), 0, 1
(0,17), 0, 1
(0,26), 0, 1
(0,34), 0, 1
(0,40), 0, 1
(0,41), 0, 1
(0,45), 0, 1
(0,48), 0, 1
(1,2), 0, 1
(1,13), 0, 1
(1,14), 0, 1
(1,17), 0, 1
(1,26), 0, 1
(1,40), 0, 1
(1,41), 0, 1
(1,45), 0, 1
(1,48), 0, 1
(2,8), 0, 1
(2,13), 0, 1
(2,14), 0, 1
(2,17), 0, 1
(2,22), 0, 1
(2,40), 0, 1
(2,41), 0, 1
(2,45), 0, 1
(3,0), 0, 1
(3,1), 0, 1
(3,8), 0, 1
(3,10), 0, 1
(3,12), 0, 1
(3,13), 0, 1
(3,14), 0, 1
(3,15), 0, 1
(3,16), 0, 1
(3,17), 0, 1
(3,18), 0, 1
(3,21), 0, 1
(3,24), 0, 1
(3,25), 0, 1
(3,26), 0, 1
(3,27), 0, 1
(3,28), 0, 1
(3,29), 0, 1
(3,30), 0, 1
(3,31), 0, 1
(3,32), 0, 1
(3,34), 0, 1
(3,35), 0, 1
(3,36), 0, 1
(3,38), 0, 1
(3,39), 0, 1
(3,40), 0, 1
(3,41), 0, 1
(3,43), 0, 1
(3,45), 0, 1
(3,46), 0, 1
(3,48), 0, 1
(4,0), 0, 1
(4,1), 0, 1
(4,2), 0, 1
(4,9), 0, 1
(4,10), 0, 1
(4,12), 0, 1
(4,13), 0, 1
(4,14), 0, 1
(4,15), 0, 1
(4,16), 0, 1
(4,17), 0, 1
(4,18), 0, 1
(4,20), 0, 1
(4,21), 0, 1
(4,22), 0, 1
(4,24), 0, 1
(4,25), 0, 1
(4,26), 0, 1
(4,27), 0, 1
(4,28), 0, 1
(4,29), 0, 1
(4,30), 0, 1
(4,31), 0, 1
(4,32), 0, 1
(4,36), 0, 1
(4,38), 0, 1
(4,39), 0, 1
(4,40), 0, 1
(4,41), 0, 1
(4,43), 0, 1
(4,45), 0, 1
(4,46), 0, 1
(4,47), 0, 1
(4,48), 0, 1
(5,8), 0, 1
(5,13), 0, 1
(5,14), 0, 1
(5,17), 0, 1
(5,22), 0, 1
(5,26), 0, 1
(5,40), 0, 1
(5,41), 0, 1
(5,44), 0, 1
(5,45), 0, 1
(6,0), 0, 1
(6,3), 0, 1
(6,8), 0, 1
(6,32), 0, 1
(6,35), 0, 1
(7,2), 0, 1
(7,8), 0, 1
(7,13), 0, 1
(7,14), 0, 1
(7,17), 0, 1
(7,26), 0, 1
(7,33), 0, 1
(7,34), 0, 1
(7,40), 0, 1
(7,41), 0, 1
(7,45), 0, 1
(7,48), 0, 1
(8,0), 0, 1
(8,1), 0, 1
(8,2), 0, 1
(8,5), 0, 1
(8,6), 0, 1
(8,9), 0, 1
(8,10), 0, 1
(8,13), 0, 1
(8,14), 0, 1
(8,15), 0, 1
(8,16), 0, 1
(8,17), 0, 1
(8,18), 0, 1
(8,20), 0, 1
(8,21), 0, 1
(8,24), 0, 1
(8,25), 0, 1
(8,26), 0, 1
(8,27), 0, 1
(8,28), 0, 1
(8,29), 0, 1
(8,31), 0, 1
(8,32), 0, 1
(8,34), 0, 1
(8,35), 0, 1
(8,36), 0, 1
(8,39), 0, 1
(8,40), 0, 1
(8,41), 0, 1
(8,43), 0, 1
(8,45), 0, 1
(8,46), 0, 1
(8,47), 0, 1
(8,48), 0, 1
(9,2), 0, 1
(9,8), 0, 1
(9,14), 0, 1
(9,17), 0, 1
(9,22), 0, 1
(9,40), 0, 1
(9,41), 0, 1
(9,45), 0, 1
(9,48), 0, 1
(10,8), 0, 1
(10,13), 0, 1
(10,14), 0, 1
(10,17), 0, 1
(10,26), 0, 1
(10,34), 0, 1
(10,40), 0, 1
(10,41), 0, 1
(10,45), 0, 1
(10,48), 0, 1
(11,0), 0, 1
(11,1), 0, 1
(11,2), 0, 1
(11,6), 0, 1
(11,7), 0, 1
(11,10), 0, 1
(11,12), 0, 1
(11,13), 0, 1
(11,14), 0, 1
(11,15), 0, 1
(11,16), 0, 1
(11,17), 0, 1
(11,18), 0, 1
(11,20), 0, 1
(11,21), 0, 1
(11,23), 0, 1
(11,24), 0, 1
(11,25), 0, 1
(11,26), 0, 1
(11,27), 0, 1
(11,28), 0, 1
(11,29), 0, 1
(11,31), 0, 1
(11,32), 0, 1
(11,34), 0, 1
(11,35), 0, 1
(11,36), 0, 1
(11,38), 0, 1
(11,39), 0, 1
(11,40), 0, 1
(11,41), 0, 1
(11,43), 0, 1
(11,45), 0, 1
(11,46), 0, 1
(11,48), 0, 1
(12,1), 0, 1
(12,2), 0, 1
(12,5), 0, 1
(12,6), 0, 1
(12,7), 0, 1
(12,8), 0, 1
(12,9), 0, 1
(12,10), 0, 1
(12,13), 0, 1
(12,16), 0, 1
(12,17), 0, 1
(12,18), 0, 1
(12,20), 0, 1
(12,22), 0, 1
(12,23), 0, 1
(12,24), 0, 1
(12,25), 0, 1
(12,27), 0, 1
(12,28), 0, 1
(12,29), 0, 1
(12,31), 0, 1
(12,32), 0, 1
(12,35), 0, 1
(12,36), 0, 1
(12,38), 0, 1
(12,39), 0, 1
(12,40), 0, 1
(12,41), 0, 1
(12,45), 0, 1
(12,46), 0, 1
(12,47), 0, 1
(12,48), 0, 1
(13,0), 0, 1
(13,3), 0, 1
(13,32), 0, 1
(13,35), 0, 1
(14,0), 0, 1
(14,8), 0, 1
(14,23), 0, 1
(14,32), 0, 1
(14,35), 0, 1
(15,14), 0, 1
(15,17), 0, 1
(15,22), 0, 1
(15,26), 0, 1
(15,34), 0, 1
(15,40), 0, 1
(15,41), 0, 1
(15,45), 0, 1
(15,48), 0, 1
(16,8), 0, 1
(16,13), 0, 1
(16,14), 0, 1
(16,17), 0, 1
(16,22), 0, 1
(16,26), 0, 1
(16,40), 0, 1
(16,41), 0, 1
(16,42), 0, 1
(16,45), 0, 1
(16,48), 0, 1
(17,8), 0, 1
(17,23), 0, 1
(17,32), 0, 1
(17,35), 0, 1
(18,8), 0, 1
(18,13), 0, 1
(18,14), 0, 1
(18,40), 0, 1
(18,41), 0, 1
(18,45), 0, 1
(18,48), 0, 1
(19,0), 0, 1
(19,1), 0, 1
(19,6), 0, 1
(19,7), 0, 1
(19,8), 0, 1
(19,9), 0, 1
(19,10), 0, 1
(19,12), 0, 1
(19,13), 0, 1
(19,14), 0, 1
(19,15), 0, 1
(19,16), 0, 1
(19,17), 0, 1
(19,18), 0, 1
(19,20), 0, 1
(19,21), 0, 1
(19,22), 0, 1
(19,23), 0, 1
(19,24), 0, 1
(19,26), 0, 1
(19,27), 0, 1
(19,28), 0, 1
(19,29), 0, 1
(19,32), 0, 1
(19,34), 0, 1
(19,35), 0, 1
(19,36), 0, 1
(19,38), 0, 1
(19,39), 0, 1
(19,40), 0, 1
(19,41), 0, 1
(19,43), 0, 1
(19,45), 0, 1
(19,46), 0, 1
(19,48), 0, 1
(20,0), 0, 1
(20,1), 0, 1
(20,7), 0, 1
(20,8), 0, 1
(20,9), 0, 1
(20,10), 0, 1
(20,12), 0, 1
(20,13), 0, 1
(20,14), 0, 1
(20,15), 0, 1
(20,17), 0, 1
(20,18), 0, 1
(20,21), 0, 1
(20,23), 0, 1
(20,24), 0, 1
(20,25), 0, 1
(20,27), 0, 1
(20,29), 0, 1
(20,30), 0, 1
(20,31), 0, 1
(20,34), 0, 1
(20,35), 0, 1
(20,37), 0, 1
(20,38), 0, 1
(20,39), 0, 1
(20,40), 0, 1
(20,41), 0, 1
(20,42), 0, 1
(20,43), 0, 1
(20,45), 0, 1
(20,46), 0, 1
(20,47), 0, 1
(20,48), 0, 1
(21,2), 0, 1
(21,5), 0, 1
(21,8), 0, 1
(21,9), 0, 1
(21,10), 0, 1
(21,12), 0, 1
(21,13), 0, 1
(21,14), 0, 1
(21,15), 0, 1
(21,16), 0, 1
(21,17), 0, 1
(21,18), 0, 1
(21,22), 0, 1
(21,23), 0, 1
(21,24), 0, 1
(21,25), 0, 1
(21,27), 0, 1
(21,29), 0, 1
(21,30), 0, 1
(21,31), 0, 1
(21,32), 0, 1
(21,33), 0, 1
(21,34), 0, 1
(21,35), 0, 1
(21,36), 0, 1
(21,38), 0, 1
(21,39), 0, 1
(21,40), 0, 1
(21,41), 0, 1
(21,45), 0, 1
(21,46), 0, 1
(21,47), 0, 1
(21,48), 0, 1
(22,0), 0, 1
(22,1), 0, 1
(22,2), 0, 1
(22,5), 0, 1
(22,7), 0, 1
(22,9), 0, 1
(22,10), 0, 1
(22,12), 0, 1
(22,13), 0, 1
(22,14), 0, 1
(22,15), 0, 1
(22,16), 0, 1
(22,17), 0, 1
(22,18), 0, 1
(22,20), 0, 1
(22,21), 0, 1
(22,23), 0, 1
(22,24), 0, 1
(22,25), 0, 1
(22,27), 0, 1
(22,28), 0, 1
(22,29), 0, 1
(22,30), 0, 1
(22,31), 0, 1
(22,32), 0, 1
(22,34), 0, 1
(22,35), 0, 1
(22,36), 0, 1
(22,38), 0, 1
(22,39), 0, 1
(22,40), 0, 1
(22,41), 0, 1
(22,43), 0, 1
(22,45), 0, 1
(22,46), 0, 1
(22,48), 0, 1
(23,2), 0, 1
(23,8), 0, 1
(23,13), 0, 1
(23,14), 0, 1
(23,17), 0, 1
(23,22), 0, 1
(23,26), 0, 1
(23,34), 0, 1
(23,40), 0, 1
(23,45), 0, 1
(23,48), 0, 1
(24,13), 0, 1
(24,14), 0, 1
(24,22), 0, 1
(24,26), 0, 1
(24,34), 0, 1
(24,40), 0, 1
(24,41), 0, 1
(24,45), 0, 1
(25,2), 0, 1
(25,8), 0, 1
(25,13), 0, 1
(25,14), 0, 1
(25,17), 0, 1
(25,22), 0, 1
(25,34), 0, 1
(25,41), 0, 1
(25,45), 0, 1
(26,8), 0, 1
(26,13), 0, 1
(26,14), 0, 1
(26,17), 0, 1
(26,22), 0, 1
(26,34), 0, 1
(26,40), 0, 1
(26,41), 0, 1
(26,45), 0, 1
(26,48), 0, 1
(27,0), 0, 1
(27,8), 0, 1
(27,23), 0, 1
(28,0), 0, 1
(28,8), 0, 1
(28,11), 0, 1
(28,32), 0, 1
(28,35), 0, 1
(29,0), 0, 1
(29,3), 0, 1
(29,8), 0, 1
(29,11), 0, 1
(29,23), 0, 1
(29,32), 0, 1
(29,35), 0, 1
(30,0), 0, 1
(30,8), 0, 1
(30,32), 0, 1
(30,35), 0, 1
(31,0), 0, 1
(31,8), 0, 1
(31,23), 0, 1
(31,32), 0, 1
(32,8), 0, 1
(32,13), 0, 1
(32,14), 0, 1
(32,17), 0, 1
(32,26), 0, 1
(32,34), 0, 1
(32,40), 0, 1
(32,41), 0, 1
(32,42), 0, 1
(32,45), 0, 1
(32,48), 0, 1
(33,0), 0, 1
(33,1), 0, 1
(33,2), 0, 1
(33,5), 0, 1
(33,6), 0, 1
(33,7), 0, 1
(33,9), 0, 1
(33,10), 0, 1
(33,12), 0, 1
(33,13), 0, 1
(33,14), 0, 1
(33,15), 0, 1
(33,16), 0, 1
(33,17), 0, 1
(33,18), 0, 1
(33,20), 0, 1
(33,21), 0, 1
(33,22), 0, 1
(33,23), 0, 1
(33,24), 0, 1
(33,26), 0, 1
(33,27), 0, 1
(33,29), 0, 1
(33,30), 0, 1
(33,32), 0, 1
(33,35), 0, 1
(33,36), 0, 1
(33,38), 0, 1
(33,39), 0, 1
(33,40), 0, 1
(33,43), 0, 1
(33,45), 0, 1
(33,46), 0, 1
(33,47), 0, 1
(33,48), 0, 1
(34,2), 0, 1
(34,14), 0, 1
(34,17), 0, 1
(34,26), 0, 1
(34,40), 0, 1
(34,41), 0, 1
(34,45), 0, 1
(34,48), 0, 1
(35,0), 0, 1
(35,1), 0, 1
(35,2), 0, 1
(35,5), 0, 1
(35,6), 0, 1
(35,7), 0, 1
(35,9), 0, 1
(35,10), 0, 1
(35,12), 0, 1
(35,13), 0, 1
(35,14), 0, 1
(35,15), 0, 1
(35,16), 0, 1
(35,17), 0, 1
(35,18), 0, 1
(35,20), 0, 1
(35,21), 0, 1
(35,22), 0, 1
(35,23), 0, 1
(35,24), 0, 1
(35,25), 0, 1
(35,26), 0, 1
(35,27), 0, 1
(35,28), 0, 1
(35,29), 0, 1
(35,31), 0, 1
(35,32), 0, 1
(35,36), 0, 1
(35,39), 0, 1
(35,40), 0, 1
(35,41), 0, 1
(35,43), 0, 1
(35,45), 0, 1
(35,48), 0, 1
(36,0), 0, 1
(36,23), 0, 1
(36,32), 0, 1
(37,2), 0, 1
(37,8), 0, 1
(37,14), 0, 1
(37,17), 0, 1
(37,22), 0, 1
(37,26), 0, 1
(37,34), 0, 1
(37,40), 0, 1
(37,41), 0, 1
(37,45), 0, 1
(37,48), 0, 1
(38,8), 0, 1
(38,13), 0, 1
(38,14), 0, 1
(38,17), 0, 1
(38,22), 0, 1
(38,34), 0, 1
(38,40), 0, 1
(38,41), 0, 1
(38,44), 0, 1
(38,45), 0, 1
(38,48), 0, 1
(39,8), 0, 1
(39,23), 0, 1
(39,32), 0, 1
(39,35), 0, 1
(40,8), 0, 1
(40,23), 0, 1
(40,32), 0, 1
(40,35), 0, 1
(41,0), 0, 1
(41,11), 0, 1
(41,23), 0, 1
(41,32), 0, 1
(41,35), 0, 1
(43,2), 0, 1
(43,13), 0, 1
(43,14), 0, 1
(43,17), 0, 1
(43,26), 0, 1
(43,33), 0, 1
(43,34), 0, 1
(43,40), 0, 1
(43,41), 0, 1
(43,45), 0, 1
(43,48), 0, 1
(44,2), 0, 1
(44,8), 0, 1
(44,13), 0, 1
(44,14), 0, 1
(44,26), 0, 1
(44,34), 0, 1
(44,40), 0, 1
(44,41), 0, 1
(44,45), 0, 1
(44,48), 0, 1
(46,0), 0, 1
(46,23), 0, 1
(46,32), 0, 1
(46,35), 0, 1
(47,0), 0, 1
(47,1), 0, 1
(47,5), 0, 1
(47,7), 0, 1
(47,8), 0, 1
(47,10), 0, 1
(47,11), 0, 1
(47,12), 0, 1
(47,13), 0, 1
(47,14), 0, 1
(47,15), 0, 1
(47,16), 0, 1
(47,17), 0, 1
(47,18), 0, 1
(47,20), 0, 1
(47,21), 0, 1
(47,23), 0, 1
(47,24), 0, 1
(47,25), 0, 1
(47,28), 0, 1
(47,29), 0, 1
(47,30), 0, 1
(47,31), 0, 1
(47,32), 0, 1
(47,35), 0, 1
(47,38), 0, 1
(47,39), 0, 1
(47,40), 0, 1
(47,41), 0, 1
(47,43), 0, 1
(47,45), 0, 1
(47,46), 0, 1
(47,48), 0, 1
(48,0), 0, 1
(48,8), 0, 1
(48,23), 0, 1
(48,32), 0, 1
(49,0), 0, 1
(49,8), 0, 1
(49,32), 0, 1
(49,35), 0, 1
