Nr_Pairs = 93
Nr_NDD = 7
Nr_Arcs = 1771
0	0.05
1	0.9
2	0.05
3	0.05
4	0.2875000000000001
5	0.05
6	0.2875000000000001
7	0.05
8	0.2875000000000001
9	0.2875000000000001
10	0.05
11	0.2875000000000001
12	0.9
13	0.2875000000000001
14	0.1
15	0.2875000000000001
16	0.9
17	0.05
18	0.925
19	0.05
20	0.2875000000000001
21	0.05
22	0.2875000000000001
23	0.05
24	0.1
25	0.05
26	0.9
27	0.1
28	0.9
29	0.05
30	0.2875000000000001
31	0.05
32	0.2875000000000001
33	0.05
34	0.9
35	0.05
36	0.1
37	0.2875000000000001
38	0.05
39	0.05
40	0.9
41	0.9
42	0.05
43	0.05
44	0.32499999999999996
45	0.05
46	0.05
47	0.1
48	0.05
49	0.1
50	0.05
51	0.925
52	0.05
53	0.05
54	0.9
55	0.9
56	0.05
57	0.1
58	0.05
59	0.1
60	0.9
61	0.05
62	0.05
63	0.2875000000000001
64	0.05
65	0.05
66	0.05
67	0.2875000000000001
68	0.9
69	0.05
70	0.05
71	0.2875000000000001
72	0.05
73	0.2875000000000001
74	0.2875000000000001
75	0.05
76	0.1
77	0.1
78	0.05
79	0.05
80	0.05
81	0.32499999999999996
82	0.05
83	0.9
84	0.2875000000000001
85	0.05
86	0.05
87	0.05
88	0.2875000000000001
89	0.05
90	0.2875000000000001
91	0.9
92	0.32499999999999996
93	0.0
94	0.0
95	0.0
96	0.0
97	0.0
98	0.0
99	0.0
(0,19), 0, 1
(0,29), 0, 1
(0,45), 0, 1
(0,72), 0, 1
(0,89), 0, 1
(0,90), 0, 1
(1,19), 0, 1
(1,29), 0, 1
(1,53), 0, 1
(1,72), 0, 1
(1,89), 0, 1
(1,90), 0, 1
(2,9), 0, 1
(2,19), 0, 1
(2,29), 0, 1
(2,40), 0, 1
(2,45), 0, 1
(2,53), 0, 1
(2,72), 0, 1
(2,89), 0, 1
(2,90), 0, 1
(3,19), 0, 1
(3,29), 0, 1
(3,34), 0, 1
(3,45), 0, 1
(3,53), 0, 1
(3,72), 0, 1
(3,89), 0, 1
(3,90), 0, 1
(4,9), 0, 1
(4,19), 0, 1
(4,29), 0, 1
(4,53), 0, 1
(4,72), 0, 1
(4,89), 0, 1
(4,90), 0, 1
(5,3), 0, 1
(5,4), 0, 1
(5,8), 0, 1
(5,22), 0, 1
(5,24), 0, 1
(5,34), 0, 1
(5,42), 0, 1
(5,50), 0, 1
(5,62), 0, 1
(6,3), 0, 1
(6,4), 0, 1
(6,8), 0, 1
(6,30), 0, 1
(6,42), 0, 1
(6,43), 0, 1
(6,50), 0, 1
(6,62), 0, 1
(8,0), 0, 1
(8,1), 0, 1
(8,2), 0, 1
(8,3), 0, 1
(8,4), 0, 1
(8,5), 0, 1
(8,6), 0, 1
(8,7), 0, 1
(8,11), 0, 1
(8,13), 0, 1
(8,14), 0, 1
(8,17), 0, 1
(8,19), 0, 1
(8,20), 0, 1
(8,21), 0, 1
(8,22), 0, 1
(8,23), 0, 1
(8,24), 0, 1
(8,25), 0, 1
(8,27), 0, 1
(8,29), 0, 1
(8,30), 0, 1
(8,31), 0, 1
(8,32), 0, 1
(8,33), 0, 1
(8,35), 0, 1
(8,36), 0, 1
(8,38), 0, 1
(8,39), 0, 1
(8,42), 0, 1
(8,43), 0, 1
(8,44), 0, 1
(8,45), 0, 1
(8,46), 0, 1
(8,47), 0, 1
(8,48), 0, 1
(8,50), 0, 1
(8,52), 0, 1
(8,53), 0, 1
(8,55), 0, 1
(8,56), 0, 1
(8,57), 0, 1
(8,58), 0, 1
(8,59), 0, 1
(8,61), 0, 1
(8,62), 0, 1
(8,63), 0, 1
(8,64), 0, 1
(8,65), 0, 1
(8,66), 0, 1
(8,67), 0, 1
(8,70), 0, 1
(8,71), 0, 1
(8,72), 0, 1
(8,75), 0, 1
(8,76), 0, 1
(8,77), 0, 1
(8,78), 0, 1
(8,79), 0, 1
(8,80), 0, 1
(8,81), 0, 1
(8,85), 0, 1
(8,86), 0, 1
(8,87), 0, 1
(8,89), 0, 1
(8,90), 0, 1
(9,0), 0, 1
(9,2), 0, 1
(9,3), 0, 1
(9,4), 0, 1
(9,5), 0, 1
(9,7), 0, 1
(9,8), 0, 1
(9,10), 0, 1
(9,11), 0, 1
(9,13), 0, 1
(9,15), 0, 1
(9,17), 0, 1
(9,19), 0, 1
(9,21), 0, 1
(9,23), 0, 1
(9,24), 0, 1
(9,25), 0, 1
(9,27), 0, 1
(9,29), 0, 1
(9,30), 0, 1
(9,32), 0, 1
(9,33), 0, 1
(9,35), 0, 1
(9,36), 0, 1
(9,37), 0, 1
(9,38), 0, 1
(9,39), 0, 1
(9,42), 0, 1
(9,43), 0, 1
(9,45), 0, 1
(9,46), 0, 1
(9,47), 0, 1
(9,48), 0, 1
(9,49), 0, 1
(9,50), 0, 1
(9,52), 0, 1
(9,53), 0, 1
(9,56), 0, 1
(9,57), 0, 1
(9,58), 0, 1
(9,59), 0, 1
(9,61), 0, 1
(9,62), 0, 1
(9,63), 0, 1
(9,64), 0, 1
(9,65), 0, 1
(9,66), 0, 1
(9,67), 0, 1
(9,69), 0, 1
(9,70), 0, 1
(9,72), 0, 1
(9,73), 0, 1
(9,74), 0, 1
(9,75), 0, 1
(9,76), 0, 1
(9,78), 0, 1
(9,79), 0, 1
(9,80), 0, 1
(9,82), 0, 1
(9,85), 0, 1
(9,86), 0, 1
(9,87), 0, 1
(9,88), 0, 1
(9,89), 0, 1
(9,90), 0, 1
(9,91), 0, 1
(9,92), 0, 1
(10,9), 0, 1
(10,19), 0, 1
(10,29), 0, 1
(10,45), 0, 1
(10,53), 0, 1
(10,72), 0, 1
(10,89), 0, 1
(11,9), 0, 1
(11,19), 0, 1
(11,29), 0, 1
(11,53), 0, 1
(11,72), 0, 1
(11,89), 0, 1
(11,90), 0, 1
(13,9), 0, 1
(13,19), 0, 1
(13,29), 0, 1
(13,45), 0, 1
(13,53), 0, 1
(13,72), 0, 1
(13,90), 0, 1
(14,3), 0, 1
(14,4), 0, 1
(14,22), 0, 1
(14,24), 0, 1
(14,42), 0, 1
(14,43), 0, 1
(14,60), 0, 1
(14,62), 0, 1
(15,9), 0, 1
(15,19), 0, 1
(15,29), 0, 1
(15,45), 0, 1
(15,72), 0, 1
(15,89), 0, 1
(16,19), 0, 1
(16,29), 0, 1
(16,53), 0, 1
(16,72), 0, 1
(16,89), 0, 1
(16,90), 0, 1
(17,19), 0, 1
(17,29), 0, 1
(17,45), 0, 1
(17,53), 0, 1
(17,72), 0, 1
(17,89), 0, 1
(17,90), 0, 1
(18,0), 0, 1
(18,2), 0, 1
(18,3), 0, 1
(18,4), 0, 1
(18,5), 0, 1
(18,6), 0, 1
(18,7), 0, 1
(18,8), 0, 1
(18,9), 0, 1
(18,10), 0, 1
(18,13), 0, 1
(18,14), 0, 1
(18,15), 0, 1
(18,17), 0, 1
(18,19), 0, 1
(18,20), 0, 1
(18,21), 0, 1
(18,22), 0, 1
(18,23), 0, 1
(18,24), 0, 1
(18,27), 0, 1
(18,29), 0, 1
(18,30), 0, 1
(18,31), 0, 1
(18,32), 0, 1
(18,33), 0, 1
(18,35), 0, 1
(18,36), 0, 1
(18,37), 0, 1
(18,39), 0, 1
(18,42), 0, 1
(18,43), 0, 1
(18,44), 0, 1
(18,45), 0, 1
(18,46), 0, 1
(18,48), 0, 1
(18,49), 0, 1
(18,50), 0, 1
(18,51), 0, 1
(18,52), 0, 1
(18,53), 0, 1
(18,56), 0, 1
(18,57), 0, 1
(18,58), 0, 1
(18,59), 0, 1
(18,61), 0, 1
(18,62), 0, 1
(18,64), 0, 1
(18,65), 0, 1
(18,66), 0, 1
(18,67), 0, 1
(18,69), 0, 1
(18,70), 0, 1
(18,72), 0, 1
(18,73), 0, 1
(18,74), 0, 1
(18,75), 0, 1
(18,77), 0, 1
(18,78), 0, 1
(18,79), 0, 1
(18,80), 0, 1
(18,81), 0, 1
(18,82), 0, 1
(18,84), 0, 1
(18,85), 0, 1
(18,86), 0, 1
(18,87), 0, 1
(18,88), 0, 1
(18,89), 0, 1
(18,90), 0, 1
(19,3), 0, 1
(19,4), 0, 1
(19,8), 0, 1
(19,22), 0, 1
(19,24), 0, 1
(19,30), 0, 1
(19,42), 0, 1
(19,43), 0, 1
(19,50), 0, 1
(19,62), 0, 1
(20,9), 0, 1
(20,12), 0, 1
(20,19), 0, 1
(20,29), 0, 1
(20,53), 0, 1
(20,72), 0, 1
(20,89), 0, 1
(20,90), 0, 1
(21,19), 0, 1
(21,29), 0, 1
(21,45), 0, 1
(21,53), 0, 1
(21,72), 0, 1
(21,89), 0, 1
(21,90), 0, 1
(23,3), 0, 1
(23,4), 0, 1
(23,8), 0, 1
(23,22), 0, 1
(23,30), 0, 1
(23,42), 0, 1
(23,43), 0, 1
(23,50), 0, 1
(24,9), 0, 1
(24,19), 0, 1
(24,29), 0, 1
(24,45), 0, 1
(24,53), 0, 1
(24,72), 0, 1
(24,89), 0, 1
(24,90), 0, 1
(26,0), 0, 1
(26,2), 0, 1
(26,3), 0, 1
(26,4), 0, 1
(26,5), 0, 1
(26,6), 0, 1
(26,7), 0, 1
(26,9), 0, 1
(26,10), 0, 1
(26,13), 0, 1
(26,14), 0, 1
(26,15), 0, 1
(26,17), 0, 1
(26,19), 0, 1
(26,20), 0, 1
(26,21), 0, 1
(26,22), 0, 1
(26,23), 0, 1
(26,24), 0, 1
(26,25), 0, 1
(26,27), 0, 1
(26,29), 0, 1
(26,31), 0, 1
(26,32), 0, 1
(26,33), 0, 1
(26,35), 0, 1
(26,36), 0, 1
(26,37), 0, 1
(26,38), 0, 1
(26,39), 0, 1
(26,42), 0, 1
(26,43), 0, 1
(26,44), 0, 1
(26,45), 0, 1
(26,46), 0, 1
(26,47), 0, 1
(26,48), 0, 1
(26,49), 0, 1
(26,50), 0, 1
(26,52), 0, 1
(26,53), 0, 1
(26,56), 0, 1
(26,57), 0, 1
(26,58), 0, 1
(26,59), 0, 1
(26,62), 0, 1
(26,63), 0, 1
(26,64), 0, 1
(26,65), 0, 1
(26,66), 0, 1
(26,67), 0, 1
(26,69), 0, 1
(26,70), 0, 1
(26,71), 0, 1
(26,73), 0, 1
(26,74), 0, 1
(26,75), 0, 1
(26,76), 0, 1
(26,77), 0, 1
(26,78), 0, 1
(26,79), 0, 1
(26,80), 0, 1
(26,81), 0, 1
(26,82), 0, 1
(26,84), 0, 1
(26,85), 0, 1
(26,86), 0, 1
(26,87), 0, 1
(26,88), 0, 1
(26,89), 0, 1
(26,90), 0, 1
(26,92), 0, 1
(27,0), 0, 1
(27,2), 0, 1
(27,3), 0, 1
(27,5), 0, 1
(27,6), 0, 1
(27,7), 0, 1
(27,8), 0, 1
(27,9), 0, 1
(27,10), 0, 1
(27,11), 0, 1
(27,13), 0, 1
(27,15), 0, 1
(27,17), 0, 1
(27,19), 0, 1
(27,20), 0, 1
(27,21), 0, 1
(27,23), 0, 1
(27,25), 0, 1
(27,29), 0, 1
(27,30), 0, 1
(27,31), 0, 1
(27,32), 0, 1
(27,33), 0, 1
(27,35), 0, 1
(27,36), 0, 1
(27,38), 0, 1
(27,39), 0, 1
(27,41), 0, 1
(27,42), 0, 1
(27,43), 0, 1
(27,44), 0, 1
(27,45), 0, 1
(27,46), 0, 1
(27,48), 0, 1
(27,49), 0, 1
(27,50), 0, 1
(27,52), 0, 1
(27,53), 0, 1
(27,56), 0, 1
(27,57), 0, 1
(27,58), 0, 1
(27,61), 0, 1
(27,62), 0, 1
(27,63), 0, 1
(27,64), 0, 1
(27,66), 0, 1
(27,67), 0, 1
(27,68), 0, 1
(27,69), 0, 1
(27,70), 0, 1
(27,71), 0, 1
(27,72), 0, 1
(27,73), 0, 1
(27,74), 0, 1
(27,75), 0, 1
(27,77), 0, 1
(27,78), 0, 1
(27,79), 0, 1
(27,80), 0, 1
(27,81), 0, 1
(27,82), 0, 1
(27,84), 0, 1
(27,85), 0, 1
(27,86), 0, 1
(27,87), 0, 1
(27,88), 0, 1
(27,89), 0, 1
(27,92), 0, 1
(28,9), 0, 1
(28,19), 0, 1
(28,29), 0, 1
(28,40), 0, 1
(28,45), 0, 1
(28,53), 0, 1
(28,89), 0, 1
(29,3), 0, 1
(29,4), 0, 1
(29,22), 0, 1
(29,24), 0, 1
(29,30), 0, 1
(29,42), 0, 1
(29,43), 0, 1
(29,50), 0, 1
(30,19), 0, 1
(30,29), 0, 1
(30,34), 0, 1
(30,45), 0, 1
(30,53), 0, 1
(30,72), 0, 1
(30,89), 0, 1
(30,90), 0, 1
(31,3), 0, 1
(31,8), 0, 1
(31,42), 0, 1
(31,43), 0, 1
(31,50), 0, 1
(31,60), 0, 1
(31,62), 0, 1
(32,9), 0, 1
(32,19), 0, 1
(32,29), 0, 1
(32,45), 0, 1
(32,53), 0, 1
(32,72), 0, 1
(32,89), 0, 1
(33,3), 0, 1
(33,4), 0, 1
(33,8), 0, 1
(33,18), 0, 1
(33,22), 0, 1
(33,24), 0, 1
(33,30), 0, 1
(33,42), 0, 1
(33,43), 0, 1
(33,50), 0, 1
(33,62), 0, 1
(34,0), 0, 1
(34,2), 0, 1
(34,3), 0, 1
(34,4), 0, 1
(34,5), 0, 1
(34,6), 0, 1
(34,7), 0, 1
(34,8), 0, 1
(34,9), 0, 1
(34,10), 0, 1
(34,11), 0, 1
(34,14), 0, 1
(34,17), 0, 1
(34,19), 0, 1
(34,20), 0, 1
(34,21), 0, 1
(34,22), 0, 1
(34,23), 0, 1
(34,24), 0, 1
(34,25), 0, 1
(34,26), 0, 1
(34,27), 0, 1
(34,29), 0, 1
(34,31), 0, 1
(34,32), 0, 1
(34,33), 0, 1
(34,36), 0, 1
(34,37), 0, 1
(34,39), 0, 1
(34,42), 0, 1
(34,43), 0, 1
(34,44), 0, 1
(34,45), 0, 1
(34,46), 0, 1
(34,47), 0, 1
(34,48), 0, 1
(34,49), 0, 1
(34,50), 0, 1
(34,52), 0, 1
(34,53), 0, 1
(34,56), 0, 1
(34,57), 0, 1
(34,58), 0, 1
(34,59), 0, 1
(34,61), 0, 1
(34,62), 0, 1
(34,63), 0, 1
(34,64), 0, 1
(34,65), 0, 1
(34,66), 0, 1
(34,67), 0, 1
(34,69), 0, 1
(34,70), 0, 1
(34,71), 0, 1
(34,72), 0, 1
(34,73), 0, 1
(34,74), 0, 1
(34,75), 0, 1
(34,76), 0, 1
(34,77), 0, 1
(34,78), 0, 1
(34,82), 0, 1
(34,84), 0, 1
(34,85), 0, 1
(34,86), 0, 1
(34,87), 0, 1
(34,89), 0, 1
(34,90), 0, 1
(34,91), 0, 1
(34,92), 0, 1
(35,0), 0, 1
(35,2), 0, 1
(35,3), 0, 1
(35,5), 0, 1
(35,7), 0, 1
(35,8), 0, 1
(35,9), 0, 1
(35,10), 0, 1
(35,11), 0, 1
(35,13), 0, 1
(35,17), 0, 1
(35,19), 0, 1
(35,21), 0, 1
(35,23), 0, 1
(35,25), 0, 1
(35,27), 0, 1
(35,29), 0, 1
(35,31), 0, 1
(35,32), 0, 1
(35,33), 0, 1
(35,36), 0, 1
(35,38), 0, 1
(35,39), 0, 1
(35,42), 0, 1
(35,43), 0, 1
(35,44), 0, 1
(35,46), 0, 1
(35,47), 0, 1
(35,48), 0, 1
(35,50), 0, 1
(35,52), 0, 1
(35,53), 0, 1
(35,56), 0, 1
(35,57), 0, 1
(35,58), 0, 1
(35,59), 0, 1
(35,61), 0, 1
(35,62), 0, 1
(35,63), 0, 1
(35,64), 0, 1
(35,65), 0, 1
(35,66), 0, 1
(35,67), 0, 1
(35,69), 0, 1
(35,70), 0, 1
(35,71), 0, 1
(35,72), 0, 1
(35,73), 0, 1
(35,75), 0, 1
(35,76), 0, 1
(35,77), 0, 1
(35,78), 0, 1
(35,79), 0, 1
(35,80), 0, 1
(35,82), 0, 1
(35,84), 0, 1
(35,85), 0, 1
(35,86), 0, 1
(35,87), 0, 1
(35,88), 0, 1
(35,89), 0, 1
(35,90), 0, 1
(35,92), 0, 1
(36,0), 0, 1
(36,2), 0, 1
(36,3), 0, 1
(36,4), 0, 1
(36,5), 0, 1
(36,6), 0, 1
(36,7), 0, 1
(36,8), 0, 1
(36,9), 0, 1
(36,10), 0, 1
(36,11), 0, 1
(36,13), 0, 1
(36,14), 0, 1
(36,15), 0, 1
(36,17), 0, 1
(36,19), 0, 1
(36,20), 0, 1
(36,21), 0, 1
(36,23), 0, 1
(36,24), 0, 1
(36,25), 0, 1
(36,27), 0, 1
(36,29), 0, 1
(36,31), 0, 1
(36,32), 0, 1
(36,35), 0, 1
(36,37), 0, 1
(36,38), 0, 1
(36,39), 0, 1
(36,42), 0, 1
(36,43), 0, 1
(36,44), 0, 1
(36,45), 0, 1
(36,46), 0, 1
(36,47), 0, 1
(36,48), 0, 1
(36,49), 0, 1
(36,50), 0, 1
(36,52), 0, 1
(36,53), 0, 1
(36,56), 0, 1
(36,57), 0, 1
(36,59), 0, 1
(36,61), 0, 1
(36,62), 0, 1
(36,63), 0, 1
(36,64), 0, 1
(36,65), 0, 1
(36,66), 0, 1
(36,67), 0, 1
(36,69), 0, 1
(36,70), 0, 1
(36,73), 0, 1
(36,75), 0, 1
(36,76), 0, 1
(36,77), 0, 1
(36,78), 0, 1
(36,79), 0, 1
(36,80), 0, 1
(36,81), 0, 1
(36,82), 0, 1
(36,84), 0, 1
(36,85), 0, 1
(36,86), 0, 1
(36,87), 0, 1
(36,88), 0, 1
(36,89), 0, 1
(36,90), 0, 1
(37,0), 0, 1
(37,2), 0, 1
(37,4), 0, 1
(37,5), 0, 1
(37,6), 0, 1
(37,7), 0, 1
(37,10), 0, 1
(37,11), 0, 1
(37,13), 0, 1
(37,14), 0, 1
(37,15), 0, 1
(37,17), 0, 1
(37,19), 0, 1
(37,20), 0, 1
(37,21), 0, 1
(37,22), 0, 1
(37,23), 0, 1
(37,24), 0, 1
(37,25), 0, 1
(37,27), 0, 1
(37,29), 0, 1
(37,30), 0, 1
(37,31), 0, 1
(37,32), 0, 1
(37,33), 0, 1
(37,35), 0, 1
(37,36), 0, 1
(37,38), 0, 1
(37,39), 0, 1
(37,42), 0, 1
(37,43), 0, 1
(37,44), 0, 1
(37,45), 0, 1
(37,46), 0, 1
(37,47), 0, 1
(37,48), 0, 1
(37,49), 0, 1
(37,50), 0, 1
(37,52), 0, 1
(37,53), 0, 1
(37,54), 0, 1
(37,55), 0, 1
(37,56), 0, 1
(37,57), 0, 1
(37,58), 0, 1
(37,59), 0, 1
(37,61), 0, 1
(37,62), 0, 1
(37,63), 0, 1
(37,65), 0, 1
(37,66), 0, 1
(37,67), 0, 1
(37,69), 0, 1
(37,70), 0, 1
(37,71), 0, 1
(37,72), 0, 1
(37,74), 0, 1
(37,75), 0, 1
(37,76), 0, 1
(37,78), 0, 1
(37,79), 0, 1
(37,80), 0, 1
(37,81), 0, 1
(37,82), 0, 1
(37,84), 0, 1
(37,85), 0, 1
(37,86), 0, 1
(37,87), 0, 1
(37,88), 0, 1
(37,89), 0, 1
(37,92), 0, 1
(38,3), 0, 1
(38,4), 0, 1
(38,8), 0, 1
(38,22), 0, 1
(38,24), 0, 1
(38,42), 0, 1
(38,43), 0, 1
(38,50), 0, 1
(38,62), 0, 1
(39,4), 0, 1
(39,8), 0, 1
(39,22), 0, 1
(39,24), 0, 1
(39,30), 0, 1
(39,42), 0, 1
(39,43), 0, 1
(39,50), 0, 1
(39,62), 0, 1
(40,3), 0, 1
(40,24), 0, 1
(40,42), 0, 1
(40,43), 0, 1
(40,50), 0, 1
(40,62), 0, 1
(41,0), 0, 1
(41,2), 0, 1
(41,3), 0, 1
(41,4), 0, 1
(41,5), 0, 1
(41,6), 0, 1
(41,7), 0, 1
(41,9), 0, 1
(41,10), 0, 1
(41,14), 0, 1
(41,17), 0, 1
(41,19), 0, 1
(41,20), 0, 1
(41,21), 0, 1
(41,22), 0, 1
(41,23), 0, 1
(41,24), 0, 1
(41,25), 0, 1
(41,27), 0, 1
(41,29), 0, 1
(41,30), 0, 1
(41,31), 0, 1
(41,32), 0, 1
(41,33), 0, 1
(41,35), 0, 1
(41,36), 0, 1
(41,37), 0, 1
(41,38), 0, 1
(41,39), 0, 1
(41,42), 0, 1
(41,43), 0, 1
(41,45), 0, 1
(41,46), 0, 1
(41,47), 0, 1
(41,48), 0, 1
(41,49), 0, 1
(41,50), 0, 1
(41,52), 0, 1
(41,56), 0, 1
(41,57), 0, 1
(41,58), 0, 1
(41,59), 0, 1
(41,61), 0, 1
(41,62), 0, 1
(41,63), 0, 1
(41,64), 0, 1
(41,65), 0, 1
(41,66), 0, 1
(41,67), 0, 1
(41,69), 0, 1
(41,70), 0, 1
(41,71), 0, 1
(41,73), 0, 1
(41,74), 0, 1
(41,76), 0, 1
(41,77), 0, 1
(41,79), 0, 1
(41,80), 0, 1
(41,82), 0, 1
(41,85), 0, 1
(41,86), 0, 1
(41,87), 0, 1
(41,88), 0, 1
(41,89), 0, 1
(42,34), 0, 1
(43,9), 0, 1
(43,12), 0, 1
(43,19), 0, 1
(43,29), 0, 1
(43,45), 0, 1
(43,53), 0, 1
(43,72), 0, 1
(43,89), 0, 1
(43,90), 0, 1
(44,3), 0, 1
(44,4), 0, 1
(44,8), 0, 1
(44,22), 0, 1
(44,24), 0, 1
(44,30), 0, 1
(44,34), 0, 1
(44,42), 0, 1
(44,43), 0, 1
(44,50), 0, 1
(44,62), 0, 1
(45,3), 0, 1
(45,4), 0, 1
(45,8), 0, 1
(45,24), 0, 1
(45,30), 0, 1
(45,42), 0, 1
(45,43), 0, 1
(45,50), 0, 1
(45,62), 0, 1
(46,9), 0, 1
(46,19), 0, 1
(46,29), 0, 1
(46,45), 0, 1
(46,53), 0, 1
(46,72), 0, 1
(46,83), 0, 1
(46,89), 0, 1
(46,90), 0, 1
(47,9), 0, 1
(47,19), 0, 1
(47,29), 0, 1
(47,45), 0, 1
(47,53), 0, 1
(47,72), 0, 1
(47,89), 0, 1
(48,3), 0, 1
(48,4), 0, 1
(48,8), 0, 1
(48,22), 0, 1
(48,24), 0, 1
(48,30), 0, 1
(48,42), 0, 1
(48,43), 0, 1
(48,50), 0, 1
(48,62), 0, 1
(49,3), 0, 1
(49,8), 0, 1
(49,22), 0, 1
(49,24), 0, 1
(49,30), 0, 1
(49,42), 0, 1
(49,43), 0, 1
(49,50), 0, 1
(49,62), 0, 1
(50,9), 0, 1
(50,19), 0, 1
(50,29), 0, 1
(50,34), 0, 1
(50,45), 0, 1
(50,53), 0, 1
(50,72), 0, 1
(50,89), 0, 1
(50,90), 0, 1
(51,0), 0, 1
(51,2), 0, 1
(51,3), 0, 1
(51,4), 0, 1
(51,5), 0, 1
(51,6), 0, 1
(51,10), 0, 1
(51,11), 0, 1
(51,14), 0, 1
(51,15), 0, 1
(51,19), 0, 1
(51,20), 0, 1
(51,21), 0, 1
(51,22), 0, 1
(51,23), 0, 1
(51,24), 0, 1
(51,25), 0, 1
(51,26), 0, 1
(51,27), 0, 1
(51,29), 0, 1
(51,30), 0, 1
(51,31), 0, 1
(51,33), 0, 1
(51,36), 0, 1
(51,37), 0, 1
(51,38), 0, 1
(51,39), 0, 1
(51,42), 0, 1
(51,43), 0, 1
(51,44), 0, 1
(51,45), 0, 1
(51,46), 0, 1
(51,47), 0, 1
(51,48), 0, 1
(51,49), 0, 1
(51,50), 0, 1
(51,52), 0, 1
(51,53), 0, 1
(51,54), 0, 1
(51,56), 0, 1
(51,57), 0, 1
(51,58), 0, 1
(51,59), 0, 1
(51,60), 0, 1
(51,61), 0, 1
(51,62), 0, 1
(51,64), 0, 1
(51,65), 0, 1
(51,66), 0, 1
(51,69), 0, 1
(51,70), 0, 1
(51,71), 0, 1
(51,72), 0, 1
(51,74), 0, 1
(51,75), 0, 1
(51,76), 0, 1
(51,78), 0, 1
(51,79), 0, 1
(51,80), 0, 1
(51,81), 0, 1
(51,82), 0, 1
(51,84), 0, 1
(51,86), 0, 1
(51,87), 0, 1
(51,88), 0, 1
(51,89), 0, 1
(51,90), 0, 1
(52,9), 0, 1
(52,19), 0, 1
(52,29), 0, 1
(52,53), 0, 1
(52,72), 0, 1
(52,89), 0, 1
(52,90), 0, 1
(53,19), 0, 1
(53,29), 0, 1
(53,45), 0, 1
(53,72), 0, 1
(53,89), 0, 1
(53,90), 0, 1
(54,9), 0, 1
(54,19), 0, 1
(54,29), 0, 1
(54,45), 0, 1
(54,72), 0, 1
(54,90), 0, 1
(55,19), 0, 1
(55,29), 0, 1
(55,45), 0, 1
(55,53), 0, 1
(55,72), 0, 1
(55,89), 0, 1
(55,90), 0, 1
(56,9), 0, 1
(56,19), 0, 1
(56,29), 0, 1
(56,45), 0, 1
(56,53), 0, 1
(56,72), 0, 1
(56,89), 0, 1
(57,9), 0, 1
(57,19), 0, 1
(57,29), 0, 1
(57,45), 0, 1
(57,53), 0, 1
(57,72), 0, 1
(57,89), 0, 1
(57,90), 0, 1
(58,9), 0, 1
(58,45), 0, 1
(58,53), 0, 1
(58,72), 0, 1
(58,89), 0, 1
(58,90), 0, 1
(59,3), 0, 1
(59,4), 0, 1
(59,8), 0, 1
(59,22), 0, 1
(59,42), 0, 1
(59,50), 0, 1
(59,62), 0, 1
(60,9), 0, 1
(60,19), 0, 1
(60,29), 0, 1
(60,53), 0, 1
(60,72), 0, 1
(60,89), 0, 1
(60,90), 0, 1
(61,9), 0, 1
(61,19), 0, 1
(61,29), 0, 1
(61,45), 0, 1
(61,53), 0, 1
(61,72), 0, 1
(61,90), 0, 1
(62,9), 0, 1
(62,19), 0, 1
(62,29), 0, 1
(62,40), 0, 1
(62,45), 0, 1
(62,72), 0, 1
(62,89), 0, 1
(62,90), 0, 1
(63,3), 0, 1
(63,4), 0, 1
(63,8), 0, 1
(63,22), 0, 1
(63,24), 0, 1
(63,30), 0, 1
(63,42), 0, 1
(63,43), 0, 1
(63,50), 0, 1
(63,62), 0, 1
(64,19), 0, 1
(64,29), 0, 1
(64,45), 0, 1
(64,53), 0, 1
(64,72), 0, 1
(64,89), 0, 1
(64,90), 0, 1
(65,19), 0, 1
(65,29), 0, 1
(65,45), 0, 1
(65,53), 0, 1
(65,72), 0, 1
(65,89), 0, 1
(65,90), 0, 1
(66,3), 0, 1
(66,4), 0, 1
(66,8), 0, 1
(66,22), 0, 1
(66,24), 0, 1
(66,42), 0, 1
(66,43), 0, 1
(66,50), 0, 1
(66,62), 0, 1
(67,0), 0, 1
(67,3), 0, 1
(67,4), 0, 1
(67,5), 0, 1
(67,7), 0, 1
(67,8), 0, 1
(67,10), 0, 1
(67,11), 0, 1
(67,12), 0, 1
(67,13), 0, 1
(67,14), 0, 1
(67,17), 0, 1
(67,19), 0, 1
(67,20), 0, 1
(67,21), 0, 1
(67,22), 0, 1
(67,23), 0, 1
(67,24), 0, 1
(67,27), 0, 1
(67,29), 0, 1
(67,30), 0, 1
(67,31), 0, 1
(67,32), 0, 1
(67,33), 0, 1
(67,35), 0, 1
(67,36), 0, 1
(67,37), 0, 1
(67,38), 0, 1
(67,39), 0, 1
(67,42), 0, 1
(67,43), 0, 1
(67,44), 0, 1
(67,46), 0, 1
(67,47), 0, 1
(67,48), 0, 1
(67,49), 0, 1
(67,50), 0, 1
(67,52), 0, 1
(67,53), 0, 1
(67,56), 0, 1
(67,57), 0, 1
(67,58), 0, 1
(67,59), 0, 1
(67,61), 0, 1
(67,62), 0, 1
(67,63), 0, 1
(67,64), 0, 1
(67,65), 0, 1
(67,66), 0, 1
(67,69), 0, 1
(67,70), 0, 1
(67,71), 0, 1
(67,72), 0, 1
(67,73), 0, 1
(67,74), 0, 1
(67,75), 0, 1
(67,76), 0, 1
(67,77), 0, 1
(67,78), 0, 1
(67,79), 0, 1
(67,80), 0, 1
(67,82), 0, 1
(67,84), 0, 1
(67,85), 0, 1
(67,86), 0, 1
(67,87), 0, 1
(67,88), 0, 1
(67,89), 0, 1
(67,90), 0, 1
(67,92), 0, 1
(68,0), 0, 1
(68,2), 0, 1
(68,3), 0, 1
(68,5), 0, 1
(68,6), 0, 1
(68,7), 0, 1
(68,9), 0, 1
(68,10), 0, 1
(68,11), 0, 1
(68,13), 0, 1
(68,14), 0, 1
(68,15), 0, 1
(68,19), 0, 1
(68,20), 0, 1
(68,21), 0, 1
(68,22), 0, 1
(68,23), 0, 1
(68,24), 0, 1
(68,25), 0, 1
(68,27), 0, 1
(68,29), 0, 1
(68,30), 0, 1
(68,31), 0, 1
(68,32), 0, 1
(68,33), 0, 1
(68,35), 0, 1
(68,36), 0, 1
(68,37), 0, 1
(68,38), 0, 1
(68,39), 0, 1
(68,43), 0, 1
(68,44), 0, 1
(68,45), 0, 1
(68,46), 0, 1
(68,47), 0, 1
(68,48), 0, 1
(68,49), 0, 1
(68,50), 0, 1
(68,52), 0, 1
(68,53), 0, 1
(68,56), 0, 1
(68,57), 0, 1
(68,58), 0, 1
(68,59), 0, 1
(68,61), 0, 1
(68,62), 0, 1
(68,64), 0, 1
(68,65), 0, 1
(68,66), 0, 1
(68,67), 0, 1
(68,69), 0, 1
(68,70), 0, 1
(68,71), 0, 1
(68,72), 0, 1
(68,73), 0, 1
(68,74), 0, 1
(68,75), 0, 1
(68,76), 0, 1
(68,77), 0, 1
(68,78), 0, 1
(68,80), 0, 1
(68,81), 0, 1
(68,82), 0, 1
(68,84), 0, 1
(68,85), 0, 1
(68,86), 0, 1
(68,87), 0, 1
(68,88), 0, 1
(68,89), 0, 1
(68,90), 0, 1
(69,9), 0, 1
(69,19), 0, 1
(69,29), 0, 1
(69,40), 0, 1
(69,45), 0, 1
(69,72), 0, 1
(69,89), 0, 1
(69,90), 0, 1
(70,3), 0, 1
(70,4), 0, 1
(70,8), 0, 1
(70,22), 0, 1
(70,24), 0, 1
(70,30), 0, 1
(70,42), 0, 1
(70,43), 0, 1
(70,50), 0, 1
(70,62), 0, 1
(71,12), 0, 1
(71,19), 0, 1
(71,29), 0, 1
(71,45), 0, 1
(71,53), 0, 1
(71,72), 0, 1
(71,89), 0, 1
(71,90), 0, 1
(72,9), 0, 1
(72,19), 0, 1
(72,29), 0, 1
(72,45), 0, 1
(72,53), 0, 1
(72,89), 0, 1
(72,90), 0, 1
(73,9), 0, 1
(73,29), 0, 1
(73,45), 0, 1
(73,72), 0, 1
(73,89), 0, 1
(73,90), 0, 1
(74,1), 0, 1
(74,9), 0, 1
(74,19), 0, 1
(74,29), 0, 1
(74,45), 0, 1
(74,53), 0, 1
(74,72), 0, 1
(74,89), 0, 1
(74,90), 0, 1
(75,40), 0, 1
(76,9), 0, 1
(76,19), 0, 1
(76,29), 0, 1
(76,34), 0, 1
(76,45), 0, 1
(76,53), 0, 1
(76,72), 0, 1
(76,83), 0, 1
(76,89), 0, 1
(76,90), 0, 1
(77,9), 0, 1
(77,19), 0, 1
(77,29), 0, 1
(77,45), 0, 1
(77,53), 0, 1
(77,72), 0, 1
(77,83), 0, 1
(77,89), 0, 1
(78,18), 0, 1
(78,22), 0, 1
(78,24), 0, 1
(78,30), 0, 1
(78,42), 0, 1
(78,43), 0, 1
(78,50), 0, 1
(78,51), 0, 1
(78,62), 0, 1
(79,9), 0, 1
(79,19), 0, 1
(79,29), 0, 1
(79,40), 0, 1
(79,45), 0, 1
(79,53), 0, 1
(79,72), 0, 1
(79,89), 0, 1
(80,1), 0, 1
(80,9), 0, 1
(80,19), 0, 1
(80,29), 0, 1
(80,45), 0, 1
(80,53), 0, 1
(80,72), 0, 1
(80,89), 0, 1
(81,9), 0, 1
(81,12), 0, 1
(81,19), 0, 1
(81,29), 0, 1
(81,45), 0, 1
(81,53), 0, 1
(81,72), 0, 1
(81,89), 0, 1
(82,3), 0, 1
(82,8), 0, 1
(82,24), 0, 1
(82,30), 0, 1
(82,42), 0, 1
(82,43), 0, 1
(82,50), 0, 1
(82,60), 0, 1
(82,62), 0, 1
(83,9), 0, 1
(83,19), 0, 1
(83,29), 0, 1
(83,45), 0, 1
(83,53), 0, 1
(83,72), 0, 1
(83,89), 0, 1
(83,90), 0, 1
(84,19), 0, 1
(84,29), 0, 1
(84,45), 0, 1
(84,89), 0, 1
(84,90), 0, 1
(85,9), 0, 1
(85,19), 0, 1
(85,29), 0, 1
(85,45), 0, 1
(85,53), 0, 1
(85,72), 0, 1
(85,89), 0, 1
(85,90), 0, 1
(86,9), 0, 1
(86,19), 0, 1
(86,29), 0, 1
(86,34), 0, 1
(86,45), 0, 1
(86,53), 0, 1
(86,72), 0, 1
(86,89), 0, 1
(86,90), 0, 1
(87,9), 0, 1
(87,19), 0, 1
(87,29), 0, 1
(87,45), 0, 1
(87,72), 0, 1
(87,89), 0, 1
(87,90), 0, 1
(88,19), 0, 1
(88,34), 0, 1
(88,40), 0, 1
(88,45), 0, 1
(88,53), 0, 1
(88,72), 0, 1
(88,89), 0, 1
(88,90), 0, 1
(89,3), 0, 1
(89,8), 0, 1
(89,18), 0, 1
(89,24), 0, 1
(89,30), 0, 1
(89,34), 0, 1
(89,42), 0, 1
(89,43), 0, 1
(89,50), 0, 1
(89,62), 0, 1
(90,1), 0, 1
(90,9), 0, 1
(90,29), 0, 1
(90,45), 0, 1
(90,53), 0, 1
(90,72), 0, 1
(90,89), 0, 1
(91,0), 0, 1
(91,2), 0, 1
(91,3), 0, 1
(91,4), 0, 1
(91,5), 0, 1
(91,6), 0, 1
(91,7), 0, 1
(91,8), 0, 1
(91,9), 0, 1
(91,10), 0, 1
(91,11), 0, 1
(91,13), 0, 1
(91,14), 0, 1
(91,15), 0, 1
(91,17), 0, 1
(91,19), 0, 1
(91,20), 0, 1
(91,21), 0, 1
(91,23), 0, 1
(91,24), 0, 1
(91,25), 0, 1
(91,27), 0, 1
(91,29), 0, 1
(91,31), 0, 1
(91,32), 0, 1
(91,33), 0, 1
(91,35), 0, 1
(91,36), 0, 1
(91,38), 0, 1
(91,39), 0, 1
(91,42), 0, 1
(91,43), 0, 1
(91,44), 0, 1
(91,45), 0, 1
(91,46), 0, 1
(91,47), 0, 1
(91,48), 0, 1
(91,49), 0, 1
(91,50), 0, 1
(91,52), 0, 1
(91,53), 0, 1
(91,56), 0, 1
(91,57), 0, 1
(91,58), 0, 1
(91,59), 0, 1
(91,62), 0, 1
(91,63), 0, 1
(91,64), 0, 1
(91,65), 0, 1
(91,66), 0, 1
(91,67), 0, 1
(91,68), 0, 1
(91,70), 0, 1
(91,72), 0, 1
(91,73), 0, 1
(91,74), 0, 1
(91,75), 0, 1
(91,76), 0, 1
(91,77), 0, 1
(91,78), 0, 1
(91,79), 0, 1
(91,80), 0, 1
(91,81), 0, 1
(91,82), 0, 1
(91,84), 0, 1
(91,85), 0, 1
(91,86), 0, 1
(91,87), 0, 1
(91,88), 0, 1
(91,89), 0, 1
(91,92), 0, 1
(92,9), 0, 1
(92,19), 0, 1
(92,29), 0, 1
(92,45), 0, 1
(92,53), 0, 1
(92,72), 0, 1
(92,89), 0, 1
(92,90), 0, 1
(93,0), 0, 1
(93,2), 0, 1
(93,3), 0, 1
(93,4), 0, 1
(93,5), 0, 1
(93,6), 0, 1
(93,7), 0, 1
(93,8), 0, 1
(93,9), 0, 1
(93,10), 0, 1
(93,11), 0, 1
(93,14), 0, 1
(93,15), 0, 1
(93,17), 0, 1
(93,19), 0, 1
(93,20), 0, 1
(93,21), 0, 1
(93,22), 0, 1
(93,23), 0, 1
(93,24), 0, 1
(93,25), 0, 1
(93,27), 0, 1
(93,29), 0, 1
(93,31), 0, 1
(93,33), 0, 1
(93,35), 0, 1
(93,36), 0, 1
(93,37), 0, 1
(93,38), 0, 1
(93,39), 0, 1
(93,42), 0, 1
(93,43), 0, 1
(93,44), 0, 1
(93,45), 0, 1
(93,46), 0, 1
(93,47), 0, 1
(93,48), 0, 1
(93,49), 0, 1
(93,50), 0, 1
(93,52), 0, 1
(93,56), 0, 1
(93,58), 0, 1
(93,59), 0, 1
(93,61), 0, 1
(93,62), 0, 1
(93,63), 0, 1
(93,64), 0, 1
(93,65), 0, 1
(93,66), 0, 1
(93,69), 0, 1
(93,70), 0, 1
(93,73), 0, 1
(93,74), 0, 1
(93,75), 0, 1
(93,76), 0, 1
(93,77), 0, 1
(93,78), 0, 1
(93,79), 0, 1
(93,80), 0, 1
(93,82), 0, 1
(93,83), 0, 1
(93,84), 0, 1
(93,85), 0, 1
(93,86), 0, 1
(93,88), 0, 1
(93,90), 0, 1
(93,92), 0, 1
(94,1), 0, 1
(94,9), 0, 1
(94,12), 0, 1
(94,19), 0, 1
(94,29), 0, 1
(94,45), 0, 1
(94,53), 0, 1
(94,72), 0, 1
(94,89), 0, 1
(94,90), 0, 1
(95,0), 0, 1
(95,2), 0, 1
(95,4), 0, 1
(95,5), 0, 1
(95,7), 0, 1
(95,8), 0, 1
(95,9), 0, 1
(95,10), 0, 1
(95,13), 0, 1
(95,14), 0, 1
(95,17), 0, 1
(95,19), 0, 1
(95,20), 0, 1
(95,21), 0, 1
(95,23), 0, 1
(95,24), 0, 1
(95,25), 0, 1
(95,27), 0, 1
(95,29), 0, 1
(95,30), 0, 1
(95,31), 0, 1
(95,33), 0, 1
(95,35), 0, 1
(95,36), 0, 1
(95,38), 0, 1
(95,39), 0, 1
(95,42), 0, 1
(95,43), 0, 1
(95,44), 0, 1
(95,45), 0, 1
(95,46), 0, 1
(95,47), 0, 1
(95,48), 0, 1
(95,49), 0, 1
(95,50), 0, 1
(95,52), 0, 1
(95,53), 0, 1
(95,56), 0, 1
(95,57), 0, 1
(95,58), 0, 1
(95,59), 0, 1
(95,61), 0, 1
(95,63), 0, 1
(95,64), 0, 1
(95,65), 0, 1
(95,66), 0, 1
(95,67), 0, 1
(95,69), 0, 1
(95,70), 0, 1
(95,72), 0, 1
(95,73), 0, 1
(95,74), 0, 1
(95,75), 0, 1
(95,76), 0, 1
(95,77), 0, 1
(95,78), 0, 1
(95,79), 0, 1
(95,80), 0, 1
(95,81), 0, 1
(95,82), 0, 1
(95,84), 0, 1
(95,85), 0, 1
(95,86), 0, 1
(95,87), 0, 1
(95,89), 0, 1
(95,92), 0, 1
(96,9), 0, 1
(96,19), 0, 1
(96,45), 0, 1
(96,53), 0, 1
(96,72), 0, 1
(96,89), 0, 1
(96,90), 0, 1
(97,3), 0, 1
(97,4), 0, 1
(97,8), 0, 1
(97,18), 0, 1
(97,24), 0, 1
(97,30), 0, 1
(97,42), 0, 1
(97,43), 0, 1
(97,50), 0, 1
(97,62), 0, 1
(98,3), 0, 1
(98,4), 0, 1
(98,8), 0, 1
(98,24), 0, 1
(98,30), 0, 1
(98,40), 0, 1
(98,42), 0, 1
(98,43), 0, 1
(98,50), 0, 1
(98,62), 0, 1
(99,0), 0, 1
(99,2), 0, 1
(99,3), 0, 1
(99,5), 0, 1
(99,6), 0, 1
(99,7), 0, 1
(99,8), 0, 1
(99,9), 0, 1
(99,10), 0, 1
(99,13), 0, 1
(99,14), 0, 1
(99,15), 0, 1
(99,16), 0, 1
(99,17), 0, 1
(99,19), 0, 1
(99,20), 0, 1
(99,21), 0, 1
(99,22), 0, 1
(99,23), 0, 1
(99,24), 0, 1
(99,25), 0, 1
(99,29), 0, 1
(99,31), 0, 1
(99,33), 0, 1
(99,35), 0, 1
(99,37), 0, 1
(99,38), 0, 1
(99,39), 0, 1
(99,42), 0, 1
(99,43), 0, 1
(99,44), 0, 1
(99,45), 0, 1
(99,46), 0, 1
(99,47), 0, 1
(99,48), 0, 1
(99,49), 0, 1
(99,50), 0, 1
(99,52), 0, 1
(99,53), 0, 1
(99,56), 0, 1
(99,57), 0, 1
(99,58), 0, 1
(99,59), 0, 1
(99,60), 0, 1
(99,61), 0, 1
(99,62), 0, 1
(99,65), 0, 1
(99,66), 0, 1
(99,69), 0, 1
(99,70), 0, 1
(99,72), 0, 1
(99,74), 0, 1
(99,75), 0, 1
(99,76), 0, 1
(99,77), 0, 1
(99,78), 0, 1
(99,79), 0, 1
(99,80), 0, 1
(99,81), 0, 1
(99,82), 0, 1
(99,84), 0, 1
(99,85), 0, 1
(99,86), 0, 1
(99,87), 0, 1
(99,88), 0, 1
(99,89), 0, 1
(99,90), 0, 1
(99,92), 0, 1
