Nr_Pairs = 96
Nr_NDD = 4
Nr_Arcs = 2264
0	0.05
1	0.9
2	0.2875000000000001
3	0.1
4	0.05
5	0.05
6	0.05
7	0.05
8	0.05
9	0.05
10	0.05
11	0.05
12	0.1
13	0.05
14	0.05
15	0.925
16	0.9
17	0.2875000000000001
18	0.1
19	0.05
20	0.1
21	0.1
22	0.05
23	0.05
24	0.05
25	0.05
26	0.9
27	0.2875000000000001
28	0.05
29	0.05
30	0.05
31	0.05
32	0.05
33	0.1
34	0.2875000000000001
35	0.05
36	0.05
37	0.05
38	0.05
39	0.05
40	0.05
41	0.05
42	0.05
43	0.1
44	0.9
45	0.32499999999999996
46	0.05
47	0.9
48	0.05
49	0.2875000000000001
50	0.2875000000000001
51	0.05
52	0.05
53	0.05
54	0.9
55	0.9
56	0.9
57	0.05
58	0.1
59	0.05
60	0.32499999999999996
61	0.05
62	0.9
63	0.9
64	0.05
65	0.05
66	0.05
67	0.9
68	0.05
69	0.1
70	0.05
71	0.05
72	0.925
73	0.05
74	0.2875000000000001
75	0.05
76	0.2875000000000001
77	0.05
78	0.32499999999999996
79	0.1
80	0.1
81	0.05
82	0.9
83	0.05
84	0.05
85	0.1
86	0.05
87	0.2875000000000001
88	0.05
89	0.1
90	0.05
91	0.05
92	0.1
93	0.9
94	0.925
95	0.9
96	0.0
97	0.0
98	0.0
99	0.0
(0,2), 0, 1
(0,3), 0, 1
(0,4), 0, 1
(0,5), 0, 1
(0,6), 0, 1
(0,7), 0, 1
(0,8), 0, 1
(0,9), 0, 1
(0,10), 0, 1
(0,11), 0, 1
(0,12), 0, 1
(0,13), 0, 1
(0,16), 0, 1
(0,17), 0, 1
(0,19), 0, 1
(0,20), 0, 1
(0,21), 0, 1
(0,22), 0, 1
(0,23), 0, 1
(0,24), 0, 1
(0,25), 0, 1
(0,26), 0, 1
(0,28), 0, 1
(0,29), 0, 1
(0,30), 0, 1
(0,31), 0, 1
(0,32), 0, 1
(0,33), 0, 1
(0,34), 0, 1
(0,35), 0, 1
(0,37), 0, 1
(0,39), 0, 1
(0,40), 0, 1
(0,41), 0, 1
(0,42), 0, 1
(0,43), 0, 1
(0,45), 0, 1
(0,46), 0, 1
(0,48), 0, 1
(0,49), 0, 1
(0,50), 0, 1
(0,51), 0, 1
(0,52), 0, 1
(0,53), 0, 1
(0,57), 0, 1
(0,58), 0, 1
(0,59), 0, 1
(0,60), 0, 1
(0,61), 0, 1
(0,64), 0, 1
(0,65), 0, 1
(0,68), 0, 1
(0,69), 0, 1
(0,70), 0, 1
(0,71), 0, 1
(0,73), 0, 1
(0,74), 0, 1
(0,75), 0, 1
(0,76), 0, 1
(0,77), 0, 1
(0,78), 0, 1
(0,80), 0, 1
(0,81), 0, 1
(0,83), 0, 1
(0,84), 0, 1
(0,85), 0, 1
(0,86), 0, 1
(0,89), 0, 1
(0,90), 0, 1
(0,91), 0, 1
(0,92), 0, 1
(1,2), 0, 1
(1,3), 0, 1
(1,4), 0, 1
(1,5), 0, 1
(1,6), 0, 1
(1,7), 0, 1
(1,9), 0, 1
(1,10), 0, 1
(1,11), 0, 1
(1,12), 0, 1
(1,13), 0, 1
(1,17), 0, 1
(1,18), 0, 1
(1,19), 0, 1
(1,22), 0, 1
(1,24), 0, 1
(1,25), 0, 1
(1,27), 0, 1
(1,28), 0, 1
(1,29), 0, 1
(1,30), 0, 1
(1,31), 0, 1
(1,32), 0, 1
(1,33), 0, 1
(1,36), 0, 1
(1,37), 0, 1
(1,38), 0, 1
(1,39), 0, 1
(1,40), 0, 1
(1,41), 0, 1
(1,46), 0, 1
(1,48), 0, 1
(1,49), 0, 1
(1,50), 0, 1
(1,51), 0, 1
(1,52), 0, 1
(1,53), 0, 1
(1,56), 0, 1
(1,58), 0, 1
(1,59), 0, 1
(1,61), 0, 1
(1,63), 0, 1
(1,64), 0, 1
(1,65), 0, 1
(1,66), 0, 1
(1,68), 0, 1
(1,69), 0, 1
(1,70), 0, 1
(1,71), 0, 1
(1,73), 0, 1
(1,74), 0, 1
(1,75), 0, 1
(1,76), 0, 1
(1,77), 0, 1
(1,78), 0, 1
(1,79), 0, 1
(1,80), 0, 1
(1,81), 0, 1
(1,83), 0, 1
(1,84), 0, 1
(1,85), 0, 1
(1,86), 0, 1
(1,87), 0, 1
(1,88), 0, 1
(1,89), 0, 1
(1,90), 0, 1
(1,91), 0, 1
(1,92), 0, 1
(2,0), 0, 1
(2,1), 0, 1
(2,3), 0, 1
(2,4), 0, 1
(2,5), 0, 1
(2,6), 0, 1
(2,7), 0, 1
(2,8), 0, 1
(2,9), 0, 1
(2,10), 0, 1
(2,11), 0, 1
(2,12), 0, 1
(2,13), 0, 1
(2,14), 0, 1
(2,16), 0, 1
(2,18), 0, 1
(2,19), 0, 1
(2,20), 0, 1
(2,21), 0, 1
(2,22), 0, 1
(2,24), 0, 1
(2,25), 0, 1
(2,27), 0, 1
(2,28), 0, 1
(2,29), 0, 1
(2,30), 0, 1
(2,31), 0, 1
(2,32), 0, 1
(2,34), 0, 1
(2,35), 0, 1
(2,36), 0, 1
(2,37), 0, 1
(2,38), 0, 1
(2,39), 0, 1
(2,40), 0, 1
(2,41), 0, 1
(2,42), 0, 1
(2,43), 0, 1
(2,46), 0, 1
(2,48), 0, 1
(2,49), 0, 1
(2,50), 0, 1
(2,51), 0, 1
(2,52), 0, 1
(2,57), 0, 1
(2,58), 0, 1
(2,59), 0, 1
(2,61), 0, 1
(2,64), 0, 1
(2,65), 0, 1
(2,66), 0, 1
(2,68), 0, 1
(2,70), 0, 1
(2,71), 0, 1
(2,73), 0, 1
(2,74), 0, 1
(2,75), 0, 1
(2,77), 0, 1
(2,78), 0, 1
(2,79), 0, 1
(2,80), 0, 1
(2,81), 0, 1
(2,83), 0, 1
(2,84), 0, 1
(2,85), 0, 1
(2,86), 0, 1
(2,87), 0, 1
(2,88), 0, 1
(2,89), 0, 1
(2,90), 0, 1
(2,91), 0, 1
(2,92), 0, 1
(3,0), 0, 1
(3,9), 0, 1
(3,40), 0, 1
(3,70), 0, 1
(3,81), 0, 1
(3,89), 0, 1
(3,91), 0, 1
(3,92), 0, 1
(4,0), 0, 1
(4,9), 0, 1
(4,34), 0, 1
(4,40), 0, 1
(4,70), 0, 1
(4,81), 0, 1
(4,89), 0, 1
(4,91), 0, 1
(4,92), 0, 1
(5,39), 0, 1
(5,86), 0, 1
(5,95), 0, 1
(6,0), 0, 1
(6,9), 0, 1
(6,34), 0, 1
(6,40), 0, 1
(6,70), 0, 1
(6,81), 0, 1
(6,89), 0, 1
(6,91), 0, 1
(6,92), 0, 1
(7,0), 0, 1
(7,1), 0, 1
(7,9), 0, 1
(7,40), 0, 1
(7,70), 0, 1
(7,81), 0, 1
(7,89), 0, 1
(7,91), 0, 1
(7,92), 0, 1
(8,0), 0, 1
(8,2), 0, 1
(8,3), 0, 1
(8,4), 0, 1
(8,5), 0, 1
(8,6), 0, 1
(8,7), 0, 1
(8,9), 0, 1
(8,10), 0, 1
(8,11), 0, 1
(8,12), 0, 1
(8,13), 0, 1
(8,14), 0, 1
(8,16), 0, 1
(8,17), 0, 1
(8,18), 0, 1
(8,19), 0, 1
(8,20), 0, 1
(8,21), 0, 1
(8,22), 0, 1
(8,23), 0, 1
(8,25), 0, 1
(8,27), 0, 1
(8,28), 0, 1
(8,29), 0, 1
(8,30), 0, 1
(8,31), 0, 1
(8,32), 0, 1
(8,33), 0, 1
(8,35), 0, 1
(8,36), 0, 1
(8,37), 0, 1
(8,38), 0, 1
(8,39), 0, 1
(8,40), 0, 1
(8,41), 0, 1
(8,43), 0, 1
(8,45), 0, 1
(8,46), 0, 1
(8,48), 0, 1
(8,49), 0, 1
(8,50), 0, 1
(8,51), 0, 1
(8,52), 0, 1
(8,53), 0, 1
(8,57), 0, 1
(8,58), 0, 1
(8,59), 0, 1
(8,61), 0, 1
(8,64), 0, 1
(8,65), 0, 1
(8,66), 0, 1
(8,68), 0, 1
(8,69), 0, 1
(8,70), 0, 1
(8,71), 0, 1
(8,74), 0, 1
(8,75), 0, 1
(8,76), 0, 1
(8,77), 0, 1
(8,78), 0, 1
(8,79), 0, 1
(8,80), 0, 1
(8,81), 0, 1
(8,82), 0, 1
(8,83), 0, 1
(8,84), 0, 1
(8,85), 0, 1
(8,86), 0, 1
(8,87), 0, 1
(8,88), 0, 1
(8,89), 0, 1
(8,90), 0, 1
(8,91), 0, 1
(8,92), 0, 1
(8,93), 0, 1
(9,17), 0, 1
(9,39), 0, 1
(9,76), 0, 1
(9,86), 0, 1
(10,0), 0, 1
(10,9), 0, 1
(10,34), 0, 1
(10,40), 0, 1
(10,70), 0, 1
(10,81), 0, 1
(10,89), 0, 1
(10,91), 0, 1
(10,92), 0, 1
(11,9), 0, 1
(11,34), 0, 1
(11,40), 0, 1
(11,70), 0, 1
(11,81), 0, 1
(11,89), 0, 1
(11,91), 0, 1
(11,92), 0, 1
(12,0), 0, 1
(12,9), 0, 1
(12,34), 0, 1
(12,40), 0, 1
(12,70), 0, 1
(12,81), 0, 1
(12,89), 0, 1
(12,91), 0, 1
(12,92), 0, 1
(12,94), 0, 1
(13,0), 0, 1
(13,9), 0, 1
(13,40), 0, 1
(13,47), 0, 1
(13,70), 0, 1
(13,81), 0, 1
(13,89), 0, 1
(13,92), 0, 1
(14,0), 0, 1
(14,9), 0, 1
(14,40), 0, 1
(14,70), 0, 1
(14,81), 0, 1
(14,89), 0, 1
(14,91), 0, 1
(14,92), 0, 1
(15,0), 0, 1
(15,9), 0, 1
(15,40), 0, 1
(15,70), 0, 1
(15,81), 0, 1
(15,89), 0, 1
(15,91), 0, 1
(15,92), 0, 1
(16,0), 0, 1
(16,2), 0, 1
(16,3), 0, 1
(16,4), 0, 1
(16,6), 0, 1
(16,7), 0, 1
(16,8), 0, 1
(16,9), 0, 1
(16,10), 0, 1
(16,11), 0, 1
(16,12), 0, 1
(16,13), 0, 1
(16,14), 0, 1
(16,17), 0, 1
(16,18), 0, 1
(16,19), 0, 1
(16,20), 0, 1
(16,21), 0, 1
(16,23), 0, 1
(16,24), 0, 1
(16,25), 0, 1
(16,27), 0, 1
(16,28), 0, 1
(16,29), 0, 1
(16,30), 0, 1
(16,31), 0, 1
(16,32), 0, 1
(16,33), 0, 1
(16,34), 0, 1
(16,35), 0, 1
(16,36), 0, 1
(16,38), 0, 1
(16,40), 0, 1
(16,41), 0, 1
(16,42), 0, 1
(16,43), 0, 1
(16,45), 0, 1
(16,46), 0, 1
(16,48), 0, 1
(16,51), 0, 1
(16,52), 0, 1
(16,53), 0, 1
(16,57), 0, 1
(16,58), 0, 1
(16,60), 0, 1
(16,61), 0, 1
(16,64), 0, 1
(16,65), 0, 1
(16,66), 0, 1
(16,68), 0, 1
(16,69), 0, 1
(16,70), 0, 1
(16,71), 0, 1
(16,73), 0, 1
(16,75), 0, 1
(16,76), 0, 1
(16,77), 0, 1
(16,79), 0, 1
(16,80), 0, 1
(16,81), 0, 1
(16,83), 0, 1
(16,84), 0, 1
(16,85), 0, 1
(16,86), 0, 1
(16,88), 0, 1
(16,89), 0, 1
(16,90), 0, 1
(16,91), 0, 1
(17,0), 0, 1
(17,9), 0, 1
(17,34), 0, 1
(17,40), 0, 1
(17,70), 0, 1
(17,81), 0, 1
(17,89), 0, 1
(17,91), 0, 1
(18,0), 0, 1
(18,9), 0, 1
(18,40), 0, 1
(18,70), 0, 1
(18,81), 0, 1
(18,89), 0, 1
(18,92), 0, 1
(19,0), 0, 1
(19,9), 0, 1
(19,34), 0, 1
(19,40), 0, 1
(19,70), 0, 1
(19,81), 0, 1
(19,89), 0, 1
(19,91), 0, 1
(20,17), 0, 1
(20,39), 0, 1
(20,76), 0, 1
(20,86), 0, 1
(21,0), 0, 1
(21,9), 0, 1
(21,34), 0, 1
(21,40), 0, 1
(21,70), 0, 1
(21,81), 0, 1
(21,89), 0, 1
(21,91), 0, 1
(21,92), 0, 1
(22,0), 0, 1
(22,9), 0, 1
(22,40), 0, 1
(22,47), 0, 1
(22,70), 0, 1
(22,81), 0, 1
(22,89), 0, 1
(22,91), 0, 1
(22,92), 0, 1
(23,0), 0, 1
(23,9), 0, 1
(23,34), 0, 1
(23,40), 0, 1
(23,70), 0, 1
(23,81), 0, 1
(23,89), 0, 1
(23,91), 0, 1
(24,0), 0, 1
(24,9), 0, 1
(24,34), 0, 1
(24,40), 0, 1
(24,70), 0, 1
(24,81), 0, 1
(24,89), 0, 1
(24,91), 0, 1
(24,92), 0, 1
(25,0), 0, 1
(25,9), 0, 1
(25,34), 0, 1
(25,40), 0, 1
(25,70), 0, 1
(25,81), 0, 1
(25,89), 0, 1
(25,91), 0, 1
(25,92), 0, 1
(26,0), 0, 1
(26,2), 0, 1
(26,3), 0, 1
(26,4), 0, 1
(26,5), 0, 1
(26,6), 0, 1
(26,7), 0, 1
(26,8), 0, 1
(26,9), 0, 1
(26,10), 0, 1
(26,11), 0, 1
(26,12), 0, 1
(26,13), 0, 1
(26,14), 0, 1
(26,17), 0, 1
(26,18), 0, 1
(26,19), 0, 1
(26,20), 0, 1
(26,21), 0, 1
(26,22), 0, 1
(26,23), 0, 1
(26,24), 0, 1
(26,25), 0, 1
(26,27), 0, 1
(26,28), 0, 1
(26,29), 0, 1
(26,30), 0, 1
(26,31), 0, 1
(26,32), 0, 1
(26,33), 0, 1
(26,35), 0, 1
(26,36), 0, 1
(26,37), 0, 1
(26,38), 0, 1
(26,39), 0, 1
(26,40), 0, 1
(26,41), 0, 1
(26,42), 0, 1
(26,43), 0, 1
(26,46), 0, 1
(26,48), 0, 1
(26,49), 0, 1
(26,50), 0, 1
(26,51), 0, 1
(26,52), 0, 1
(26,53), 0, 1
(26,55), 0, 1
(26,57), 0, 1
(26,58), 0, 1
(26,59), 0, 1
(26,61), 0, 1
(26,64), 0, 1
(26,65), 0, 1
(26,66), 0, 1
(26,68), 0, 1
(26,69), 0, 1
(26,70), 0, 1
(26,71), 0, 1
(26,73), 0, 1
(26,74), 0, 1
(26,75), 0, 1
(26,76), 0, 1
(26,77), 0, 1
(26,78), 0, 1
(26,79), 0, 1
(26,80), 0, 1
(26,81), 0, 1
(26,83), 0, 1
(26,84), 0, 1
(26,85), 0, 1
(26,86), 0, 1
(26,87), 0, 1
(26,88), 0, 1
(26,90), 0, 1
(26,91), 0, 1
(26,92), 0, 1
(27,0), 0, 1
(27,3), 0, 1
(27,4), 0, 1
(27,5), 0, 1
(27,6), 0, 1
(27,7), 0, 1
(27,8), 0, 1
(27,9), 0, 1
(27,10), 0, 1
(27,11), 0, 1
(27,12), 0, 1
(27,13), 0, 1
(27,14), 0, 1
(27,18), 0, 1
(27,19), 0, 1
(27,20), 0, 1
(27,21), 0, 1
(27,22), 0, 1
(27,23), 0, 1
(27,24), 0, 1
(27,28), 0, 1
(27,29), 0, 1
(27,30), 0, 1
(27,31), 0, 1
(27,32), 0, 1
(27,33), 0, 1
(27,35), 0, 1
(27,36), 0, 1
(27,37), 0, 1
(27,38), 0, 1
(27,39), 0, 1
(27,40), 0, 1
(27,41), 0, 1
(27,42), 0, 1
(27,43), 0, 1
(27,46), 0, 1
(27,48), 0, 1
(27,49), 0, 1
(27,50), 0, 1
(27,51), 0, 1
(27,52), 0, 1
(27,53), 0, 1
(27,54), 0, 1
(27,57), 0, 1
(27,58), 0, 1
(27,59), 0, 1
(27,61), 0, 1
(27,64), 0, 1
(27,65), 0, 1
(27,66), 0, 1
(27,68), 0, 1
(27,69), 0, 1
(27,70), 0, 1
(27,71), 0, 1
(27,73), 0, 1
(27,74), 0, 1
(27,75), 0, 1
(27,76), 0, 1
(27,77), 0, 1
(27,78), 0, 1
(27,79), 0, 1
(27,80), 0, 1
(27,81), 0, 1
(27,82), 0, 1
(27,83), 0, 1
(27,84), 0, 1
(27,85), 0, 1
(27,86), 0, 1
(27,87), 0, 1
(27,88), 0, 1
(27,89), 0, 1
(27,90), 0, 1
(27,91), 0, 1
(27,92), 0, 1
(27,95), 0, 1
(28,0), 0, 1
(28,9), 0, 1
(28,40), 0, 1
(28,70), 0, 1
(28,81), 0, 1
(28,89), 0, 1
(28,91), 0, 1
(29,0), 0, 1
(29,2), 0, 1
(29,3), 0, 1
(29,4), 0, 1
(29,5), 0, 1
(29,6), 0, 1
(29,7), 0, 1
(29,8), 0, 1
(29,9), 0, 1
(29,10), 0, 1
(29,11), 0, 1
(29,12), 0, 1
(29,14), 0, 1
(29,17), 0, 1
(29,18), 0, 1
(29,19), 0, 1
(29,20), 0, 1
(29,21), 0, 1
(29,23), 0, 1
(29,24), 0, 1
(29,25), 0, 1
(29,27), 0, 1
(29,28), 0, 1
(29,30), 0, 1
(29,31), 0, 1
(29,32), 0, 1
(29,33), 0, 1
(29,34), 0, 1
(29,35), 0, 1
(29,36), 0, 1
(29,38), 0, 1
(29,39), 0, 1
(29,40), 0, 1
(29,41), 0, 1
(29,42), 0, 1
(29,43), 0, 1
(29,45), 0, 1
(29,46), 0, 1
(29,48), 0, 1
(29,50), 0, 1
(29,51), 0, 1
(29,52), 0, 1
(29,53), 0, 1
(29,57), 0, 1
(29,58), 0, 1
(29,59), 0, 1
(29,60), 0, 1
(29,61), 0, 1
(29,64), 0, 1
(29,65), 0, 1
(29,66), 0, 1
(29,68), 0, 1
(29,70), 0, 1
(29,71), 0, 1
(29,73), 0, 1
(29,75), 0, 1
(29,76), 0, 1
(29,77), 0, 1
(29,78), 0, 1
(29,79), 0, 1
(29,80), 0, 1
(29,81), 0, 1
(29,83), 0, 1
(29,84), 0, 1
(29,85), 0, 1
(29,88), 0, 1
(29,89), 0, 1
(29,90), 0, 1
(29,91), 0, 1
(29,92), 0, 1
(30,9), 0, 1
(30,34), 0, 1
(30,40), 0, 1
(30,70), 0, 1
(30,81), 0, 1
(30,89), 0, 1
(30,91), 0, 1
(30,92), 0, 1
(31,17), 0, 1
(31,76), 0, 1
(31,86), 0, 1
(32,0), 0, 1
(32,9), 0, 1
(32,34), 0, 1
(32,40), 0, 1
(32,70), 0, 1
(32,81), 0, 1
(32,89), 0, 1
(32,91), 0, 1
(32,92), 0, 1
(33,0), 0, 1
(33,1), 0, 1
(33,9), 0, 1
(33,34), 0, 1
(33,40), 0, 1
(33,70), 0, 1
(33,81), 0, 1
(33,89), 0, 1
(33,91), 0, 1
(33,92), 0, 1
(34,0), 0, 1
(34,40), 0, 1
(34,70), 0, 1
(34,81), 0, 1
(34,89), 0, 1
(34,91), 0, 1
(34,92), 0, 1
(35,0), 0, 1
(35,9), 0, 1
(35,34), 0, 1
(35,40), 0, 1
(35,70), 0, 1
(35,81), 0, 1
(35,89), 0, 1
(35,91), 0, 1
(35,92), 0, 1
(37,0), 0, 1
(37,9), 0, 1
(37,34), 0, 1
(37,40), 0, 1
(37,70), 0, 1
(37,81), 0, 1
(37,89), 0, 1
(37,91), 0, 1
(37,92), 0, 1
(38,0), 0, 1
(38,34), 0, 1
(38,40), 0, 1
(38,70), 0, 1
(38,81), 0, 1
(38,89), 0, 1
(38,91), 0, 1
(38,92), 0, 1
(39,0), 0, 1
(39,3), 0, 1
(39,4), 0, 1
(39,5), 0, 1
(39,6), 0, 1
(39,7), 0, 1
(39,8), 0, 1
(39,9), 0, 1
(39,10), 0, 1
(39,11), 0, 1
(39,12), 0, 1
(39,13), 0, 1
(39,14), 0, 1
(39,17), 0, 1
(39,18), 0, 1
(39,19), 0, 1
(39,20), 0, 1
(39,21), 0, 1
(39,22), 0, 1
(39,23), 0, 1
(39,25), 0, 1
(39,26), 0, 1
(39,27), 0, 1
(39,28), 0, 1
(39,29), 0, 1
(39,30), 0, 1
(39,31), 0, 1
(39,32), 0, 1
(39,33), 0, 1
(39,35), 0, 1
(39,36), 0, 1
(39,37), 0, 1
(39,38), 0, 1
(39,40), 0, 1
(39,41), 0, 1
(39,42), 0, 1
(39,43), 0, 1
(39,45), 0, 1
(39,46), 0, 1
(39,48), 0, 1
(39,49), 0, 1
(39,51), 0, 1
(39,52), 0, 1
(39,53), 0, 1
(39,57), 0, 1
(39,58), 0, 1
(39,59), 0, 1
(39,60), 0, 1
(39,61), 0, 1
(39,64), 0, 1
(39,65), 0, 1
(39,66), 0, 1
(39,68), 0, 1
(39,69), 0, 1
(39,70), 0, 1
(39,71), 0, 1
(39,73), 0, 1
(39,75), 0, 1
(39,76), 0, 1
(39,77), 0, 1
(39,79), 0, 1
(39,80), 0, 1
(39,81), 0, 1
(39,83), 0, 1
(39,84), 0, 1
(39,85), 0, 1
(39,86), 0, 1
(39,89), 0, 1
(39,91), 0, 1
(39,92), 0, 1
(40,0), 0, 1
(40,3), 0, 1
(40,4), 0, 1
(40,5), 0, 1
(40,6), 0, 1
(40,7), 0, 1
(40,8), 0, 1
(40,9), 0, 1
(40,10), 0, 1
(40,11), 0, 1
(40,12), 0, 1
(40,13), 0, 1
(40,14), 0, 1
(40,17), 0, 1
(40,18), 0, 1
(40,19), 0, 1
(40,21), 0, 1
(40,22), 0, 1
(40,23), 0, 1
(40,24), 0, 1
(40,25), 0, 1
(40,28), 0, 1
(40,29), 0, 1
(40,30), 0, 1
(40,31), 0, 1
(40,32), 0, 1
(40,33), 0, 1
(40,34), 0, 1
(40,35), 0, 1
(40,36), 0, 1
(40,37), 0, 1
(40,38), 0, 1
(40,39), 0, 1
(40,41), 0, 1
(40,42), 0, 1
(40,46), 0, 1
(40,48), 0, 1
(40,50), 0, 1
(40,51), 0, 1
(40,52), 0, 1
(40,53), 0, 1
(40,57), 0, 1
(40,59), 0, 1
(40,61), 0, 1
(40,64), 0, 1
(40,65), 0, 1
(40,66), 0, 1
(40,68), 0, 1
(40,69), 0, 1
(40,70), 0, 1
(40,71), 0, 1
(40,73), 0, 1
(40,74), 0, 1
(40,75), 0, 1
(40,76), 0, 1
(40,77), 0, 1
(40,79), 0, 1
(40,81), 0, 1
(40,83), 0, 1
(40,84), 0, 1
(40,85), 0, 1
(40,87), 0, 1
(40,89), 0, 1
(40,90), 0, 1
(40,91), 0, 1
(40,92), 0, 1
(40,94), 0, 1
(41,0), 0, 1
(41,9), 0, 1
(41,34), 0, 1
(41,40), 0, 1
(41,70), 0, 1
(41,81), 0, 1
(41,89), 0, 1
(41,91), 0, 1
(41,92), 0, 1
(42,0), 0, 1
(42,9), 0, 1
(42,34), 0, 1
(42,40), 0, 1
(42,70), 0, 1
(42,81), 0, 1
(42,89), 0, 1
(42,91), 0, 1
(42,92), 0, 1
(43,0), 0, 1
(43,9), 0, 1
(43,40), 0, 1
(43,70), 0, 1
(43,81), 0, 1
(43,89), 0, 1
(43,91), 0, 1
(44,0), 0, 1
(44,1), 0, 1
(44,9), 0, 1
(44,34), 0, 1
(44,40), 0, 1
(44,81), 0, 1
(44,89), 0, 1
(44,91), 0, 1
(44,92), 0, 1
(45,17), 0, 1
(45,39), 0, 1
(45,76), 0, 1
(45,86), 0, 1
(46,0), 0, 1
(46,9), 0, 1
(46,34), 0, 1
(46,40), 0, 1
(46,70), 0, 1
(46,81), 0, 1
(46,91), 0, 1
(46,92), 0, 1
(48,0), 0, 1
(48,9), 0, 1
(48,40), 0, 1
(48,70), 0, 1
(48,72), 0, 1
(48,81), 0, 1
(48,89), 0, 1
(48,91), 0, 1
(48,92), 0, 1
(49,0), 0, 1
(49,9), 0, 1
(49,40), 0, 1
(49,47), 0, 1
(49,70), 0, 1
(49,81), 0, 1
(49,89), 0, 1
(49,92), 0, 1
(50,0), 0, 1
(50,3), 0, 1
(50,4), 0, 1
(50,5), 0, 1
(50,6), 0, 1
(50,7), 0, 1
(50,8), 0, 1
(50,9), 0, 1
(50,10), 0, 1
(50,11), 0, 1
(50,12), 0, 1
(50,13), 0, 1
(50,14), 0, 1
(50,17), 0, 1
(50,18), 0, 1
(50,19), 0, 1
(50,20), 0, 1
(50,21), 0, 1
(50,22), 0, 1
(50,23), 0, 1
(50,24), 0, 1
(50,25), 0, 1
(50,28), 0, 1
(50,30), 0, 1
(50,31), 0, 1
(50,32), 0, 1
(50,33), 0, 1
(50,35), 0, 1
(50,36), 0, 1
(50,37), 0, 1
(50,38), 0, 1
(50,39), 0, 1
(50,40), 0, 1
(50,41), 0, 1
(50,43), 0, 1
(50,45), 0, 1
(50,46), 0, 1
(50,48), 0, 1
(50,49), 0, 1
(50,51), 0, 1
(50,52), 0, 1
(50,53), 0, 1
(50,54), 0, 1
(50,57), 0, 1
(50,59), 0, 1
(50,61), 0, 1
(50,62), 0, 1
(50,64), 0, 1
(50,65), 0, 1
(50,66), 0, 1
(50,68), 0, 1
(50,69), 0, 1
(50,70), 0, 1
(50,71), 0, 1
(50,73), 0, 1
(50,74), 0, 1
(50,75), 0, 1
(50,76), 0, 1
(50,77), 0, 1
(50,78), 0, 1
(50,79), 0, 1
(50,80), 0, 1
(50,81), 0, 1
(50,82), 0, 1
(50,83), 0, 1
(50,84), 0, 1
(50,85), 0, 1
(50,86), 0, 1
(50,88), 0, 1
(50,89), 0, 1
(50,90), 0, 1
(50,91), 0, 1
(50,92), 0, 1
(51,9), 0, 1
(51,40), 0, 1
(51,70), 0, 1
(51,81), 0, 1
(51,89), 0, 1
(51,91), 0, 1
(51,92), 0, 1
(52,0), 0, 1
(52,1), 0, 1
(52,9), 0, 1
(52,34), 0, 1
(52,40), 0, 1
(52,70), 0, 1
(52,81), 0, 1
(52,89), 0, 1
(52,91), 0, 1
(53,39), 0, 1
(53,76), 0, 1
(53,86), 0, 1
(54,0), 0, 1
(54,9), 0, 1
(54,34), 0, 1
(54,40), 0, 1
(54,70), 0, 1
(54,81), 0, 1
(54,89), 0, 1
(54,91), 0, 1
(54,92), 0, 1
(55,0), 0, 1
(55,2), 0, 1
(55,3), 0, 1
(55,4), 0, 1
(55,5), 0, 1
(55,6), 0, 1
(55,7), 0, 1
(55,8), 0, 1
(55,9), 0, 1
(55,10), 0, 1
(55,11), 0, 1
(55,12), 0, 1
(55,14), 0, 1
(55,18), 0, 1
(55,19), 0, 1
(55,21), 0, 1
(55,22), 0, 1
(55,23), 0, 1
(55,24), 0, 1
(55,25), 0, 1
(55,28), 0, 1
(55,29), 0, 1
(55,30), 0, 1
(55,31), 0, 1
(55,32), 0, 1
(55,33), 0, 1
(55,35), 0, 1
(55,36), 0, 1
(55,37), 0, 1
(55,38), 0, 1
(55,39), 0, 1
(55,40), 0, 1
(55,41), 0, 1
(55,42), 0, 1
(55,43), 0, 1
(55,46), 0, 1
(55,48), 0, 1
(55,51), 0, 1
(55,52), 0, 1
(55,53), 0, 1
(55,57), 0, 1
(55,58), 0, 1
(55,59), 0, 1
(55,60), 0, 1
(55,61), 0, 1
(55,64), 0, 1
(55,65), 0, 1
(55,66), 0, 1
(55,68), 0, 1
(55,69), 0, 1
(55,70), 0, 1
(55,71), 0, 1
(55,73), 0, 1
(55,75), 0, 1
(55,76), 0, 1
(55,77), 0, 1
(55,78), 0, 1
(55,79), 0, 1
(55,80), 0, 1
(55,81), 0, 1
(55,83), 0, 1
(55,84), 0, 1
(55,85), 0, 1
(55,86), 0, 1
(55,87), 0, 1
(55,88), 0, 1
(55,89), 0, 1
(55,90), 0, 1
(55,91), 0, 1
(55,92), 0, 1
(56,17), 0, 1
(56,39), 0, 1
(56,82), 0, 1
(56,86), 0, 1
(57,0), 0, 1
(57,9), 0, 1
(57,40), 0, 1
(57,89), 0, 1
(57,91), 0, 1
(57,92), 0, 1
(58,0), 0, 1
(58,1), 0, 1
(58,9), 0, 1
(58,34), 0, 1
(58,70), 0, 1
(58,81), 0, 1
(58,89), 0, 1
(58,91), 0, 1
(58,92), 0, 1
(59,0), 0, 1
(59,9), 0, 1
(59,34), 0, 1
(59,40), 0, 1
(59,47), 0, 1
(59,70), 0, 1
(59,81), 0, 1
(59,89), 0, 1
(59,91), 0, 1
(59,92), 0, 1
(61,0), 0, 1
(61,9), 0, 1
(61,40), 0, 1
(61,70), 0, 1
(61,81), 0, 1
(61,89), 0, 1
(61,91), 0, 1
(61,92), 0, 1
(62,0), 0, 1
(62,1), 0, 1
(62,2), 0, 1
(62,3), 0, 1
(62,4), 0, 1
(62,5), 0, 1
(62,6), 0, 1
(62,7), 0, 1
(62,8), 0, 1
(62,9), 0, 1
(62,10), 0, 1
(62,11), 0, 1
(62,12), 0, 1
(62,13), 0, 1
(62,14), 0, 1
(62,17), 0, 1
(62,18), 0, 1
(62,19), 0, 1
(62,20), 0, 1
(62,21), 0, 1
(62,22), 0, 1
(62,24), 0, 1
(62,25), 0, 1
(62,27), 0, 1
(62,28), 0, 1
(62,29), 0, 1
(62,30), 0, 1
(62,31), 0, 1
(62,32), 0, 1
(62,33), 0, 1
(62,35), 0, 1
(62,36), 0, 1
(62,37), 0, 1
(62,38), 0, 1
(62,39), 0, 1
(62,40), 0, 1
(62,41), 0, 1
(62,42), 0, 1
(62,43), 0, 1
(62,45), 0, 1
(62,46), 0, 1
(62,48), 0, 1
(62,49), 0, 1
(62,50), 0, 1
(62,51), 0, 1
(62,52), 0, 1
(62,53), 0, 1
(62,57), 0, 1
(62,58), 0, 1
(62,59), 0, 1
(62,60), 0, 1
(62,61), 0, 1
(62,64), 0, 1
(62,65), 0, 1
(62,66), 0, 1
(62,68), 0, 1
(62,69), 0, 1
(62,71), 0, 1
(62,73), 0, 1
(62,75), 0, 1
(62,76), 0, 1
(62,77), 0, 1
(62,78), 0, 1
(62,79), 0, 1
(62,80), 0, 1
(62,81), 0, 1
(62,83), 0, 1
(62,84), 0, 1
(62,85), 0, 1
(62,86), 0, 1
(62,87), 0, 1
(62,88), 0, 1
(62,89), 0, 1
(62,90), 0, 1
(62,91), 0, 1
(62,92), 0, 1
(63,0), 0, 1
(63,2), 0, 1
(63,3), 0, 1
(63,4), 0, 1
(63,5), 0, 1
(63,6), 0, 1
(63,7), 0, 1
(63,8), 0, 1
(63,9), 0, 1
(63,10), 0, 1
(63,11), 0, 1
(63,12), 0, 1
(63,13), 0, 1
(63,14), 0, 1
(63,17), 0, 1
(63,18), 0, 1
(63,19), 0, 1
(63,20), 0, 1
(63,22), 0, 1
(63,23), 0, 1
(63,24), 0, 1
(63,25), 0, 1
(63,27), 0, 1
(63,28), 0, 1
(63,29), 0, 1
(63,30), 0, 1
(63,31), 0, 1
(63,32), 0, 1
(63,33), 0, 1
(63,34), 0, 1
(63,35), 0, 1
(63,36), 0, 1
(63,37), 0, 1
(63,38), 0, 1
(63,39), 0, 1
(63,40), 0, 1
(63,41), 0, 1
(63,42), 0, 1
(63,43), 0, 1
(63,46), 0, 1
(63,48), 0, 1
(63,50), 0, 1
(63,51), 0, 1
(63,52), 0, 1
(63,53), 0, 1
(63,58), 0, 1
(63,59), 0, 1
(63,60), 0, 1
(63,61), 0, 1
(63,64), 0, 1
(63,65), 0, 1
(63,66), 0, 1
(63,69), 0, 1
(63,70), 0, 1
(63,71), 0, 1
(63,73), 0, 1
(63,74), 0, 1
(63,75), 0, 1
(63,77), 0, 1
(63,78), 0, 1
(63,79), 0, 1
(63,80), 0, 1
(63,81), 0, 1
(63,83), 0, 1
(63,84), 0, 1
(63,85), 0, 1
(63,86), 0, 1
(63,87), 0, 1
(63,88), 0, 1
(63,89), 0, 1
(63,90), 0, 1
(63,91), 0, 1
(63,92), 0, 1
(64,0), 0, 1
(64,9), 0, 1
(64,34), 0, 1
(64,40), 0, 1
(64,81), 0, 1
(64,89), 0, 1
(64,91), 0, 1
(64,92), 0, 1
(65,0), 0, 1
(65,9), 0, 1
(65,40), 0, 1
(65,70), 0, 1
(65,81), 0, 1
(65,89), 0, 1
(65,91), 0, 1
(65,92), 0, 1
(66,0), 0, 1
(66,9), 0, 1
(66,34), 0, 1
(66,40), 0, 1
(66,70), 0, 1
(66,81), 0, 1
(66,89), 0, 1
(66,91), 0, 1
(66,92), 0, 1
(67,0), 0, 1
(67,9), 0, 1
(67,34), 0, 1
(67,40), 0, 1
(67,70), 0, 1
(67,81), 0, 1
(67,89), 0, 1
(67,91), 0, 1
(67,92), 0, 1
(68,0), 0, 1
(68,9), 0, 1
(68,34), 0, 1
(68,40), 0, 1
(68,47), 0, 1
(68,81), 0, 1
(68,89), 0, 1
(68,91), 0, 1
(68,92), 0, 1
(69,17), 0, 1
(69,86), 0, 1
(69,95), 0, 1
(70,17), 0, 1
(70,39), 0, 1
(70,86), 0, 1
(71,0), 0, 1
(71,9), 0, 1
(71,40), 0, 1
(71,47), 0, 1
(71,81), 0, 1
(71,89), 0, 1
(71,91), 0, 1
(71,92), 0, 1
(72,0), 0, 1
(72,9), 0, 1
(72,34), 0, 1
(72,40), 0, 1
(72,70), 0, 1
(72,81), 0, 1
(72,91), 0, 1
(72,92), 0, 1
(73,0), 0, 1
(73,9), 0, 1
(73,34), 0, 1
(73,40), 0, 1
(73,70), 0, 1
(73,81), 0, 1
(73,89), 0, 1
(73,91), 0, 1
(73,92), 0, 1
(74,9), 0, 1
(74,34), 0, 1
(74,40), 0, 1
(74,70), 0, 1
(74,81), 0, 1
(74,89), 0, 1
(74,91), 0, 1
(74,92), 0, 1
(75,17), 0, 1
(75,39), 0, 1
(75,76), 0, 1
(75,86), 0, 1
(76,0), 0, 1
(76,9), 0, 1
(76,40), 0, 1
(76,70), 0, 1
(76,81), 0, 1
(76,89), 0, 1
(76,91), 0, 1
(76,92), 0, 1
(77,0), 0, 1
(77,2), 0, 1
(77,4), 0, 1
(77,5), 0, 1
(77,6), 0, 1
(77,7), 0, 1
(77,8), 0, 1
(77,9), 0, 1
(77,10), 0, 1
(77,11), 0, 1
(77,12), 0, 1
(77,13), 0, 1
(77,14), 0, 1
(77,17), 0, 1
(77,18), 0, 1
(77,19), 0, 1
(77,20), 0, 1
(77,21), 0, 1
(77,22), 0, 1
(77,23), 0, 1
(77,24), 0, 1
(77,25), 0, 1
(77,27), 0, 1
(77,28), 0, 1
(77,29), 0, 1
(77,30), 0, 1
(77,31), 0, 1
(77,32), 0, 1
(77,33), 0, 1
(77,34), 0, 1
(77,35), 0, 1
(77,36), 0, 1
(77,37), 0, 1
(77,38), 0, 1
(77,39), 0, 1
(77,40), 0, 1
(77,41), 0, 1
(77,42), 0, 1
(77,43), 0, 1
(77,45), 0, 1
(77,46), 0, 1
(77,48), 0, 1
(77,51), 0, 1
(77,52), 0, 1
(77,53), 0, 1
(77,54), 0, 1
(77,57), 0, 1
(77,58), 0, 1
(77,59), 0, 1
(77,60), 0, 1
(77,61), 0, 1
(77,64), 0, 1
(77,65), 0, 1
(77,66), 0, 1
(77,68), 0, 1
(77,69), 0, 1
(77,70), 0, 1
(77,71), 0, 1
(77,73), 0, 1
(77,74), 0, 1
(77,75), 0, 1
(77,79), 0, 1
(77,80), 0, 1
(77,81), 0, 1
(77,83), 0, 1
(77,84), 0, 1
(77,85), 0, 1
(77,86), 0, 1
(77,87), 0, 1
(77,88), 0, 1
(77,89), 0, 1
(77,90), 0, 1
(77,92), 0, 1
(78,0), 0, 1
(78,4), 0, 1
(78,5), 0, 1
(78,6), 0, 1
(78,7), 0, 1
(78,8), 0, 1
(78,9), 0, 1
(78,10), 0, 1
(78,11), 0, 1
(78,12), 0, 1
(78,13), 0, 1
(78,14), 0, 1
(78,18), 0, 1
(78,19), 0, 1
(78,21), 0, 1
(78,22), 0, 1
(78,23), 0, 1
(78,24), 0, 1
(78,25), 0, 1
(78,28), 0, 1
(78,29), 0, 1
(78,30), 0, 1
(78,31), 0, 1
(78,32), 0, 1
(78,33), 0, 1
(78,34), 0, 1
(78,35), 0, 1
(78,36), 0, 1
(78,37), 0, 1
(78,39), 0, 1
(78,40), 0, 1
(78,41), 0, 1
(78,42), 0, 1
(78,43), 0, 1
(78,45), 0, 1
(78,46), 0, 1
(78,48), 0, 1
(78,49), 0, 1
(78,50), 0, 1
(78,51), 0, 1
(78,52), 0, 1
(78,53), 0, 1
(78,55), 0, 1
(78,57), 0, 1
(78,58), 0, 1
(78,59), 0, 1
(78,60), 0, 1
(78,61), 0, 1
(78,64), 0, 1
(78,65), 0, 1
(78,66), 0, 1
(78,68), 0, 1
(78,69), 0, 1
(78,70), 0, 1
(78,71), 0, 1
(78,73), 0, 1
(78,74), 0, 1
(78,75), 0, 1
(78,76), 0, 1
(78,77), 0, 1
(78,80), 0, 1
(78,81), 0, 1
(78,83), 0, 1
(78,84), 0, 1
(78,85), 0, 1
(78,86), 0, 1
(78,87), 0, 1
(78,88), 0, 1
(78,89), 0, 1
(78,90), 0, 1
(78,91), 0, 1
(78,92), 0, 1
(78,95), 0, 1
(79,0), 0, 1
(79,9), 0, 1
(79,40), 0, 1
(79,47), 0, 1
(79,70), 0, 1
(79,81), 0, 1
(79,89), 0, 1
(79,91), 0, 1
(79,92), 0, 1
(80,0), 0, 1
(80,9), 0, 1
(80,70), 0, 1
(80,81), 0, 1
(80,89), 0, 1
(80,91), 0, 1
(80,92), 0, 1
(81,0), 0, 1
(81,2), 0, 1
(81,3), 0, 1
(81,4), 0, 1
(81,5), 0, 1
(81,6), 0, 1
(81,7), 0, 1
(81,8), 0, 1
(81,9), 0, 1
(81,10), 0, 1
(81,11), 0, 1
(81,12), 0, 1
(81,13), 0, 1
(81,14), 0, 1
(81,17), 0, 1
(81,20), 0, 1
(81,21), 0, 1
(81,22), 0, 1
(81,23), 0, 1
(81,24), 0, 1
(81,25), 0, 1
(81,27), 0, 1
(81,28), 0, 1
(81,29), 0, 1
(81,30), 0, 1
(81,31), 0, 1
(81,32), 0, 1
(81,33), 0, 1
(81,35), 0, 1
(81,36), 0, 1
(81,37), 0, 1
(81,38), 0, 1
(81,39), 0, 1
(81,40), 0, 1
(81,41), 0, 1
(81,42), 0, 1
(81,43), 0, 1
(81,45), 0, 1
(81,46), 0, 1
(81,48), 0, 1
(81,49), 0, 1
(81,50), 0, 1
(81,51), 0, 1
(81,52), 0, 1
(81,53), 0, 1
(81,57), 0, 1
(81,58), 0, 1
(81,59), 0, 1
(81,61), 0, 1
(81,63), 0, 1
(81,64), 0, 1
(81,65), 0, 1
(81,66), 0, 1
(81,68), 0, 1
(81,69), 0, 1
(81,70), 0, 1
(81,71), 0, 1
(81,73), 0, 1
(81,75), 0, 1
(81,76), 0, 1
(81,77), 0, 1
(81,79), 0, 1
(81,80), 0, 1
(81,83), 0, 1
(81,84), 0, 1
(81,85), 0, 1
(81,86), 0, 1
(81,88), 0, 1
(81,89), 0, 1
(81,90), 0, 1
(81,91), 0, 1
(82,0), 0, 1
(82,9), 0, 1
(82,40), 0, 1
(82,70), 0, 1
(82,81), 0, 1
(82,89), 0, 1
(82,91), 0, 1
(82,92), 0, 1
(83,0), 0, 1
(83,9), 0, 1
(83,34), 0, 1
(83,40), 0, 1
(83,70), 0, 1
(83,81), 0, 1
(83,89), 0, 1
(83,91), 0, 1
(83,92), 0, 1
(84,0), 0, 1
(84,9), 0, 1
(84,34), 0, 1
(84,40), 0, 1
(84,70), 0, 1
(84,81), 0, 1
(84,89), 0, 1
(84,91), 0, 1
(84,92), 0, 1
(86,0), 0, 1
(86,9), 0, 1
(86,34), 0, 1
(86,40), 0, 1
(86,70), 0, 1
(86,81), 0, 1
(86,89), 0, 1
(86,91), 0, 1
(86,92), 0, 1
(87,39), 0, 1
(87,76), 0, 1
(87,86), 0, 1
(88,9), 0, 1
(88,34), 0, 1
(88,40), 0, 1
(88,70), 0, 1
(88,81), 0, 1
(88,89), 0, 1
(88,91), 0, 1
(88,92), 0, 1
(89,0), 0, 1
(89,3), 0, 1
(89,4), 0, 1
(89,5), 0, 1
(89,6), 0, 1
(89,8), 0, 1
(89,9), 0, 1
(89,10), 0, 1
(89,11), 0, 1
(89,13), 0, 1
(89,14), 0, 1
(89,18), 0, 1
(89,19), 0, 1
(89,20), 0, 1
(89,21), 0, 1
(89,22), 0, 1
(89,23), 0, 1
(89,24), 0, 1
(89,25), 0, 1
(89,28), 0, 1
(89,29), 0, 1
(89,30), 0, 1
(89,31), 0, 1
(89,32), 0, 1
(89,33), 0, 1
(89,34), 0, 1
(89,35), 0, 1
(89,36), 0, 1
(89,37), 0, 1
(89,38), 0, 1
(89,39), 0, 1
(89,40), 0, 1
(89,41), 0, 1
(89,42), 0, 1
(89,43), 0, 1
(89,45), 0, 1
(89,46), 0, 1
(89,48), 0, 1
(89,49), 0, 1
(89,50), 0, 1
(89,51), 0, 1
(89,52), 0, 1
(89,53), 0, 1
(89,57), 0, 1
(89,58), 0, 1
(89,59), 0, 1
(89,60), 0, 1
(89,61), 0, 1
(89,64), 0, 1
(89,65), 0, 1
(89,66), 0, 1
(89,68), 0, 1
(89,69), 0, 1
(89,70), 0, 1
(89,71), 0, 1
(89,73), 0, 1
(89,74), 0, 1
(89,75), 0, 1
(89,76), 0, 1
(89,77), 0, 1
(89,78), 0, 1
(89,79), 0, 1
(89,80), 0, 1
(89,81), 0, 1
(89,83), 0, 1
(89,84), 0, 1
(89,85), 0, 1
(89,86), 0, 1
(89,88), 0, 1
(89,90), 0, 1
(89,91), 0, 1
(89,92), 0, 1
(90,0), 0, 1
(90,9), 0, 1
(90,40), 0, 1
(90,70), 0, 1
(90,81), 0, 1
(90,89), 0, 1
(90,91), 0, 1
(90,92), 0, 1
(91,17), 0, 1
(91,39), 0, 1
(91,76), 0, 1
(91,86), 0, 1
(91,95), 0, 1
(92,0), 0, 1
(92,3), 0, 1
(92,4), 0, 1
(92,5), 0, 1
(92,6), 0, 1
(92,7), 0, 1
(92,8), 0, 1
(92,9), 0, 1
(92,10), 0, 1
(92,11), 0, 1
(92,12), 0, 1
(92,13), 0, 1
(92,14), 0, 1
(92,17), 0, 1
(92,18), 0, 1
(92,19), 0, 1
(92,20), 0, 1
(92,21), 0, 1
(92,22), 0, 1
(92,23), 0, 1
(92,24), 0, 1
(92,25), 0, 1
(92,27), 0, 1
(92,28), 0, 1
(92,29), 0, 1
(92,30), 0, 1
(92,31), 0, 1
(92,32), 0, 1
(92,33), 0, 1
(92,34), 0, 1
(92,36), 0, 1
(92,37), 0, 1
(92,38), 0, 1
(92,39), 0, 1
(92,40), 0, 1
(92,41), 0, 1
(92,42), 0, 1
(92,43), 0, 1
(92,46), 0, 1
(92,48), 0, 1
(92,51), 0, 1
(92,52), 0, 1
(92,53), 0, 1
(92,57), 0, 1
(92,58), 0, 1
(92,59), 0, 1
(92,60), 0, 1
(92,61), 0, 1
(92,62), 0, 1
(92,64), 0, 1
(92,65), 0, 1
(92,66), 0, 1
(92,68), 0, 1
(92,69), 0, 1
(92,70), 0, 1
(92,71), 0, 1
(92,73), 0, 1
(92,74), 0, 1
(92,75), 0, 1
(92,76), 0, 1
(92,78), 0, 1
(92,79), 0, 1
(92,80), 0, 1
(92,81), 0, 1
(92,83), 0, 1
(92,84), 0, 1
(92,85), 0, 1
(92,86), 0, 1
(92,87), 0, 1
(92,88), 0, 1
(92,89), 0, 1
(92,90), 0, 1
(92,91), 0, 1
(93,0), 0, 1
(93,2), 0, 1
(93,3), 0, 1
(93,4), 0, 1
(93,5), 0, 1
(93,6), 0, 1
(93,7), 0, 1
(93,8), 0, 1
(93,9), 0, 1
(93,10), 0, 1
(93,11), 0, 1
(93,13), 0, 1
(93,14), 0, 1
(93,17), 0, 1
(93,18), 0, 1
(93,19), 0, 1
(93,20), 0, 1
(93,21), 0, 1
(93,22), 0, 1
(93,23), 0, 1
(93,24), 0, 1
(93,25), 0, 1
(93,28), 0, 1
(93,29), 0, 1
(93,30), 0, 1
(93,31), 0, 1
(93,32), 0, 1
(93,33), 0, 1
(93,35), 0, 1
(93,36), 0, 1
(93,37), 0, 1
(93,38), 0, 1
(93,39), 0, 1
(93,40), 0, 1
(93,42), 0, 1
(93,43), 0, 1
(93,45), 0, 1
(93,46), 0, 1
(93,48), 0, 1
(93,49), 0, 1
(93,50), 0, 1
(93,51), 0, 1
(93,52), 0, 1
(93,53), 0, 1
(93,61), 0, 1
(93,64), 0, 1
(93,65), 0, 1
(93,66), 0, 1
(93,68), 0, 1
(93,69), 0, 1
(93,70), 0, 1
(93,71), 0, 1
(93,73), 0, 1
(93,74), 0, 1
(93,75), 0, 1
(93,77), 0, 1
(93,79), 0, 1
(93,80), 0, 1
(93,81), 0, 1
(93,83), 0, 1
(93,84), 0, 1
(93,85), 0, 1
(93,86), 0, 1
(93,87), 0, 1
(93,88), 0, 1
(93,89), 0, 1
(93,90), 0, 1
(93,91), 0, 1
(93,92), 0, 1
(94,0), 0, 1
(94,2), 0, 1
(94,3), 0, 1
(94,4), 0, 1
(94,5), 0, 1
(94,6), 0, 1
(94,8), 0, 1
(94,9), 0, 1
(94,10), 0, 1
(94,11), 0, 1
(94,12), 0, 1
(94,13), 0, 1
(94,14), 0, 1
(94,18), 0, 1
(94,19), 0, 1
(94,20), 0, 1
(94,21), 0, 1
(94,22), 0, 1
(94,23), 0, 1
(94,24), 0, 1
(94,25), 0, 1
(94,28), 0, 1
(94,29), 0, 1
(94,30), 0, 1
(94,31), 0, 1
(94,32), 0, 1
(94,33), 0, 1
(94,35), 0, 1
(94,36), 0, 1
(94,37), 0, 1
(94,38), 0, 1
(94,39), 0, 1
(94,41), 0, 1
(94,42), 0, 1
(94,43), 0, 1
(94,46), 0, 1
(94,48), 0, 1
(94,50), 0, 1
(94,51), 0, 1
(94,52), 0, 1
(94,53), 0, 1
(94,57), 0, 1
(94,58), 0, 1
(94,59), 0, 1
(94,60), 0, 1
(94,61), 0, 1
(94,63), 0, 1
(94,64), 0, 1
(94,65), 0, 1
(94,66), 0, 1
(94,69), 0, 1
(94,70), 0, 1
(94,73), 0, 1
(94,74), 0, 1
(94,75), 0, 1
(94,76), 0, 1
(94,77), 0, 1
(94,78), 0, 1
(94,79), 0, 1
(94,80), 0, 1
(94,81), 0, 1
(94,83), 0, 1
(94,85), 0, 1
(94,86), 0, 1
(94,87), 0, 1
(94,88), 0, 1
(94,89), 0, 1
(94,90), 0, 1
(94,91), 0, 1
(94,92), 0, 1
(95,17), 0, 1
(95,39), 0, 1
(95,76), 0, 1
(95,86), 0, 1
(96,0), 0, 1
(96,2), 0, 1
(96,3), 0, 1
(96,4), 0, 1
(96,5), 0, 1
(96,6), 0, 1
(96,7), 0, 1
(96,9), 0, 1
(96,10), 0, 1
(96,11), 0, 1
(96,12), 0, 1
(96,13), 0, 1
(96,14), 0, 1
(96,15), 0, 1
(96,18), 0, 1
(96,19), 0, 1
(96,20), 0, 1
(96,22), 0, 1
(96,23), 0, 1
(96,24), 0, 1
(96,25), 0, 1
(96,27), 0, 1
(96,28), 0, 1
(96,29), 0, 1
(96,30), 0, 1
(96,33), 0, 1
(96,35), 0, 1
(96,36), 0, 1
(96,37), 0, 1
(96,38), 0, 1
(96,39), 0, 1
(96,40), 0, 1
(96,41), 0, 1
(96,42), 0, 1
(96,43), 0, 1
(96,45), 0, 1
(96,46), 0, 1
(96,47), 0, 1
(96,48), 0, 1
(96,51), 0, 1
(96,52), 0, 1
(96,53), 0, 1
(96,57), 0, 1
(96,58), 0, 1
(96,59), 0, 1
(96,61), 0, 1
(96,62), 0, 1
(96,64), 0, 1
(96,65), 0, 1
(96,66), 0, 1
(96,68), 0, 1
(96,69), 0, 1
(96,70), 0, 1
(96,71), 0, 1
(96,73), 0, 1
(96,74), 0, 1
(96,75), 0, 1
(96,76), 0, 1
(96,77), 0, 1
(96,78), 0, 1
(96,79), 0, 1
(96,80), 0, 1
(96,81), 0, 1
(96,83), 0, 1
(96,84), 0, 1
(96,85), 0, 1
(96,86), 0, 1
(96,87), 0, 1
(96,88), 0, 1
(96,89), 0, 1
(96,90), 0, 1
(96,91), 0, 1
(96,92), 0, 1
(97,0), 0, 1
(97,3), 0, 1
(97,4), 0, 1
(97,5), 0, 1
(97,6), 0, 1
(97,7), 0, 1
(97,8), 0, 1
(97,9), 0, 1
(97,10), 0, 1
(97,11), 0, 1
(97,12), 0, 1
(97,13), 0, 1
(97,14), 0, 1
(97,17), 0, 1
(97,18), 0, 1
(97,19), 0, 1
(97,20), 0, 1
(97,21), 0, 1
(97,22), 0, 1
(97,23), 0, 1
(97,24), 0, 1
(97,25), 0, 1
(97,27), 0, 1
(97,28), 0, 1
(97,29), 0, 1
(97,30), 0, 1
(97,31), 0, 1
(97,32), 0, 1
(97,33), 0, 1
(97,34), 0, 1
(97,35), 0, 1
(97,37), 0, 1
(97,38), 0, 1
(97,39), 0, 1
(97,40), 0, 1
(97,41), 0, 1
(97,42), 0, 1
(97,46), 0, 1
(97,48), 0, 1
(97,49), 0, 1
(97,50), 0, 1
(97,51), 0, 1
(97,52), 0, 1
(97,53), 0, 1
(97,57), 0, 1
(97,58), 0, 1
(97,59), 0, 1
(97,61), 0, 1
(97,62), 0, 1
(97,64), 0, 1
(97,65), 0, 1
(97,66), 0, 1
(97,67), 0, 1
(97,68), 0, 1
(97,69), 0, 1
(97,70), 0, 1
(97,71), 0, 1
(97,73), 0, 1
(97,75), 0, 1
(97,76), 0, 1
(97,77), 0, 1
(97,79), 0, 1
(97,80), 0, 1
(97,81), 0, 1
(97,83), 0, 1
(97,84), 0, 1
(97,86), 0, 1
(97,87), 0, 1
(97,88), 0, 1
(97,89), 0, 1
(97,91), 0, 1
(98,0), 0, 1
(98,2), 0, 1
(98,3), 0, 1
(98,4), 0, 1
(98,5), 0, 1
(98,6), 0, 1
(98,7), 0, 1
(98,8), 0, 1
(98,9), 0, 1
(98,10), 0, 1
(98,11), 0, 1
(98,12), 0, 1
(98,14), 0, 1
(98,17), 0, 1
(98,18), 0, 1
(98,19), 0, 1
(98,20), 0, 1
(98,21), 0, 1
(98,22), 0, 1
(98,23), 0, 1
(98,24), 0, 1
(98,25), 0, 1
(98,27), 0, 1
(98,28), 0, 1
(98,29), 0, 1
(98,30), 0, 1
(98,31), 0, 1
(98,32), 0, 1
(98,33), 0, 1
(98,34), 0, 1
(98,35), 0, 1
(98,36), 0, 1
(98,37), 0, 1
(98,38), 0, 1
(98,39), 0, 1
(98,40), 0, 1
(98,41), 0, 1
(98,42), 0, 1
(98,43), 0, 1
(98,46), 0, 1
(98,48), 0, 1
(98,50), 0, 1
(98,51), 0, 1
(98,52), 0, 1
(98,53), 0, 1
(98,57), 0, 1
(98,58), 0, 1
(98,59), 0, 1
(98,60), 0, 1
(98,61), 0, 1
(98,64), 0, 1
(98,65), 0, 1
(98,66), 0, 1
(98,68), 0, 1
(98,69), 0, 1
(98,70), 0, 1
(98,71), 0, 1
(98,73), 0, 1
(98,75), 0, 1
(98,76), 0, 1
(98,77), 0, 1
(98,78), 0, 1
(98,79), 0, 1
(98,80), 0, 1
(98,81), 0, 1
(98,83), 0, 1
(98,84), 0, 1
(98,85), 0, 1
(98,86), 0, 1
(98,87), 0, 1
(98,88), 0, 1
(98,89), 0, 1
(98,90), 0, 1
(98,91), 0, 1
(98,94), 0, 1
(99,17), 0, 1
(99,39), 0, 1
(99,76), 0, 1
(99,86), 0, 1
