Nr_Pairs = 95
Nr_NDD = 5
Nr_Arcs = 2352
0	0.05
1	0.05
2	0.05
3	0.05
4	0.1
5	0.1
6	0.2875000000000001
7	0.05
8	0.2875000000000001
9	0.9
10	0.05
11	0.05
12	0.05
13	0.05
14	0.05
15	0.9
16	0.05
17	0.05
18	0.9
19	0.9
20	0.925
21	0.05
22	0.05
23	0.05
24	0.1
25	0.05
26	0.925
27	0.05
28	0.05
29	0.9
30	0.2875000000000001
31	0.05
32	0.1
33	0.9
34	0.9
35	0.925
36	0.05
37	0.05
38	0.05
39	0.05
40	0.05
41	0.05
42	0.1
43	0.9
44	0.2875000000000001
45	0.05
46	0.2875000000000001
47	0.2875000000000001
48	0.2875000000000001
49	0.05
50	0.1
51	0.9
52	0.2875000000000001
53	0.2875000000000001
54	0.05
55	0.05
56	0.05
57	0.05
58	0.32499999999999996
59	0.925
60	0.05
61	0.05
62	0.9
63	0.2875000000000001
64	0.1
65	0.05
66	0.32499999999999996
67	0.1
68	0.32499999999999996
69	0.05
70	0.1
71	0.05
72	0.05
73	0.9
74	0.925
75	0.2875000000000001
76	0.9
77	0.2875000000000001
78	0.05
79	0.05
80	0.05
81	0.2875000000000001
82	0.2875000000000001
83	0.32499999999999996
84	0.1
85	0.9
86	0.05
87	0.2875000000000001
88	0.9
89	0.9
90	0.2875000000000001
91	0.1
92	0.2875000000000001
93	0.1
94	0.05
95	0.0
96	0.0
97	0.0
98	0.0
99	0.0
(0,3), 0, 1
(0,8), 0, 1
(0,23), 0, 1
(0,40), 0, 1
(0,46), 0, 1
(0,50), 0, 1
(0,56), 0, 1
(0,73), 0, 1
(0,83), 0, 1
(1,3), 0, 1
(1,8), 0, 1
(1,23), 0, 1
(1,40), 0, 1
(1,46), 0, 1
(1,50), 0, 1
(1,56), 0, 1
(1,83), 0, 1
(1,90), 0, 1
(2,0), 0, 1
(2,5), 0, 1
(2,7), 0, 1
(2,10), 0, 1
(2,21), 0, 1
(2,28), 0, 1
(2,30), 0, 1
(2,42), 0, 1
(2,52), 0, 1
(2,82), 0, 1
(2,86), 0, 1
(3,0), 0, 1
(3,2), 0, 1
(3,5), 0, 1
(3,7), 0, 1
(3,10), 0, 1
(3,13), 0, 1
(3,19), 0, 1
(3,20), 0, 1
(3,21), 0, 1
(3,28), 0, 1
(3,30), 0, 1
(3,42), 0, 1
(3,76), 0, 1
(3,86), 0, 1
(4,0), 0, 1
(4,2), 0, 1
(4,5), 0, 1
(4,7), 0, 1
(4,10), 0, 1
(4,13), 0, 1
(4,16), 0, 1
(4,21), 0, 1
(4,28), 0, 1
(4,30), 0, 1
(4,42), 0, 1
(4,82), 0, 1
(4,86), 0, 1
(5,0), 0, 1
(5,1), 0, 1
(5,2), 0, 1
(5,3), 0, 1
(5,4), 0, 1
(5,7), 0, 1
(5,10), 0, 1
(5,11), 0, 1
(5,12), 0, 1
(5,13), 0, 1
(5,16), 0, 1
(5,17), 0, 1
(5,23), 0, 1
(5,24), 0, 1
(5,25), 0, 1
(5,27), 0, 1
(5,28), 0, 1
(5,31), 0, 1
(5,32), 0, 1
(5,33), 0, 1
(5,36), 0, 1
(5,37), 0, 1
(5,38), 0, 1
(5,39), 0, 1
(5,40), 0, 1
(5,41), 0, 1
(5,42), 0, 1
(5,44), 0, 1
(5,45), 0, 1
(5,47), 0, 1
(5,48), 0, 1
(5,49), 0, 1
(5,50), 0, 1
(5,52), 0, 1
(5,54), 0, 1
(5,55), 0, 1
(5,56), 0, 1
(5,57), 0, 1
(5,58), 0, 1
(5,60), 0, 1
(5,61), 0, 1
(5,64), 0, 1
(5,65), 0, 1
(5,67), 0, 1
(5,68), 0, 1
(5,69), 0, 1
(5,70), 0, 1
(5,71), 0, 1
(5,72), 0, 1
(5,75), 0, 1
(5,77), 0, 1
(5,78), 0, 1
(5,79), 0, 1
(5,80), 0, 1
(5,81), 0, 1
(5,82), 0, 1
(5,83), 0, 1
(5,84), 0, 1
(5,86), 0, 1
(5,90), 0, 1
(5,91), 0, 1
(5,92), 0, 1
(5,93), 0, 1
(6,2), 0, 1
(6,5), 0, 1
(6,7), 0, 1
(6,10), 0, 1
(6,13), 0, 1
(6,16), 0, 1
(6,21), 0, 1
(6,28), 0, 1
(6,42), 0, 1
(6,52), 0, 1
(6,76), 0, 1
(6,82), 0, 1
(6,86), 0, 1
(8,0), 0, 1
(8,1), 0, 1
(8,3), 0, 1
(8,5), 0, 1
(8,7), 0, 1
(8,10), 0, 1
(8,11), 0, 1
(8,12), 0, 1
(8,13), 0, 1
(8,14), 0, 1
(8,16), 0, 1
(8,17), 0, 1
(8,21), 0, 1
(8,22), 0, 1
(8,23), 0, 1
(8,24), 0, 1
(8,25), 0, 1
(8,27), 0, 1
(8,28), 0, 1
(8,30), 0, 1
(8,31), 0, 1
(8,32), 0, 1
(8,36), 0, 1
(8,37), 0, 1
(8,38), 0, 1
(8,39), 0, 1
(8,40), 0, 1
(8,41), 0, 1
(8,42), 0, 1
(8,43), 0, 1
(8,45), 0, 1
(8,48), 0, 1
(8,49), 0, 1
(8,50), 0, 1
(8,51), 0, 1
(8,53), 0, 1
(8,55), 0, 1
(8,56), 0, 1
(8,57), 0, 1
(8,58), 0, 1
(8,60), 0, 1
(8,61), 0, 1
(8,63), 0, 1
(8,64), 0, 1
(8,65), 0, 1
(8,66), 0, 1
(8,67), 0, 1
(8,69), 0, 1
(8,70), 0, 1
(8,71), 0, 1
(8,72), 0, 1
(8,75), 0, 1
(8,77), 0, 1
(8,78), 0, 1
(8,80), 0, 1
(8,81), 0, 1
(8,84), 0, 1
(8,86), 0, 1
(8,87), 0, 1
(8,91), 0, 1
(8,92), 0, 1
(8,93), 0, 1
(8,94), 0, 1
(10,3), 0, 1
(10,8), 0, 1
(10,23), 0, 1
(10,40), 0, 1
(10,50), 0, 1
(10,56), 0, 1
(10,83), 0, 1
(11,0), 0, 1
(11,2), 0, 1
(11,5), 0, 1
(11,7), 0, 1
(11,10), 0, 1
(11,13), 0, 1
(11,16), 0, 1
(11,28), 0, 1
(11,30), 0, 1
(11,42), 0, 1
(11,52), 0, 1
(11,82), 0, 1
(11,86), 0, 1
(11,89), 0, 1
(12,3), 0, 1
(12,8), 0, 1
(12,23), 0, 1
(12,40), 0, 1
(12,46), 0, 1
(12,50), 0, 1
(12,56), 0, 1
(12,83), 0, 1
(13,3), 0, 1
(13,8), 0, 1
(13,23), 0, 1
(13,40), 0, 1
(13,46), 0, 1
(13,56), 0, 1
(13,73), 0, 1
(13,83), 0, 1
(13,90), 0, 1
(14,0), 0, 1
(14,2), 0, 1
(14,5), 0, 1
(14,7), 0, 1
(14,10), 0, 1
(14,13), 0, 1
(14,16), 0, 1
(14,19), 0, 1
(14,21), 0, 1
(14,28), 0, 1
(14,30), 0, 1
(14,42), 0, 1
(14,52), 0, 1
(14,82), 0, 1
(14,85), 0, 1
(14,86), 0, 1
(15,0), 0, 1
(15,2), 0, 1
(15,5), 0, 1
(15,7), 0, 1
(15,10), 0, 1
(15,13), 0, 1
(15,16), 0, 1
(15,20), 0, 1
(15,21), 0, 1
(15,28), 0, 1
(15,42), 0, 1
(15,52), 0, 1
(15,76), 0, 1
(15,82), 0, 1
(15,86), 0, 1
(16,3), 0, 1
(16,8), 0, 1
(16,23), 0, 1
(16,40), 0, 1
(16,46), 0, 1
(16,50), 0, 1
(16,56), 0, 1
(16,83), 0, 1
(16,90), 0, 1
(17,0), 0, 1
(17,2), 0, 1
(17,5), 0, 1
(17,7), 0, 1
(17,10), 0, 1
(17,13), 0, 1
(17,21), 0, 1
(17,28), 0, 1
(17,82), 0, 1
(17,86), 0, 1
(18,0), 0, 1
(18,2), 0, 1
(18,5), 0, 1
(18,7), 0, 1
(18,10), 0, 1
(18,13), 0, 1
(18,16), 0, 1
(18,21), 0, 1
(18,28), 0, 1
(18,42), 0, 1
(18,52), 0, 1
(18,82), 0, 1
(18,86), 0, 1
(19,0), 0, 1
(19,1), 0, 1
(19,2), 0, 1
(19,3), 0, 1
(19,4), 0, 1
(19,5), 0, 1
(19,6), 0, 1
(19,7), 0, 1
(19,9), 0, 1
(19,10), 0, 1
(19,11), 0, 1
(19,12), 0, 1
(19,13), 0, 1
(19,14), 0, 1
(19,16), 0, 1
(19,17), 0, 1
(19,18), 0, 1
(19,21), 0, 1
(19,22), 0, 1
(19,23), 0, 1
(19,25), 0, 1
(19,27), 0, 1
(19,28), 0, 1
(19,30), 0, 1
(19,31), 0, 1
(19,32), 0, 1
(19,36), 0, 1
(19,37), 0, 1
(19,38), 0, 1
(19,39), 0, 1
(19,40), 0, 1
(19,41), 0, 1
(19,44), 0, 1
(19,45), 0, 1
(19,46), 0, 1
(19,48), 0, 1
(19,49), 0, 1
(19,50), 0, 1
(19,52), 0, 1
(19,53), 0, 1
(19,54), 0, 1
(19,55), 0, 1
(19,56), 0, 1
(19,57), 0, 1
(19,58), 0, 1
(19,60), 0, 1
(19,61), 0, 1
(19,63), 0, 1
(19,64), 0, 1
(19,65), 0, 1
(19,66), 0, 1
(19,67), 0, 1
(19,68), 0, 1
(19,69), 0, 1
(19,70), 0, 1
(19,71), 0, 1
(19,72), 0, 1
(19,75), 0, 1
(19,78), 0, 1
(19,79), 0, 1
(19,80), 0, 1
(19,82), 0, 1
(19,84), 0, 1
(19,85), 0, 1
(19,86), 0, 1
(19,87), 0, 1
(19,88), 0, 1
(19,90), 0, 1
(19,91), 0, 1
(19,92), 0, 1
(19,93), 0, 1
(19,94), 0, 1
(20,0), 0, 1
(20,1), 0, 1
(20,2), 0, 1
(20,3), 0, 1
(20,4), 0, 1
(20,5), 0, 1
(20,6), 0, 1
(20,7), 0, 1
(20,8), 0, 1
(20,10), 0, 1
(20,11), 0, 1
(20,12), 0, 1
(20,13), 0, 1
(20,14), 0, 1
(20,16), 0, 1
(20,17), 0, 1
(20,22), 0, 1
(20,23), 0, 1
(20,24), 0, 1
(20,27), 0, 1
(20,28), 0, 1
(20,30), 0, 1
(20,31), 0, 1
(20,32), 0, 1
(20,36), 0, 1
(20,37), 0, 1
(20,38), 0, 1
(20,39), 0, 1
(20,40), 0, 1
(20,41), 0, 1
(20,42), 0, 1
(20,45), 0, 1
(20,47), 0, 1
(20,49), 0, 1
(20,50), 0, 1
(20,53), 0, 1
(20,54), 0, 1
(20,55), 0, 1
(20,56), 0, 1
(20,57), 0, 1
(20,58), 0, 1
(20,60), 0, 1
(20,61), 0, 1
(20,64), 0, 1
(20,65), 0, 1
(20,66), 0, 1
(20,67), 0, 1
(20,68), 0, 1
(20,69), 0, 1
(20,70), 0, 1
(20,71), 0, 1
(20,72), 0, 1
(20,73), 0, 1
(20,75), 0, 1
(20,78), 0, 1
(20,79), 0, 1
(20,80), 0, 1
(20,83), 0, 1
(20,84), 0, 1
(20,86), 0, 1
(20,90), 0, 1
(20,91), 0, 1
(20,92), 0, 1
(20,93), 0, 1
(20,94), 0, 1
(21,3), 0, 1
(21,23), 0, 1
(21,40), 0, 1
(21,50), 0, 1
(21,56), 0, 1
(21,83), 0, 1
(21,90), 0, 1
(22,0), 0, 1
(22,2), 0, 1
(22,10), 0, 1
(22,13), 0, 1
(22,16), 0, 1
(22,21), 0, 1
(22,28), 0, 1
(22,30), 0, 1
(22,42), 0, 1
(22,52), 0, 1
(22,82), 0, 1
(22,85), 0, 1
(22,86), 0, 1
(23,0), 0, 1
(23,2), 0, 1
(23,5), 0, 1
(23,7), 0, 1
(23,10), 0, 1
(23,13), 0, 1
(23,20), 0, 1
(23,21), 0, 1
(23,28), 0, 1
(23,42), 0, 1
(23,52), 0, 1
(23,86), 0, 1
(24,0), 0, 1
(24,2), 0, 1
(24,5), 0, 1
(24,7), 0, 1
(24,10), 0, 1
(24,13), 0, 1
(24,16), 0, 1
(24,21), 0, 1
(24,28), 0, 1
(24,42), 0, 1
(24,73), 0, 1
(24,82), 0, 1
(24,86), 0, 1
(25,0), 0, 1
(25,2), 0, 1
(25,5), 0, 1
(25,7), 0, 1
(25,13), 0, 1
(25,16), 0, 1
(25,21), 0, 1
(25,28), 0, 1
(25,85), 0, 1
(25,86), 0, 1
(26,0), 0, 1
(26,1), 0, 1
(26,2), 0, 1
(26,3), 0, 1
(26,4), 0, 1
(26,5), 0, 1
(26,6), 0, 1
(26,7), 0, 1
(26,8), 0, 1
(26,10), 0, 1
(26,11), 0, 1
(26,12), 0, 1
(26,13), 0, 1
(26,14), 0, 1
(26,16), 0, 1
(26,17), 0, 1
(26,20), 0, 1
(26,21), 0, 1
(26,22), 0, 1
(26,23), 0, 1
(26,24), 0, 1
(26,25), 0, 1
(26,27), 0, 1
(26,28), 0, 1
(26,30), 0, 1
(26,31), 0, 1
(26,32), 0, 1
(26,36), 0, 1
(26,37), 0, 1
(26,38), 0, 1
(26,39), 0, 1
(26,40), 0, 1
(26,41), 0, 1
(26,42), 0, 1
(26,44), 0, 1
(26,45), 0, 1
(26,46), 0, 1
(26,48), 0, 1
(26,49), 0, 1
(26,50), 0, 1
(26,52), 0, 1
(26,53), 0, 1
(26,55), 0, 1
(26,56), 0, 1
(26,57), 0, 1
(26,60), 0, 1
(26,61), 0, 1
(26,63), 0, 1
(26,64), 0, 1
(26,65), 0, 1
(26,66), 0, 1
(26,67), 0, 1
(26,68), 0, 1
(26,69), 0, 1
(26,70), 0, 1
(26,71), 0, 1
(26,72), 0, 1
(26,75), 0, 1
(26,77), 0, 1
(26,78), 0, 1
(26,79), 0, 1
(26,80), 0, 1
(26,82), 0, 1
(26,83), 0, 1
(26,84), 0, 1
(26,86), 0, 1
(26,89), 0, 1
(26,90), 0, 1
(26,91), 0, 1
(26,92), 0, 1
(26,93), 0, 1
(26,94), 0, 1
(27,0), 0, 1
(27,2), 0, 1
(27,5), 0, 1
(27,7), 0, 1
(27,10), 0, 1
(27,13), 0, 1
(27,15), 0, 1
(27,16), 0, 1
(27,19), 0, 1
(27,28), 0, 1
(27,30), 0, 1
(27,42), 0, 1
(27,52), 0, 1
(27,82), 0, 1
(27,86), 0, 1
(27,89), 0, 1
(28,0), 0, 1
(28,1), 0, 1
(28,2), 0, 1
(28,3), 0, 1
(28,4), 0, 1
(28,5), 0, 1
(28,6), 0, 1
(28,7), 0, 1
(28,10), 0, 1
(28,11), 0, 1
(28,12), 0, 1
(28,13), 0, 1
(28,14), 0, 1
(28,16), 0, 1
(28,17), 0, 1
(28,21), 0, 1
(28,22), 0, 1
(28,23), 0, 1
(28,24), 0, 1
(28,25), 0, 1
(28,27), 0, 1
(28,31), 0, 1
(28,32), 0, 1
(28,36), 0, 1
(28,37), 0, 1
(28,38), 0, 1
(28,39), 0, 1
(28,40), 0, 1
(28,41), 0, 1
(28,42), 0, 1
(28,44), 0, 1
(28,45), 0, 1
(28,46), 0, 1
(28,48), 0, 1
(28,50), 0, 1
(28,53), 0, 1
(28,54), 0, 1
(28,55), 0, 1
(28,56), 0, 1
(28,57), 0, 1
(28,58), 0, 1
(28,60), 0, 1
(28,61), 0, 1
(28,63), 0, 1
(28,64), 0, 1
(28,65), 0, 1
(28,67), 0, 1
(28,69), 0, 1
(28,71), 0, 1
(28,72), 0, 1
(28,75), 0, 1
(28,77), 0, 1
(28,78), 0, 1
(28,79), 0, 1
(28,80), 0, 1
(28,81), 0, 1
(28,84), 0, 1
(28,86), 0, 1
(28,87), 0, 1
(28,88), 0, 1
(28,90), 0, 1
(28,91), 0, 1
(28,93), 0, 1
(28,94), 0, 1
(29,0), 0, 1
(29,1), 0, 1
(29,2), 0, 1
(29,3), 0, 1
(29,4), 0, 1
(29,5), 0, 1
(29,6), 0, 1
(29,7), 0, 1
(29,8), 0, 1
(29,10), 0, 1
(29,11), 0, 1
(29,12), 0, 1
(29,13), 0, 1
(29,14), 0, 1
(29,16), 0, 1
(29,17), 0, 1
(29,22), 0, 1
(29,23), 0, 1
(29,24), 0, 1
(29,25), 0, 1
(29,27), 0, 1
(29,28), 0, 1
(29,30), 0, 1
(29,31), 0, 1
(29,32), 0, 1
(29,36), 0, 1
(29,37), 0, 1
(29,38), 0, 1
(29,39), 0, 1
(29,40), 0, 1
(29,41), 0, 1
(29,42), 0, 1
(29,44), 0, 1
(29,45), 0, 1
(29,46), 0, 1
(29,48), 0, 1
(29,49), 0, 1
(29,52), 0, 1
(29,53), 0, 1
(29,54), 0, 1
(29,55), 0, 1
(29,56), 0, 1
(29,57), 0, 1
(29,60), 0, 1
(29,61), 0, 1
(29,63), 0, 1
(29,64), 0, 1
(29,65), 0, 1
(29,66), 0, 1
(29,67), 0, 1
(29,68), 0, 1
(29,69), 0, 1
(29,70), 0, 1
(29,71), 0, 1
(29,72), 0, 1
(29,75), 0, 1
(29,78), 0, 1
(29,79), 0, 1
(29,80), 0, 1
(29,81), 0, 1
(29,82), 0, 1
(29,83), 0, 1
(29,84), 0, 1
(29,86), 0, 1
(29,90), 0, 1
(29,91), 0, 1
(29,92), 0, 1
(29,93), 0, 1
(29,94), 0, 1
(31,3), 0, 1
(31,23), 0, 1
(31,40), 0, 1
(31,46), 0, 1
(31,50), 0, 1
(31,56), 0, 1
(31,90), 0, 1
(32,0), 0, 1
(32,2), 0, 1
(32,5), 0, 1
(32,7), 0, 1
(32,10), 0, 1
(32,13), 0, 1
(32,16), 0, 1
(32,21), 0, 1
(32,28), 0, 1
(32,42), 0, 1
(32,52), 0, 1
(32,82), 0, 1
(32,86), 0, 1
(34,0), 0, 1
(34,2), 0, 1
(34,5), 0, 1
(34,10), 0, 1
(34,13), 0, 1
(34,16), 0, 1
(34,20), 0, 1
(34,21), 0, 1
(34,28), 0, 1
(34,30), 0, 1
(34,42), 0, 1
(34,52), 0, 1
(34,82), 0, 1
(34,86), 0, 1
(35,0), 0, 1
(35,2), 0, 1
(35,7), 0, 1
(35,10), 0, 1
(35,13), 0, 1
(35,16), 0, 1
(35,21), 0, 1
(35,42), 0, 1
(35,52), 0, 1
(35,86), 0, 1
(36,3), 0, 1
(36,8), 0, 1
(36,23), 0, 1
(36,40), 0, 1
(36,46), 0, 1
(36,50), 0, 1
(36,56), 0, 1
(36,83), 0, 1
(37,0), 0, 1
(37,2), 0, 1
(37,7), 0, 1
(37,10), 0, 1
(37,13), 0, 1
(37,16), 0, 1
(37,21), 0, 1
(37,28), 0, 1
(37,30), 0, 1
(37,42), 0, 1
(37,86), 0, 1
(37,89), 0, 1
(38,0), 0, 1
(38,2), 0, 1
(38,5), 0, 1
(38,7), 0, 1
(38,10), 0, 1
(38,13), 0, 1
(38,16), 0, 1
(38,19), 0, 1
(38,21), 0, 1
(38,28), 0, 1
(38,42), 0, 1
(38,82), 0, 1
(38,86), 0, 1
(39,3), 0, 1
(39,8), 0, 1
(39,23), 0, 1
(39,40), 0, 1
(39,46), 0, 1
(39,50), 0, 1
(39,56), 0, 1
(39,83), 0, 1
(39,90), 0, 1
(40,0), 0, 1
(40,2), 0, 1
(40,5), 0, 1
(40,7), 0, 1
(40,10), 0, 1
(40,13), 0, 1
(40,16), 0, 1
(40,21), 0, 1
(40,30), 0, 1
(40,82), 0, 1
(40,86), 0, 1
(42,0), 0, 1
(42,1), 0, 1
(42,2), 0, 1
(42,3), 0, 1
(42,4), 0, 1
(42,5), 0, 1
(42,6), 0, 1
(42,7), 0, 1
(42,10), 0, 1
(42,11), 0, 1
(42,12), 0, 1
(42,13), 0, 1
(42,14), 0, 1
(42,16), 0, 1
(42,17), 0, 1
(42,21), 0, 1
(42,22), 0, 1
(42,24), 0, 1
(42,25), 0, 1
(42,27), 0, 1
(42,28), 0, 1
(42,31), 0, 1
(42,32), 0, 1
(42,36), 0, 1
(42,37), 0, 1
(42,38), 0, 1
(42,39), 0, 1
(42,40), 0, 1
(42,41), 0, 1
(42,45), 0, 1
(42,46), 0, 1
(42,47), 0, 1
(42,49), 0, 1
(42,50), 0, 1
(42,52), 0, 1
(42,53), 0, 1
(42,54), 0, 1
(42,55), 0, 1
(42,56), 0, 1
(42,57), 0, 1
(42,60), 0, 1
(42,61), 0, 1
(42,63), 0, 1
(42,64), 0, 1
(42,65), 0, 1
(42,66), 0, 1
(42,67), 0, 1
(42,69), 0, 1
(42,70), 0, 1
(42,71), 0, 1
(42,72), 0, 1
(42,75), 0, 1
(42,77), 0, 1
(42,78), 0, 1
(42,79), 0, 1
(42,80), 0, 1
(42,81), 0, 1
(42,83), 0, 1
(42,84), 0, 1
(42,86), 0, 1
(42,87), 0, 1
(42,88), 0, 1
(42,90), 0, 1
(42,91), 0, 1
(42,92), 0, 1
(42,94), 0, 1
(43,0), 0, 1
(43,2), 0, 1
(43,5), 0, 1
(43,7), 0, 1
(43,10), 0, 1
(43,13), 0, 1
(43,16), 0, 1
(43,21), 0, 1
(43,28), 0, 1
(43,30), 0, 1
(43,52), 0, 1
(43,73), 0, 1
(43,82), 0, 1
(43,86), 0, 1
(44,3), 0, 1
(44,8), 0, 1
(44,23), 0, 1
(44,50), 0, 1
(44,56), 0, 1
(44,83), 0, 1
(45,0), 0, 1
(45,2), 0, 1
(45,5), 0, 1
(45,7), 0, 1
(45,10), 0, 1
(45,13), 0, 1
(45,16), 0, 1
(45,19), 0, 1
(45,21), 0, 1
(45,28), 0, 1
(45,30), 0, 1
(45,42), 0, 1
(45,82), 0, 1
(45,86), 0, 1
(46,0), 0, 1
(46,2), 0, 1
(46,3), 0, 1
(46,5), 0, 1
(46,6), 0, 1
(46,7), 0, 1
(46,8), 0, 1
(46,10), 0, 1
(46,11), 0, 1
(46,12), 0, 1
(46,13), 0, 1
(46,14), 0, 1
(46,16), 0, 1
(46,21), 0, 1
(46,22), 0, 1
(46,23), 0, 1
(46,24), 0, 1
(46,25), 0, 1
(46,27), 0, 1
(46,28), 0, 1
(46,30), 0, 1
(46,31), 0, 1
(46,32), 0, 1
(46,34), 0, 1
(46,36), 0, 1
(46,37), 0, 1
(46,38), 0, 1
(46,39), 0, 1
(46,40), 0, 1
(46,41), 0, 1
(46,42), 0, 1
(46,44), 0, 1
(46,45), 0, 1
(46,47), 0, 1
(46,48), 0, 1
(46,49), 0, 1
(46,50), 0, 1
(46,52), 0, 1
(46,54), 0, 1
(46,55), 0, 1
(46,56), 0, 1
(46,57), 0, 1
(46,60), 0, 1
(46,61), 0, 1
(46,63), 0, 1
(46,64), 0, 1
(46,65), 0, 1
(46,66), 0, 1
(46,69), 0, 1
(46,70), 0, 1
(46,71), 0, 1
(46,72), 0, 1
(46,73), 0, 1
(46,75), 0, 1
(46,77), 0, 1
(46,78), 0, 1
(46,79), 0, 1
(46,80), 0, 1
(46,81), 0, 1
(46,82), 0, 1
(46,84), 0, 1
(46,85), 0, 1
(46,86), 0, 1
(46,91), 0, 1
(46,92), 0, 1
(46,93), 0, 1
(46,94), 0, 1
(47,0), 0, 1
(47,1), 0, 1
(47,2), 0, 1
(47,3), 0, 1
(47,4), 0, 1
(47,5), 0, 1
(47,6), 0, 1
(47,7), 0, 1
(47,8), 0, 1
(47,10), 0, 1
(47,12), 0, 1
(47,13), 0, 1
(47,14), 0, 1
(47,16), 0, 1
(47,17), 0, 1
(47,21), 0, 1
(47,22), 0, 1
(47,23), 0, 1
(47,24), 0, 1
(47,25), 0, 1
(47,27), 0, 1
(47,28), 0, 1
(47,30), 0, 1
(47,31), 0, 1
(47,32), 0, 1
(47,35), 0, 1
(47,36), 0, 1
(47,37), 0, 1
(47,38), 0, 1
(47,39), 0, 1
(47,40), 0, 1
(47,41), 0, 1
(47,42), 0, 1
(47,45), 0, 1
(47,49), 0, 1
(47,50), 0, 1
(47,52), 0, 1
(47,53), 0, 1
(47,54), 0, 1
(47,55), 0, 1
(47,56), 0, 1
(47,57), 0, 1
(47,58), 0, 1
(47,59), 0, 1
(47,60), 0, 1
(47,61), 0, 1
(47,62), 0, 1
(47,63), 0, 1
(47,64), 0, 1
(47,65), 0, 1
(47,66), 0, 1
(47,67), 0, 1
(47,68), 0, 1
(47,69), 0, 1
(47,70), 0, 1
(47,71), 0, 1
(47,72), 0, 1
(47,79), 0, 1
(47,80), 0, 1
(47,81), 0, 1
(47,82), 0, 1
(47,86), 0, 1
(47,90), 0, 1
(47,93), 0, 1
(47,94), 0, 1
(48,0), 0, 1
(48,2), 0, 1
(48,5), 0, 1
(48,7), 0, 1
(48,10), 0, 1
(48,13), 0, 1
(48,16), 0, 1
(48,21), 0, 1
(48,28), 0, 1
(48,30), 0, 1
(48,42), 0, 1
(48,52), 0, 1
(48,86), 0, 1
(49,0), 0, 1
(49,2), 0, 1
(49,5), 0, 1
(49,7), 0, 1
(49,10), 0, 1
(49,13), 0, 1
(49,16), 0, 1
(49,20), 0, 1
(49,21), 0, 1
(49,28), 0, 1
(49,30), 0, 1
(49,42), 0, 1
(49,52), 0, 1
(49,82), 0, 1
(49,86), 0, 1
(50,1), 0, 1
(50,2), 0, 1
(50,3), 0, 1
(50,4), 0, 1
(50,5), 0, 1
(50,6), 0, 1
(50,7), 0, 1
(50,8), 0, 1
(50,9), 0, 1
(50,10), 0, 1
(50,11), 0, 1
(50,12), 0, 1
(50,13), 0, 1
(50,14), 0, 1
(50,16), 0, 1
(50,17), 0, 1
(50,21), 0, 1
(50,22), 0, 1
(50,23), 0, 1
(50,24), 0, 1
(50,27), 0, 1
(50,28), 0, 1
(50,30), 0, 1
(50,31), 0, 1
(50,32), 0, 1
(50,36), 0, 1
(50,37), 0, 1
(50,38), 0, 1
(50,39), 0, 1
(50,41), 0, 1
(50,42), 0, 1
(50,44), 0, 1
(50,45), 0, 1
(50,47), 0, 1
(50,48), 0, 1
(50,49), 0, 1
(50,52), 0, 1
(50,53), 0, 1
(50,54), 0, 1
(50,55), 0, 1
(50,56), 0, 1
(50,57), 0, 1
(50,58), 0, 1
(50,60), 0, 1
(50,61), 0, 1
(50,62), 0, 1
(50,64), 0, 1
(50,65), 0, 1
(50,67), 0, 1
(50,68), 0, 1
(50,69), 0, 1
(50,70), 0, 1
(50,71), 0, 1
(50,72), 0, 1
(50,77), 0, 1
(50,78), 0, 1
(50,79), 0, 1
(50,80), 0, 1
(50,81), 0, 1
(50,83), 0, 1
(50,86), 0, 1
(50,87), 0, 1
(50,90), 0, 1
(50,91), 0, 1
(50,92), 0, 1
(50,93), 0, 1
(50,94), 0, 1
(51,0), 0, 1
(51,2), 0, 1
(51,5), 0, 1
(51,7), 0, 1
(51,10), 0, 1
(51,13), 0, 1
(51,16), 0, 1
(51,21), 0, 1
(51,28), 0, 1
(51,42), 0, 1
(51,52), 0, 1
(51,82), 0, 1
(51,85), 0, 1
(51,86), 0, 1
(52,0), 0, 1
(52,2), 0, 1
(52,5), 0, 1
(52,7), 0, 1
(52,10), 0, 1
(52,13), 0, 1
(52,16), 0, 1
(52,21), 0, 1
(52,28), 0, 1
(52,42), 0, 1
(52,82), 0, 1
(52,86), 0, 1
(53,0), 0, 1
(53,1), 0, 1
(53,2), 0, 1
(53,3), 0, 1
(53,4), 0, 1
(53,5), 0, 1
(53,6), 0, 1
(53,7), 0, 1
(53,8), 0, 1
(53,10), 0, 1
(53,11), 0, 1
(53,13), 0, 1
(53,14), 0, 1
(53,16), 0, 1
(53,17), 0, 1
(53,18), 0, 1
(53,21), 0, 1
(53,22), 0, 1
(53,23), 0, 1
(53,24), 0, 1
(53,25), 0, 1
(53,27), 0, 1
(53,28), 0, 1
(53,30), 0, 1
(53,31), 0, 1
(53,32), 0, 1
(53,36), 0, 1
(53,37), 0, 1
(53,38), 0, 1
(53,39), 0, 1
(53,40), 0, 1
(53,41), 0, 1
(53,42), 0, 1
(53,44), 0, 1
(53,45), 0, 1
(53,46), 0, 1
(53,47), 0, 1
(53,49), 0, 1
(53,50), 0, 1
(53,52), 0, 1
(53,54), 0, 1
(53,55), 0, 1
(53,56), 0, 1
(53,57), 0, 1
(53,58), 0, 1
(53,60), 0, 1
(53,61), 0, 1
(53,64), 0, 1
(53,65), 0, 1
(53,67), 0, 1
(53,68), 0, 1
(53,69), 0, 1
(53,70), 0, 1
(53,72), 0, 1
(53,78), 0, 1
(53,80), 0, 1
(53,81), 0, 1
(53,82), 0, 1
(53,83), 0, 1
(53,84), 0, 1
(53,86), 0, 1
(53,87), 0, 1
(53,90), 0, 1
(53,91), 0, 1
(53,92), 0, 1
(53,93), 0, 1
(53,94), 0, 1
(54,3), 0, 1
(54,23), 0, 1
(54,40), 0, 1
(54,46), 0, 1
(54,50), 0, 1
(54,56), 0, 1
(54,83), 0, 1
(54,90), 0, 1
(55,0), 0, 1
(55,2), 0, 1
(55,5), 0, 1
(55,7), 0, 1
(55,10), 0, 1
(55,16), 0, 1
(55,21), 0, 1
(55,28), 0, 1
(55,30), 0, 1
(55,42), 0, 1
(55,52), 0, 1
(55,73), 0, 1
(55,82), 0, 1
(55,86), 0, 1
(56,0), 0, 1
(56,2), 0, 1
(56,5), 0, 1
(56,7), 0, 1
(56,10), 0, 1
(56,13), 0, 1
(56,16), 0, 1
(56,21), 0, 1
(56,28), 0, 1
(56,42), 0, 1
(56,52), 0, 1
(56,82), 0, 1
(56,86), 0, 1
(57,3), 0, 1
(57,23), 0, 1
(57,40), 0, 1
(57,46), 0, 1
(57,50), 0, 1
(57,56), 0, 1
(57,73), 0, 1
(57,83), 0, 1
(58,0), 0, 1
(58,1), 0, 1
(58,2), 0, 1
(58,3), 0, 1
(58,4), 0, 1
(58,5), 0, 1
(58,6), 0, 1
(58,7), 0, 1
(58,8), 0, 1
(58,10), 0, 1
(58,11), 0, 1
(58,12), 0, 1
(58,13), 0, 1
(58,14), 0, 1
(58,16), 0, 1
(58,17), 0, 1
(58,21), 0, 1
(58,22), 0, 1
(58,23), 0, 1
(58,24), 0, 1
(58,27), 0, 1
(58,28), 0, 1
(58,30), 0, 1
(58,31), 0, 1
(58,32), 0, 1
(58,36), 0, 1
(58,37), 0, 1
(58,38), 0, 1
(58,39), 0, 1
(58,40), 0, 1
(58,41), 0, 1
(58,44), 0, 1
(58,45), 0, 1
(58,46), 0, 1
(58,47), 0, 1
(58,48), 0, 1
(58,49), 0, 1
(58,52), 0, 1
(58,53), 0, 1
(58,54), 0, 1
(58,55), 0, 1
(58,56), 0, 1
(58,57), 0, 1
(58,60), 0, 1
(58,64), 0, 1
(58,65), 0, 1
(58,67), 0, 1
(58,69), 0, 1
(58,71), 0, 1
(58,73), 0, 1
(58,75), 0, 1
(58,77), 0, 1
(58,78), 0, 1
(58,79), 0, 1
(58,80), 0, 1
(58,81), 0, 1
(58,82), 0, 1
(58,83), 0, 1
(58,84), 0, 1
(58,86), 0, 1
(58,87), 0, 1
(58,90), 0, 1
(58,91), 0, 1
(58,92), 0, 1
(58,94), 0, 1
(59,0), 0, 1
(59,1), 0, 1
(59,2), 0, 1
(59,3), 0, 1
(59,4), 0, 1
(59,5), 0, 1
(59,6), 0, 1
(59,7), 0, 1
(59,8), 0, 1
(59,10), 0, 1
(59,11), 0, 1
(59,12), 0, 1
(59,13), 0, 1
(59,14), 0, 1
(59,16), 0, 1
(59,17), 0, 1
(59,19), 0, 1
(59,21), 0, 1
(59,22), 0, 1
(59,23), 0, 1
(59,24), 0, 1
(59,25), 0, 1
(59,27), 0, 1
(59,28), 0, 1
(59,30), 0, 1
(59,31), 0, 1
(59,32), 0, 1
(59,36), 0, 1
(59,37), 0, 1
(59,38), 0, 1
(59,39), 0, 1
(59,40), 0, 1
(59,41), 0, 1
(59,42), 0, 1
(59,45), 0, 1
(59,47), 0, 1
(59,48), 0, 1
(59,49), 0, 1
(59,50), 0, 1
(59,54), 0, 1
(59,55), 0, 1
(59,56), 0, 1
(59,57), 0, 1
(59,58), 0, 1
(59,60), 0, 1
(59,61), 0, 1
(59,63), 0, 1
(59,64), 0, 1
(59,65), 0, 1
(59,66), 0, 1
(59,67), 0, 1
(59,69), 0, 1
(59,70), 0, 1
(59,71), 0, 1
(59,78), 0, 1
(59,79), 0, 1
(59,80), 0, 1
(59,81), 0, 1
(59,82), 0, 1
(59,83), 0, 1
(59,84), 0, 1
(59,86), 0, 1
(59,87), 0, 1
(59,91), 0, 1
(59,93), 0, 1
(59,94), 0, 1
(61,0), 0, 1
(61,2), 0, 1
(61,5), 0, 1
(61,7), 0, 1
(61,10), 0, 1
(61,13), 0, 1
(61,16), 0, 1
(61,21), 0, 1
(61,28), 0, 1
(61,30), 0, 1
(61,42), 0, 1
(61,52), 0, 1
(61,73), 0, 1
(61,82), 0, 1
(61,86), 0, 1
(62,0), 0, 1
(62,1), 0, 1
(62,3), 0, 1
(62,4), 0, 1
(62,5), 0, 1
(62,7), 0, 1
(62,8), 0, 1
(62,9), 0, 1
(62,10), 0, 1
(62,11), 0, 1
(62,12), 0, 1
(62,13), 0, 1
(62,14), 0, 1
(62,16), 0, 1
(62,17), 0, 1
(62,21), 0, 1
(62,23), 0, 1
(62,24), 0, 1
(62,25), 0, 1
(62,27), 0, 1
(62,28), 0, 1
(62,30), 0, 1
(62,31), 0, 1
(62,32), 0, 1
(62,36), 0, 1
(62,37), 0, 1
(62,38), 0, 1
(62,39), 0, 1
(62,40), 0, 1
(62,41), 0, 1
(62,42), 0, 1
(62,44), 0, 1
(62,45), 0, 1
(62,46), 0, 1
(62,47), 0, 1
(62,48), 0, 1
(62,49), 0, 1
(62,50), 0, 1
(62,52), 0, 1
(62,54), 0, 1
(62,55), 0, 1
(62,56), 0, 1
(62,57), 0, 1
(62,60), 0, 1
(62,61), 0, 1
(62,63), 0, 1
(62,64), 0, 1
(62,65), 0, 1
(62,66), 0, 1
(62,67), 0, 1
(62,68), 0, 1
(62,69), 0, 1
(62,70), 0, 1
(62,71), 0, 1
(62,72), 0, 1
(62,77), 0, 1
(62,78), 0, 1
(62,79), 0, 1
(62,80), 0, 1
(62,81), 0, 1
(62,82), 0, 1
(62,83), 0, 1
(62,84), 0, 1
(62,86), 0, 1
(62,87), 0, 1
(62,90), 0, 1
(62,91), 0, 1
(62,92), 0, 1
(62,93), 0, 1
(62,94), 0, 1
(63,0), 0, 1
(63,2), 0, 1
(63,5), 0, 1
(63,7), 0, 1
(63,10), 0, 1
(63,13), 0, 1
(63,16), 0, 1
(63,21), 0, 1
(63,28), 0, 1
(63,30), 0, 1
(63,42), 0, 1
(63,82), 0, 1
(63,85), 0, 1
(63,86), 0, 1
(64,3), 0, 1
(64,8), 0, 1
(64,23), 0, 1
(64,40), 0, 1
(64,46), 0, 1
(64,50), 0, 1
(64,56), 0, 1
(64,73), 0, 1
(65,3), 0, 1
(65,8), 0, 1
(65,23), 0, 1
(65,40), 0, 1
(65,50), 0, 1
(65,56), 0, 1
(65,83), 0, 1
(65,90), 0, 1
(67,0), 0, 1
(67,2), 0, 1
(67,5), 0, 1
(67,7), 0, 1
(67,10), 0, 1
(67,13), 0, 1
(67,16), 0, 1
(67,28), 0, 1
(67,42), 0, 1
(67,52), 0, 1
(67,76), 0, 1
(67,82), 0, 1
(67,86), 0, 1
(68,0), 0, 1
(68,1), 0, 1
(68,2), 0, 1
(68,3), 0, 1
(68,4), 0, 1
(68,5), 0, 1
(68,6), 0, 1
(68,7), 0, 1
(68,8), 0, 1
(68,10), 0, 1
(68,11), 0, 1
(68,12), 0, 1
(68,13), 0, 1
(68,14), 0, 1
(68,16), 0, 1
(68,17), 0, 1
(68,18), 0, 1
(68,21), 0, 1
(68,22), 0, 1
(68,23), 0, 1
(68,24), 0, 1
(68,27), 0, 1
(68,28), 0, 1
(68,30), 0, 1
(68,31), 0, 1
(68,36), 0, 1
(68,37), 0, 1
(68,39), 0, 1
(68,40), 0, 1
(68,41), 0, 1
(68,42), 0, 1
(68,44), 0, 1
(68,45), 0, 1
(68,47), 0, 1
(68,48), 0, 1
(68,49), 0, 1
(68,50), 0, 1
(68,52), 0, 1
(68,53), 0, 1
(68,54), 0, 1
(68,55), 0, 1
(68,56), 0, 1
(68,57), 0, 1
(68,58), 0, 1
(68,60), 0, 1
(68,61), 0, 1
(68,63), 0, 1
(68,64), 0, 1
(68,65), 0, 1
(68,66), 0, 1
(68,67), 0, 1
(68,69), 0, 1
(68,70), 0, 1
(68,71), 0, 1
(68,72), 0, 1
(68,75), 0, 1
(68,77), 0, 1
(68,78), 0, 1
(68,79), 0, 1
(68,80), 0, 1
(68,81), 0, 1
(68,83), 0, 1
(68,84), 0, 1
(68,86), 0, 1
(68,90), 0, 1
(68,91), 0, 1
(68,93), 0, 1
(68,94), 0, 1
(70,0), 0, 1
(70,2), 0, 1
(70,5), 0, 1
(70,7), 0, 1
(70,10), 0, 1
(70,13), 0, 1
(70,16), 0, 1
(70,21), 0, 1
(70,28), 0, 1
(70,52), 0, 1
(70,82), 0, 1
(70,86), 0, 1
(71,0), 0, 1
(71,2), 0, 1
(71,5), 0, 1
(71,7), 0, 1
(71,10), 0, 1
(71,13), 0, 1
(71,16), 0, 1
(71,21), 0, 1
(71,28), 0, 1
(71,42), 0, 1
(71,82), 0, 1
(71,86), 0, 1
(72,0), 0, 1
(72,2), 0, 1
(72,5), 0, 1
(72,7), 0, 1
(72,10), 0, 1
(72,13), 0, 1
(72,16), 0, 1
(72,21), 0, 1
(72,28), 0, 1
(72,30), 0, 1
(72,42), 0, 1
(72,82), 0, 1
(72,86), 0, 1
(73,0), 0, 1
(73,1), 0, 1
(73,2), 0, 1
(73,3), 0, 1
(73,4), 0, 1
(73,5), 0, 1
(73,8), 0, 1
(73,10), 0, 1
(73,12), 0, 1
(73,13), 0, 1
(73,14), 0, 1
(73,16), 0, 1
(73,17), 0, 1
(73,21), 0, 1
(73,22), 0, 1
(73,23), 0, 1
(73,24), 0, 1
(73,25), 0, 1
(73,27), 0, 1
(73,28), 0, 1
(73,30), 0, 1
(73,31), 0, 1
(73,32), 0, 1
(73,37), 0, 1
(73,38), 0, 1
(73,39), 0, 1
(73,40), 0, 1
(73,41), 0, 1
(73,42), 0, 1
(73,44), 0, 1
(73,45), 0, 1
(73,46), 0, 1
(73,49), 0, 1
(73,50), 0, 1
(73,53), 0, 1
(73,54), 0, 1
(73,55), 0, 1
(73,56), 0, 1
(73,57), 0, 1
(73,58), 0, 1
(73,60), 0, 1
(73,61), 0, 1
(73,63), 0, 1
(73,64), 0, 1
(73,65), 0, 1
(73,66), 0, 1
(73,67), 0, 1
(73,68), 0, 1
(73,69), 0, 1
(73,70), 0, 1
(73,71), 0, 1
(73,78), 0, 1
(73,79), 0, 1
(73,80), 0, 1
(73,81), 0, 1
(73,82), 0, 1
(73,84), 0, 1
(73,86), 0, 1
(73,90), 0, 1
(73,91), 0, 1
(73,92), 0, 1
(73,93), 0, 1
(74,0), 0, 1
(74,2), 0, 1
(74,5), 0, 1
(74,7), 0, 1
(74,10), 0, 1
(74,13), 0, 1
(74,16), 0, 1
(74,21), 0, 1
(74,28), 0, 1
(74,30), 0, 1
(74,42), 0, 1
(74,52), 0, 1
(74,82), 0, 1
(74,86), 0, 1
(75,3), 0, 1
(75,23), 0, 1
(75,40), 0, 1
(75,46), 0, 1
(75,50), 0, 1
(75,90), 0, 1
(76,0), 0, 1
(76,2), 0, 1
(76,5), 0, 1
(76,7), 0, 1
(76,10), 0, 1
(76,13), 0, 1
(76,16), 0, 1
(76,21), 0, 1
(76,28), 0, 1
(76,30), 0, 1
(76,42), 0, 1
(76,86), 0, 1
(78,3), 0, 1
(78,8), 0, 1
(78,23), 0, 1
(78,40), 0, 1
(78,46), 0, 1
(78,50), 0, 1
(78,56), 0, 1
(78,90), 0, 1
(79,3), 0, 1
(79,8), 0, 1
(79,23), 0, 1
(79,40), 0, 1
(79,46), 0, 1
(79,50), 0, 1
(79,56), 0, 1
(79,90), 0, 1
(80,2), 0, 1
(80,5), 0, 1
(80,7), 0, 1
(80,13), 0, 1
(80,16), 0, 1
(80,19), 0, 1
(80,21), 0, 1
(80,28), 0, 1
(80,34), 0, 1
(80,42), 0, 1
(80,52), 0, 1
(80,82), 0, 1
(80,86), 0, 1
(81,3), 0, 1
(81,23), 0, 1
(81,40), 0, 1
(81,46), 0, 1
(81,50), 0, 1
(81,73), 0, 1
(81,83), 0, 1
(82,3), 0, 1
(82,23), 0, 1
(82,40), 0, 1
(82,50), 0, 1
(82,56), 0, 1
(82,83), 0, 1
(82,90), 0, 1
(83,0), 0, 1
(83,1), 0, 1
(83,2), 0, 1
(83,3), 0, 1
(83,4), 0, 1
(83,5), 0, 1
(83,6), 0, 1
(83,7), 0, 1
(83,10), 0, 1
(83,11), 0, 1
(83,12), 0, 1
(83,13), 0, 1
(83,14), 0, 1
(83,16), 0, 1
(83,17), 0, 1
(83,20), 0, 1
(83,21), 0, 1
(83,22), 0, 1
(83,23), 0, 1
(83,24), 0, 1
(83,25), 0, 1
(83,27), 0, 1
(83,28), 0, 1
(83,30), 0, 1
(83,31), 0, 1
(83,32), 0, 1
(83,36), 0, 1
(83,37), 0, 1
(83,38), 0, 1
(83,39), 0, 1
(83,40), 0, 1
(83,42), 0, 1
(83,45), 0, 1
(83,48), 0, 1
(83,49), 0, 1
(83,50), 0, 1
(83,52), 0, 1
(83,54), 0, 1
(83,55), 0, 1
(83,56), 0, 1
(83,57), 0, 1
(83,58), 0, 1
(83,60), 0, 1
(83,61), 0, 1
(83,63), 0, 1
(83,64), 0, 1
(83,65), 0, 1
(83,66), 0, 1
(83,67), 0, 1
(83,69), 0, 1
(83,70), 0, 1
(83,71), 0, 1
(83,72), 0, 1
(83,75), 0, 1
(83,76), 0, 1
(83,78), 0, 1
(83,79), 0, 1
(83,80), 0, 1
(83,84), 0, 1
(83,86), 0, 1
(83,90), 0, 1
(83,91), 0, 1
(83,93), 0, 1
(83,94), 0, 1
(85,0), 0, 1
(85,1), 0, 1
(85,2), 0, 1
(85,3), 0, 1
(85,4), 0, 1
(85,5), 0, 1
(85,6), 0, 1
(85,7), 0, 1
(85,10), 0, 1
(85,11), 0, 1
(85,12), 0, 1
(85,13), 0, 1
(85,14), 0, 1
(85,16), 0, 1
(85,17), 0, 1
(85,21), 0, 1
(85,22), 0, 1
(85,23), 0, 1
(85,24), 0, 1
(85,25), 0, 1
(85,27), 0, 1
(85,28), 0, 1
(85,30), 0, 1
(85,31), 0, 1
(85,32), 0, 1
(85,36), 0, 1
(85,37), 0, 1
(85,38), 0, 1
(85,39), 0, 1
(85,41), 0, 1
(85,42), 0, 1
(85,43), 0, 1
(85,44), 0, 1
(85,45), 0, 1
(85,46), 0, 1
(85,47), 0, 1
(85,48), 0, 1
(85,49), 0, 1
(85,52), 0, 1
(85,54), 0, 1
(85,55), 0, 1
(85,56), 0, 1
(85,57), 0, 1
(85,60), 0, 1
(85,61), 0, 1
(85,63), 0, 1
(85,64), 0, 1
(85,65), 0, 1
(85,66), 0, 1
(85,67), 0, 1
(85,69), 0, 1
(85,70), 0, 1
(85,71), 0, 1
(85,72), 0, 1
(85,75), 0, 1
(85,76), 0, 1
(85,77), 0, 1
(85,78), 0, 1
(85,79), 0, 1
(85,80), 0, 1
(85,81), 0, 1
(85,82), 0, 1
(85,86), 0, 1
(85,87), 0, 1
(85,90), 0, 1
(85,91), 0, 1
(85,92), 0, 1
(85,93), 0, 1
(85,94), 0, 1
(86,3), 0, 1
(86,8), 0, 1
(86,23), 0, 1
(86,40), 0, 1
(86,46), 0, 1
(86,50), 0, 1
(86,56), 0, 1
(86,83), 0, 1
(86,90), 0, 1
(87,0), 0, 1
(87,2), 0, 1
(87,5), 0, 1
(87,7), 0, 1
(87,10), 0, 1
(87,13), 0, 1
(87,16), 0, 1
(87,28), 0, 1
(87,30), 0, 1
(87,52), 0, 1
(87,82), 0, 1
(87,86), 0, 1
(88,0), 0, 1
(88,1), 0, 1
(88,2), 0, 1
(88,3), 0, 1
(88,4), 0, 1
(88,5), 0, 1
(88,6), 0, 1
(88,7), 0, 1
(88,8), 0, 1
(88,9), 0, 1
(88,10), 0, 1
(88,11), 0, 1
(88,12), 0, 1
(88,13), 0, 1
(88,14), 0, 1
(88,15), 0, 1
(88,16), 0, 1
(88,17), 0, 1
(88,20), 0, 1
(88,21), 0, 1
(88,22), 0, 1
(88,24), 0, 1
(88,25), 0, 1
(88,27), 0, 1
(88,28), 0, 1
(88,30), 0, 1
(88,31), 0, 1
(88,32), 0, 1
(88,36), 0, 1
(88,38), 0, 1
(88,39), 0, 1
(88,40), 0, 1
(88,41), 0, 1
(88,42), 0, 1
(88,43), 0, 1
(88,44), 0, 1
(88,45), 0, 1
(88,46), 0, 1
(88,47), 0, 1
(88,48), 0, 1
(88,49), 0, 1
(88,50), 0, 1
(88,52), 0, 1
(88,54), 0, 1
(88,55), 0, 1
(88,56), 0, 1
(88,57), 0, 1
(88,58), 0, 1
(88,60), 0, 1
(88,61), 0, 1
(88,63), 0, 1
(88,64), 0, 1
(88,65), 0, 1
(88,67), 0, 1
(88,69), 0, 1
(88,70), 0, 1
(88,71), 0, 1
(88,72), 0, 1
(88,75), 0, 1
(88,77), 0, 1
(88,78), 0, 1
(88,79), 0, 1
(88,80), 0, 1
(88,81), 0, 1
(88,82), 0, 1
(88,83), 0, 1
(88,86), 0, 1
(88,87), 0, 1
(88,89), 0, 1
(88,90), 0, 1
(88,91), 0, 1
(88,92), 0, 1
(88,93), 0, 1
(88,94), 0, 1
(89,0), 0, 1
(89,1), 0, 1
(89,2), 0, 1
(89,3), 0, 1
(89,4), 0, 1
(89,5), 0, 1
(89,6), 0, 1
(89,7), 0, 1
(89,8), 0, 1
(89,10), 0, 1
(89,11), 0, 1
(89,12), 0, 1
(89,13), 0, 1
(89,14), 0, 1
(89,15), 0, 1
(89,16), 0, 1
(89,17), 0, 1
(89,21), 0, 1
(89,22), 0, 1
(89,23), 0, 1
(89,24), 0, 1
(89,25), 0, 1
(89,27), 0, 1
(89,28), 0, 1
(89,30), 0, 1
(89,31), 0, 1
(89,32), 0, 1
(89,36), 0, 1
(89,37), 0, 1
(89,38), 0, 1
(89,39), 0, 1
(89,40), 0, 1
(89,42), 0, 1
(89,44), 0, 1
(89,45), 0, 1
(89,46), 0, 1
(89,47), 0, 1
(89,48), 0, 1
(89,49), 0, 1
(89,50), 0, 1
(89,52), 0, 1
(89,53), 0, 1
(89,54), 0, 1
(89,55), 0, 1
(89,56), 0, 1
(89,57), 0, 1
(89,58), 0, 1
(89,60), 0, 1
(89,61), 0, 1
(89,63), 0, 1
(89,66), 0, 1
(89,67), 0, 1
(89,68), 0, 1
(89,69), 0, 1
(89,70), 0, 1
(89,71), 0, 1
(89,72), 0, 1
(89,75), 0, 1
(89,77), 0, 1
(89,78), 0, 1
(89,79), 0, 1
(89,80), 0, 1
(89,82), 0, 1
(89,84), 0, 1
(89,87), 0, 1
(89,90), 0, 1
(89,91), 0, 1
(89,92), 0, 1
(89,93), 0, 1
(89,94), 0, 1
(90,0), 0, 1
(90,2), 0, 1
(90,5), 0, 1
(90,7), 0, 1
(90,10), 0, 1
(90,16), 0, 1
(90,21), 0, 1
(90,28), 0, 1
(90,30), 0, 1
(90,42), 0, 1
(90,52), 0, 1
(90,86), 0, 1
(91,0), 0, 1
(91,2), 0, 1
(91,5), 0, 1
(91,7), 0, 1
(91,10), 0, 1
(91,13), 0, 1
(91,16), 0, 1
(91,21), 0, 1
(91,28), 0, 1
(91,30), 0, 1
(91,42), 0, 1
(91,52), 0, 1
(91,82), 0, 1
(93,0), 0, 1
(93,2), 0, 1
(93,5), 0, 1
(93,7), 0, 1
(93,10), 0, 1
(93,13), 0, 1
(93,16), 0, 1
(93,21), 0, 1
(93,28), 0, 1
(93,30), 0, 1
(93,34), 0, 1
(93,42), 0, 1
(93,73), 0, 1
(93,86), 0, 1
(94,3), 0, 1
(94,8), 0, 1
(94,23), 0, 1
(94,40), 0, 1
(94,46), 0, 1
(94,50), 0, 1
(94,56), 0, 1
(94,83), 0, 1
(94,90), 0, 1
(95,0), 0, 1
(95,2), 0, 1
(95,7), 0, 1
(95,10), 0, 1
(95,13), 0, 1
(95,16), 0, 1
(95,21), 0, 1
(95,28), 0, 1
(95,30), 0, 1
(95,42), 0, 1
(95,52), 0, 1
(95,82), 0, 1
(95,86), 0, 1
(95,89), 0, 1
(96,0), 0, 1
(96,1), 0, 1
(96,2), 0, 1
(96,4), 0, 1
(96,5), 0, 1
(96,6), 0, 1
(96,7), 0, 1
(96,10), 0, 1
(96,11), 0, 1
(96,13), 0, 1
(96,16), 0, 1
(96,17), 0, 1
(96,21), 0, 1
(96,22), 0, 1
(96,23), 0, 1
(96,24), 0, 1
(96,25), 0, 1
(96,27), 0, 1
(96,28), 0, 1
(96,30), 0, 1
(96,31), 0, 1
(96,32), 0, 1
(96,33), 0, 1
(96,36), 0, 1
(96,37), 0, 1
(96,38), 0, 1
(96,39), 0, 1
(96,40), 0, 1
(96,41), 0, 1
(96,42), 0, 1
(96,45), 0, 1
(96,47), 0, 1
(96,48), 0, 1
(96,49), 0, 1
(96,50), 0, 1
(96,52), 0, 1
(96,53), 0, 1
(96,54), 0, 1
(96,55), 0, 1
(96,57), 0, 1
(96,58), 0, 1
(96,59), 0, 1
(96,60), 0, 1
(96,61), 0, 1
(96,63), 0, 1
(96,64), 0, 1
(96,65), 0, 1
(96,66), 0, 1
(96,68), 0, 1
(96,70), 0, 1
(96,71), 0, 1
(96,72), 0, 1
(96,75), 0, 1
(96,78), 0, 1
(96,79), 0, 1
(96,82), 0, 1
(96,83), 0, 1
(96,84), 0, 1
(96,86), 0, 1
(96,87), 0, 1
(96,91), 0, 1
(96,92), 0, 1
(96,93), 0, 1
(96,94), 0, 1
(97,0), 0, 1
(97,2), 0, 1
(97,5), 0, 1
(97,7), 0, 1
(97,10), 0, 1
(97,13), 0, 1
(97,16), 0, 1
(97,21), 0, 1
(97,28), 0, 1
(97,30), 0, 1
(97,42), 0, 1
(97,52), 0, 1
(97,82), 0, 1
(97,89), 0, 1
(98,0), 0, 1
(98,1), 0, 1
(98,2), 0, 1
(98,3), 0, 1
(98,4), 0, 1
(98,5), 0, 1
(98,6), 0, 1
(98,7), 0, 1
(98,8), 0, 1
(98,10), 0, 1
(98,11), 0, 1
(98,12), 0, 1
(98,13), 0, 1
(98,14), 0, 1
(98,16), 0, 1
(98,17), 0, 1
(98,21), 0, 1
(98,22), 0, 1
(98,23), 0, 1
(98,24), 0, 1
(98,25), 0, 1
(98,27), 0, 1
(98,28), 0, 1
(98,30), 0, 1
(98,31), 0, 1
(98,32), 0, 1
(98,36), 0, 1
(98,38), 0, 1
(98,39), 0, 1
(98,41), 0, 1
(98,42), 0, 1
(98,44), 0, 1
(98,45), 0, 1
(98,47), 0, 1
(98,49), 0, 1
(98,50), 0, 1
(98,51), 0, 1
(98,52), 0, 1
(98,53), 0, 1
(98,54), 0, 1
(98,55), 0, 1
(98,57), 0, 1
(98,58), 0, 1
(98,60), 0, 1
(98,61), 0, 1
(98,62), 0, 1
(98,63), 0, 1
(98,64), 0, 1
(98,65), 0, 1
(98,66), 0, 1
(98,68), 0, 1
(98,69), 0, 1
(98,70), 0, 1
(98,71), 0, 1
(98,72), 0, 1
(98,77), 0, 1
(98,78), 0, 1
(98,79), 0, 1
(98,80), 0, 1
(98,81), 0, 1
(98,83), 0, 1
(98,84), 0, 1
(98,86), 0, 1
(98,87), 0, 1
(98,88), 0, 1
(98,90), 0, 1
(98,91), 0, 1
(98,92), 0, 1
(98,93), 0, 1
(98,94), 0, 1
(99,0), 0, 1
(99,1), 0, 1
(99,2), 0, 1
(99,3), 0, 1
(99,4), 0, 1
(99,5), 0, 1
(99,6), 0, 1
(99,7), 0, 1
(99,11), 0, 1
(99,12), 0, 1
(99,13), 0, 1
(99,14), 0, 1
(99,16), 0, 1
(99,17), 0, 1
(99,21), 0, 1
(99,22), 0, 1
(99,23), 0, 1
(99,24), 0, 1
(99,25), 0, 1
(99,27), 0, 1
(99,28), 0, 1
(99,31), 0, 1
(99,32), 0, 1
(99,36), 0, 1
(99,37), 0, 1
(99,38), 0, 1
(99,39), 0, 1
(99,40), 0, 1
(99,41), 0, 1
(99,42), 0, 1
(99,44), 0, 1
(99,45), 0, 1
(99,46), 0, 1
(99,47), 0, 1
(99,48), 0, 1
(99,49), 0, 1
(99,50), 0, 1
(99,51), 0, 1
(99,52), 0, 1
(99,53), 0, 1
(99,54), 0, 1
(99,55), 0, 1
(99,57), 0, 1
(99,58), 0, 1
(99,60), 0, 1
(99,61), 0, 1
(99,62), 0, 1
(99,63), 0, 1
(99,64), 0, 1
(99,65), 0, 1
(99,66), 0, 1
(99,67), 0, 1
(99,68), 0, 1
(99,69), 0, 1
(99,70), 0, 1
(99,71), 0, 1
(99,72), 0, 1
(99,75), 0, 1
(99,77), 0, 1
(99,78), 0, 1
(99,79), 0, 1
(99,80), 0, 1
(99,81), 0, 1
(99,82), 0, 1
(99,83), 0, 1
(99,84), 0, 1
(99,85), 0, 1
(99,86), 0, 1
(99,87), 0, 1
(99,90), 0, 1
(99,91), 0, 1
(99,92), 0, 1
(99,93), 0, 1
(99,94), 0, 1
