Nr_Pairs = 95
Nr_NDD = 5
Nr_Arcs = 2062
0	0.05
1	0.05
2	0.9
3	0.9
4	0.05
5	0.1
6	0.2875000000000001
7	0.2875000000000001
8	0.05
9	0.32499999999999996
10	0.32499999999999996
11	0.05
12	0.05
13	0.2875000000000001
14	0.05
15	0.1
16	0.9
17	0.05
18	0.05
19	0.1
20	0.1
21	0.05
22	0.05
23	0.05
24	0.05
25	0.05
26	0.1
27	0.05
28	0.05
29	0.05
30	0.925
31	0.1
32	0.2875000000000001
33	0.05
34	0.05
35	0.1
36	0.05
37	0.05
38	0.05
39	0.05
40	0.05
41	0.05
42	0.05
43	0.05
44	0.9
45	0.9
46	0.925
47	0.9
48	0.05
49	0.9
50	0.9
51	0.2875000000000001
52	0.05
53	0.05
54	0.05
55	0.2875000000000001
56	0.05
57	0.05
58	0.925
59	0.1
60	0.2875000000000001
61	0.05
62	0.05
63	0.05
64	0.05
65	0.05
66	0.2875000000000001
67	0.05
68	0.05
69	0.05
70	0.9
71	0.05
72	0.05
73	0.2875000000000001
74	0.05
75	0.1
76	0.05
77	0.05
78	0.05
79	0.1
80	0.2875000000000001
81	0.2875000000000001
82	0.05
83	0.1
84	0.05
85	0.05
86	0.1
87	0.05
88	0.9
89	0.05
90	0.9
91	0.05
92	0.05
93	0.2875000000000001
94	0.2875000000000001
95	0.0
96	0.0
97	0.0
98	0.0
99	0.0
(0,4), 0, 1
(0,15), 0, 1
(0,32), 0, 1
(0,34), 0, 1
(0,42), 0, 1
(0,51), 0, 1
(0,56), 0, 1
(0,61), 0, 1
(0,66), 0, 1
(0,68), 0, 1
(0,69), 0, 1
(0,82), 0, 1
(0,92), 0, 1
(0,93), 0, 1
(1,2), 0, 1
(1,4), 0, 1
(1,9), 0, 1
(1,15), 0, 1
(1,32), 0, 1
(1,34), 0, 1
(1,42), 0, 1
(1,51), 0, 1
(1,56), 0, 1
(1,61), 0, 1
(1,66), 0, 1
(1,68), 0, 1
(1,69), 0, 1
(1,82), 0, 1
(1,92), 0, 1
(1,93), 0, 1
(2,0), 0, 1
(2,1), 0, 1
(2,4), 0, 1
(2,5), 0, 1
(2,6), 0, 1
(2,8), 0, 1
(2,9), 0, 1
(2,10), 0, 1
(2,11), 0, 1
(2,12), 0, 1
(2,13), 0, 1
(2,14), 0, 1
(2,15), 0, 1
(2,17), 0, 1
(2,18), 0, 1
(2,19), 0, 1
(2,20), 0, 1
(2,21), 0, 1
(2,22), 0, 1
(2,23), 0, 1
(2,24), 0, 1
(2,25), 0, 1
(2,26), 0, 1
(2,27), 0, 1
(2,28), 0, 1
(2,29), 0, 1
(2,31), 0, 1
(2,33), 0, 1
(2,34), 0, 1
(2,35), 0, 1
(2,36), 0, 1
(2,37), 0, 1
(2,38), 0, 1
(2,39), 0, 1
(2,40), 0, 1
(2,42), 0, 1
(2,43), 0, 1
(2,47), 0, 1
(2,48), 0, 1
(2,51), 0, 1
(2,52), 0, 1
(2,53), 0, 1
(2,54), 0, 1
(2,55), 0, 1
(2,56), 0, 1
(2,57), 0, 1
(2,59), 0, 1
(2,61), 0, 1
(2,63), 0, 1
(2,64), 0, 1
(2,65), 0, 1
(2,66), 0, 1
(2,67), 0, 1
(2,68), 0, 1
(2,69), 0, 1
(2,71), 0, 1
(2,72), 0, 1
(2,74), 0, 1
(2,76), 0, 1
(2,77), 0, 1
(2,78), 0, 1
(2,80), 0, 1
(2,82), 0, 1
(2,83), 0, 1
(2,84), 0, 1
(2,85), 0, 1
(2,86), 0, 1
(2,87), 0, 1
(2,89), 0, 1
(2,92), 0, 1
(2,94), 0, 1
(3,0), 0, 1
(3,1), 0, 1
(3,4), 0, 1
(3,5), 0, 1
(3,7), 0, 1
(3,8), 0, 1
(3,9), 0, 1
(3,10), 0, 1
(3,11), 0, 1
(3,12), 0, 1
(3,13), 0, 1
(3,14), 0, 1
(3,15), 0, 1
(3,17), 0, 1
(3,18), 0, 1
(3,19), 0, 1
(3,20), 0, 1
(3,21), 0, 1
(3,23), 0, 1
(3,24), 0, 1
(3,25), 0, 1
(3,26), 0, 1
(3,27), 0, 1
(3,28), 0, 1
(3,29), 0, 1
(3,31), 0, 1
(3,33), 0, 1
(3,34), 0, 1
(3,35), 0, 1
(3,37), 0, 1
(3,38), 0, 1
(3,39), 0, 1
(3,40), 0, 1
(3,42), 0, 1
(3,43), 0, 1
(3,48), 0, 1
(3,51), 0, 1
(3,52), 0, 1
(3,53), 0, 1
(3,54), 0, 1
(3,55), 0, 1
(3,56), 0, 1
(3,57), 0, 1
(3,59), 0, 1
(3,60), 0, 1
(3,61), 0, 1
(3,62), 0, 1
(3,63), 0, 1
(3,64), 0, 1
(3,65), 0, 1
(3,66), 0, 1
(3,67), 0, 1
(3,68), 0, 1
(3,69), 0, 1
(3,71), 0, 1
(3,72), 0, 1
(3,74), 0, 1
(3,75), 0, 1
(3,76), 0, 1
(3,77), 0, 1
(3,78), 0, 1
(3,79), 0, 1
(3,80), 0, 1
(3,82), 0, 1
(3,83), 0, 1
(3,84), 0, 1
(3,85), 0, 1
(3,86), 0, 1
(3,87), 0, 1
(3,89), 0, 1
(3,91), 0, 1
(3,92), 0, 1
(4,15), 0, 1
(5,3), 0, 1
(5,4), 0, 1
(5,9), 0, 1
(5,15), 0, 1
(5,32), 0, 1
(5,34), 0, 1
(5,42), 0, 1
(5,51), 0, 1
(5,56), 0, 1
(5,66), 0, 1
(5,68), 0, 1
(5,69), 0, 1
(5,82), 0, 1
(5,92), 0, 1
(6,2), 0, 1
(6,4), 0, 1
(6,15), 0, 1
(6,34), 0, 1
(6,42), 0, 1
(6,51), 0, 1
(6,56), 0, 1
(6,61), 0, 1
(6,68), 0, 1
(6,69), 0, 1
(6,82), 0, 1
(6,92), 0, 1
(6,93), 0, 1
(7,2), 0, 1
(7,4), 0, 1
(7,32), 0, 1
(7,34), 0, 1
(7,42), 0, 1
(7,47), 0, 1
(7,51), 0, 1
(7,56), 0, 1
(7,61), 0, 1
(7,66), 0, 1
(7,68), 0, 1
(7,69), 0, 1
(7,82), 0, 1
(7,92), 0, 1
(8,4), 0, 1
(8,9), 0, 1
(8,15), 0, 1
(8,32), 0, 1
(8,34), 0, 1
(8,42), 0, 1
(8,50), 0, 1
(8,51), 0, 1
(8,56), 0, 1
(8,61), 0, 1
(8,66), 0, 1
(8,68), 0, 1
(8,69), 0, 1
(8,92), 0, 1
(9,2), 0, 1
(9,4), 0, 1
(9,15), 0, 1
(9,32), 0, 1
(9,34), 0, 1
(9,42), 0, 1
(9,44), 0, 1
(9,56), 0, 1
(9,61), 0, 1
(9,66), 0, 1
(9,68), 0, 1
(9,69), 0, 1
(9,82), 0, 1
(9,92), 0, 1
(9,93), 0, 1
(10,4), 0, 1
(10,9), 0, 1
(10,15), 0, 1
(10,32), 0, 1
(10,34), 0, 1
(10,42), 0, 1
(10,47), 0, 1
(10,51), 0, 1
(10,56), 0, 1
(10,61), 0, 1
(10,68), 0, 1
(10,69), 0, 1
(10,82), 0, 1
(10,92), 0, 1
(10,93), 0, 1
(11,4), 0, 1
(11,15), 0, 1
(11,32), 0, 1
(11,42), 0, 1
(11,51), 0, 1
(11,56), 0, 1
(11,61), 0, 1
(11,66), 0, 1
(11,68), 0, 1
(11,69), 0, 1
(11,82), 0, 1
(11,92), 0, 1
(12,4), 0, 1
(12,15), 0, 1
(12,32), 0, 1
(12,34), 0, 1
(12,42), 0, 1
(12,56), 0, 1
(12,61), 0, 1
(12,66), 0, 1
(12,68), 0, 1
(12,69), 0, 1
(12,82), 0, 1
(12,92), 0, 1
(12,93), 0, 1
(13,4), 0, 1
(13,9), 0, 1
(13,32), 0, 1
(13,34), 0, 1
(13,42), 0, 1
(13,51), 0, 1
(13,61), 0, 1
(13,66), 0, 1
(13,68), 0, 1
(13,69), 0, 1
(13,70), 0, 1
(13,82), 0, 1
(13,92), 0, 1
(14,2), 0, 1
(14,4), 0, 1
(14,9), 0, 1
(14,15), 0, 1
(14,34), 0, 1
(14,42), 0, 1
(14,51), 0, 1
(14,56), 0, 1
(14,61), 0, 1
(14,68), 0, 1
(14,69), 0, 1
(14,82), 0, 1
(14,92), 0, 1
(15,4), 0, 1
(15,9), 0, 1
(15,32), 0, 1
(15,34), 0, 1
(15,42), 0, 1
(15,50), 0, 1
(15,56), 0, 1
(15,61), 0, 1
(15,66), 0, 1
(15,68), 0, 1
(15,69), 0, 1
(15,82), 0, 1
(15,92), 0, 1
(15,93), 0, 1
(16,0), 0, 1
(16,1), 0, 1
(16,4), 0, 1
(16,5), 0, 1
(16,6), 0, 1
(16,7), 0, 1
(16,8), 0, 1
(16,9), 0, 1
(16,11), 0, 1
(16,12), 0, 1
(16,14), 0, 1
(16,15), 0, 1
(16,17), 0, 1
(16,18), 0, 1
(16,19), 0, 1
(16,21), 0, 1
(16,22), 0, 1
(16,23), 0, 1
(16,24), 0, 1
(16,25), 0, 1
(16,26), 0, 1
(16,27), 0, 1
(16,28), 0, 1
(16,29), 0, 1
(16,31), 0, 1
(16,32), 0, 1
(16,33), 0, 1
(16,34), 0, 1
(16,36), 0, 1
(16,37), 0, 1
(16,38), 0, 1
(16,39), 0, 1
(16,40), 0, 1
(16,41), 0, 1
(16,42), 0, 1
(16,43), 0, 1
(16,48), 0, 1
(16,51), 0, 1
(16,52), 0, 1
(16,53), 0, 1
(16,55), 0, 1
(16,56), 0, 1
(16,57), 0, 1
(16,59), 0, 1
(16,60), 0, 1
(16,61), 0, 1
(16,62), 0, 1
(16,63), 0, 1
(16,64), 0, 1
(16,65), 0, 1
(16,66), 0, 1
(16,67), 0, 1
(16,68), 0, 1
(16,69), 0, 1
(16,71), 0, 1
(16,72), 0, 1
(16,73), 0, 1
(16,74), 0, 1
(16,75), 0, 1
(16,76), 0, 1
(16,77), 0, 1
(16,78), 0, 1
(16,79), 0, 1
(16,80), 0, 1
(16,81), 0, 1
(16,84), 0, 1
(16,85), 0, 1
(16,86), 0, 1
(16,87), 0, 1
(16,88), 0, 1
(16,89), 0, 1
(16,91), 0, 1
(16,92), 0, 1
(16,94), 0, 1
(17,4), 0, 1
(17,9), 0, 1
(17,15), 0, 1
(17,32), 0, 1
(17,34), 0, 1
(17,42), 0, 1
(17,44), 0, 1
(17,51), 0, 1
(17,56), 0, 1
(17,61), 0, 1
(17,66), 0, 1
(17,68), 0, 1
(17,69), 0, 1
(17,82), 0, 1
(17,92), 0, 1
(17,93), 0, 1
(18,7), 0, 1
(18,14), 0, 1
(18,15), 0, 1
(18,17), 0, 1
(18,23), 0, 1
(18,72), 0, 1
(18,73), 0, 1
(18,91), 0, 1
(18,94), 0, 1
(19,7), 0, 1
(19,15), 0, 1
(19,17), 0, 1
(19,23), 0, 1
(19,72), 0, 1
(19,73), 0, 1
(19,91), 0, 1
(19,94), 0, 1
(20,4), 0, 1
(20,15), 0, 1
(20,34), 0, 1
(20,42), 0, 1
(20,51), 0, 1
(20,56), 0, 1
(20,61), 0, 1
(20,68), 0, 1
(20,69), 0, 1
(20,82), 0, 1
(20,92), 0, 1
(20,93), 0, 1
(21,4), 0, 1
(21,9), 0, 1
(21,15), 0, 1
(21,32), 0, 1
(21,34), 0, 1
(21,51), 0, 1
(21,56), 0, 1
(21,61), 0, 1
(21,66), 0, 1
(21,68), 0, 1
(21,69), 0, 1
(21,82), 0, 1
(21,92), 0, 1
(21,93), 0, 1
(22,7), 0, 1
(22,14), 0, 1
(22,15), 0, 1
(22,17), 0, 1
(22,23), 0, 1
(22,72), 0, 1
(22,73), 0, 1
(22,91), 0, 1
(22,94), 0, 1
(23,15), 0, 1
(24,4), 0, 1
(24,9), 0, 1
(24,15), 0, 1
(24,34), 0, 1
(24,42), 0, 1
(24,50), 0, 1
(24,51), 0, 1
(24,61), 0, 1
(24,66), 0, 1
(24,68), 0, 1
(24,69), 0, 1
(24,82), 0, 1
(24,92), 0, 1
(24,93), 0, 1
(25,7), 0, 1
(25,14), 0, 1
(25,17), 0, 1
(25,23), 0, 1
(25,72), 0, 1
(25,73), 0, 1
(25,91), 0, 1
(25,94), 0, 1
(26,4), 0, 1
(26,9), 0, 1
(26,15), 0, 1
(26,32), 0, 1
(26,34), 0, 1
(26,42), 0, 1
(26,51), 0, 1
(26,56), 0, 1
(26,61), 0, 1
(26,68), 0, 1
(26,69), 0, 1
(26,82), 0, 1
(26,92), 0, 1
(27,3), 0, 1
(27,4), 0, 1
(27,9), 0, 1
(27,15), 0, 1
(27,32), 0, 1
(27,34), 0, 1
(27,51), 0, 1
(27,56), 0, 1
(27,61), 0, 1
(27,66), 0, 1
(27,68), 0, 1
(27,69), 0, 1
(27,82), 0, 1
(27,92), 0, 1
(27,93), 0, 1
(28,4), 0, 1
(28,9), 0, 1
(28,15), 0, 1
(28,32), 0, 1
(28,34), 0, 1
(28,42), 0, 1
(28,56), 0, 1
(28,61), 0, 1
(28,68), 0, 1
(28,69), 0, 1
(28,82), 0, 1
(28,92), 0, 1
(28,93), 0, 1
(29,4), 0, 1
(29,9), 0, 1
(29,15), 0, 1
(29,34), 0, 1
(29,42), 0, 1
(29,51), 0, 1
(29,56), 0, 1
(29,61), 0, 1
(29,66), 0, 1
(29,68), 0, 1
(29,69), 0, 1
(29,82), 0, 1
(29,92), 0, 1
(29,93), 0, 1
(30,7), 0, 1
(30,14), 0, 1
(30,15), 0, 1
(30,23), 0, 1
(30,72), 0, 1
(30,73), 0, 1
(30,91), 0, 1
(30,94), 0, 1
(31,1), 0, 1
(31,4), 0, 1
(31,8), 0, 1
(31,9), 0, 1
(31,11), 0, 1
(31,14), 0, 1
(31,15), 0, 1
(31,17), 0, 1
(31,18), 0, 1
(31,19), 0, 1
(31,20), 0, 1
(31,21), 0, 1
(31,22), 0, 1
(31,23), 0, 1
(31,24), 0, 1
(31,25), 0, 1
(31,26), 0, 1
(31,27), 0, 1
(31,28), 0, 1
(31,29), 0, 1
(31,33), 0, 1
(31,34), 0, 1
(31,35), 0, 1
(31,36), 0, 1
(31,37), 0, 1
(31,38), 0, 1
(31,39), 0, 1
(31,40), 0, 1
(31,41), 0, 1
(31,42), 0, 1
(31,43), 0, 1
(31,48), 0, 1
(31,52), 0, 1
(31,53), 0, 1
(31,54), 0, 1
(31,56), 0, 1
(31,57), 0, 1
(31,61), 0, 1
(31,62), 0, 1
(31,63), 0, 1
(31,64), 0, 1
(31,65), 0, 1
(31,66), 0, 1
(31,67), 0, 1
(31,68), 0, 1
(31,69), 0, 1
(31,71), 0, 1
(31,72), 0, 1
(31,73), 0, 1
(31,74), 0, 1
(31,75), 0, 1
(31,76), 0, 1
(31,77), 0, 1
(31,78), 0, 1
(31,80), 0, 1
(31,81), 0, 1
(31,82), 0, 1
(31,83), 0, 1
(31,84), 0, 1
(31,85), 0, 1
(31,86), 0, 1
(31,87), 0, 1
(31,89), 0, 1
(31,91), 0, 1
(31,92), 0, 1
(31,93), 0, 1
(31,94), 0, 1
(32,4), 0, 1
(32,9), 0, 1
(32,15), 0, 1
(32,42), 0, 1
(32,51), 0, 1
(32,56), 0, 1
(32,61), 0, 1
(32,66), 0, 1
(32,68), 0, 1
(32,69), 0, 1
(32,82), 0, 1
(32,92), 0, 1
(32,93), 0, 1
(33,2), 0, 1
(33,3), 0, 1
(33,4), 0, 1
(33,9), 0, 1
(33,15), 0, 1
(33,32), 0, 1
(33,34), 0, 1
(33,42), 0, 1
(33,51), 0, 1
(33,56), 0, 1
(33,61), 0, 1
(33,66), 0, 1
(33,68), 0, 1
(33,69), 0, 1
(33,82), 0, 1
(33,92), 0, 1
(33,93), 0, 1
(34,7), 0, 1
(34,14), 0, 1
(34,15), 0, 1
(34,17), 0, 1
(34,23), 0, 1
(34,72), 0, 1
(34,91), 0, 1
(34,94), 0, 1
(35,4), 0, 1
(35,15), 0, 1
(35,32), 0, 1
(35,34), 0, 1
(35,42), 0, 1
(35,51), 0, 1
(35,56), 0, 1
(35,61), 0, 1
(35,68), 0, 1
(35,69), 0, 1
(35,82), 0, 1
(35,92), 0, 1
(35,93), 0, 1
(36,4), 0, 1
(36,9), 0, 1
(36,15), 0, 1
(36,32), 0, 1
(36,34), 0, 1
(36,42), 0, 1
(36,44), 0, 1
(36,56), 0, 1
(36,66), 0, 1
(36,68), 0, 1
(36,69), 0, 1
(36,82), 0, 1
(36,92), 0, 1
(36,93), 0, 1
(37,4), 0, 1
(37,9), 0, 1
(37,34), 0, 1
(37,42), 0, 1
(37,51), 0, 1
(37,56), 0, 1
(37,61), 0, 1
(37,68), 0, 1
(37,69), 0, 1
(37,82), 0, 1
(37,92), 0, 1
(38,15), 0, 1
(39,15), 0, 1
(40,2), 0, 1
(40,4), 0, 1
(40,9), 0, 1
(40,15), 0, 1
(40,34), 0, 1
(40,42), 0, 1
(40,51), 0, 1
(40,56), 0, 1
(40,61), 0, 1
(40,66), 0, 1
(40,68), 0, 1
(40,69), 0, 1
(40,82), 0, 1
(40,92), 0, 1
(40,93), 0, 1
(41,0), 0, 1
(41,1), 0, 1
(41,4), 0, 1
(41,5), 0, 1
(41,6), 0, 1
(41,7), 0, 1
(41,9), 0, 1
(41,11), 0, 1
(41,12), 0, 1
(41,13), 0, 1
(41,14), 0, 1
(41,15), 0, 1
(41,17), 0, 1
(41,18), 0, 1
(41,19), 0, 1
(41,20), 0, 1
(41,21), 0, 1
(41,22), 0, 1
(41,23), 0, 1
(41,24), 0, 1
(41,25), 0, 1
(41,28), 0, 1
(41,29), 0, 1
(41,31), 0, 1
(41,33), 0, 1
(41,34), 0, 1
(41,35), 0, 1
(41,36), 0, 1
(41,37), 0, 1
(41,38), 0, 1
(41,39), 0, 1
(41,40), 0, 1
(41,42), 0, 1
(41,43), 0, 1
(41,45), 0, 1
(41,48), 0, 1
(41,52), 0, 1
(41,53), 0, 1
(41,54), 0, 1
(41,55), 0, 1
(41,56), 0, 1
(41,57), 0, 1
(41,59), 0, 1
(41,60), 0, 1
(41,61), 0, 1
(41,62), 0, 1
(41,63), 0, 1
(41,65), 0, 1
(41,66), 0, 1
(41,67), 0, 1
(41,68), 0, 1
(41,69), 0, 1
(41,70), 0, 1
(41,71), 0, 1
(41,72), 0, 1
(41,73), 0, 1
(41,74), 0, 1
(41,75), 0, 1
(41,76), 0, 1
(41,77), 0, 1
(41,78), 0, 1
(41,79), 0, 1
(41,80), 0, 1
(41,81), 0, 1
(41,83), 0, 1
(41,84), 0, 1
(41,85), 0, 1
(41,86), 0, 1
(41,87), 0, 1
(41,89), 0, 1
(41,91), 0, 1
(41,92), 0, 1
(41,93), 0, 1
(41,94), 0, 1
(42,7), 0, 1
(42,15), 0, 1
(42,17), 0, 1
(42,23), 0, 1
(42,72), 0, 1
(42,73), 0, 1
(42,91), 0, 1
(42,94), 0, 1
(43,4), 0, 1
(43,9), 0, 1
(43,32), 0, 1
(43,34), 0, 1
(43,42), 0, 1
(43,47), 0, 1
(43,51), 0, 1
(43,56), 0, 1
(43,61), 0, 1
(43,66), 0, 1
(43,68), 0, 1
(43,69), 0, 1
(43,82), 0, 1
(43,92), 0, 1
(43,93), 0, 1
(44,0), 0, 1
(44,1), 0, 1
(44,4), 0, 1
(44,5), 0, 1
(44,6), 0, 1
(44,7), 0, 1
(44,8), 0, 1
(44,9), 0, 1
(44,10), 0, 1
(44,11), 0, 1
(44,12), 0, 1
(44,13), 0, 1
(44,14), 0, 1
(44,15), 0, 1
(44,17), 0, 1
(44,18), 0, 1
(44,19), 0, 1
(44,20), 0, 1
(44,21), 0, 1
(44,22), 0, 1
(44,23), 0, 1
(44,24), 0, 1
(44,25), 0, 1
(44,28), 0, 1
(44,29), 0, 1
(44,31), 0, 1
(44,32), 0, 1
(44,33), 0, 1
(44,34), 0, 1
(44,35), 0, 1
(44,36), 0, 1
(44,37), 0, 1
(44,38), 0, 1
(44,39), 0, 1
(44,40), 0, 1
(44,41), 0, 1
(44,42), 0, 1
(44,43), 0, 1
(44,47), 0, 1
(44,48), 0, 1
(44,51), 0, 1
(44,52), 0, 1
(44,53), 0, 1
(44,55), 0, 1
(44,56), 0, 1
(44,57), 0, 1
(44,59), 0, 1
(44,60), 0, 1
(44,62), 0, 1
(44,63), 0, 1
(44,65), 0, 1
(44,66), 0, 1
(44,67), 0, 1
(44,69), 0, 1
(44,71), 0, 1
(44,72), 0, 1
(44,73), 0, 1
(44,74), 0, 1
(44,75), 0, 1
(44,76), 0, 1
(44,77), 0, 1
(44,78), 0, 1
(44,79), 0, 1
(44,80), 0, 1
(44,82), 0, 1
(44,83), 0, 1
(44,84), 0, 1
(44,85), 0, 1
(44,87), 0, 1
(44,89), 0, 1
(44,92), 0, 1
(45,0), 0, 1
(45,1), 0, 1
(45,5), 0, 1
(45,6), 0, 1
(45,7), 0, 1
(45,8), 0, 1
(45,9), 0, 1
(45,10), 0, 1
(45,11), 0, 1
(45,12), 0, 1
(45,13), 0, 1
(45,14), 0, 1
(45,15), 0, 1
(45,17), 0, 1
(45,18), 0, 1
(45,19), 0, 1
(45,20), 0, 1
(45,21), 0, 1
(45,22), 0, 1
(45,24), 0, 1
(45,25), 0, 1
(45,26), 0, 1
(45,27), 0, 1
(45,28), 0, 1
(45,29), 0, 1
(45,31), 0, 1
(45,33), 0, 1
(45,34), 0, 1
(45,35), 0, 1
(45,36), 0, 1
(45,37), 0, 1
(45,38), 0, 1
(45,39), 0, 1
(45,40), 0, 1
(45,41), 0, 1
(45,42), 0, 1
(45,43), 0, 1
(45,48), 0, 1
(45,51), 0, 1
(45,52), 0, 1
(45,53), 0, 1
(45,54), 0, 1
(45,55), 0, 1
(45,56), 0, 1
(45,57), 0, 1
(45,60), 0, 1
(45,62), 0, 1
(45,63), 0, 1
(45,64), 0, 1
(45,65), 0, 1
(45,66), 0, 1
(45,67), 0, 1
(45,68), 0, 1
(45,69), 0, 1
(45,71), 0, 1
(45,72), 0, 1
(45,73), 0, 1
(45,74), 0, 1
(45,75), 0, 1
(45,76), 0, 1
(45,77), 0, 1
(45,79), 0, 1
(45,80), 0, 1
(45,81), 0, 1
(45,82), 0, 1
(45,83), 0, 1
(45,84), 0, 1
(45,85), 0, 1
(45,86), 0, 1
(45,87), 0, 1
(45,89), 0, 1
(45,91), 0, 1
(45,92), 0, 1
(45,93), 0, 1
(46,0), 0, 1
(46,1), 0, 1
(46,4), 0, 1
(46,5), 0, 1
(46,6), 0, 1
(46,8), 0, 1
(46,9), 0, 1
(46,11), 0, 1
(46,12), 0, 1
(46,13), 0, 1
(46,14), 0, 1
(46,15), 0, 1
(46,17), 0, 1
(46,18), 0, 1
(46,19), 0, 1
(46,21), 0, 1
(46,22), 0, 1
(46,23), 0, 1
(46,24), 0, 1
(46,25), 0, 1
(46,26), 0, 1
(46,27), 0, 1
(46,28), 0, 1
(46,29), 0, 1
(46,33), 0, 1
(46,34), 0, 1
(46,35), 0, 1
(46,36), 0, 1
(46,37), 0, 1
(46,38), 0, 1
(46,39), 0, 1
(46,40), 0, 1
(46,41), 0, 1
(46,42), 0, 1
(46,43), 0, 1
(46,48), 0, 1
(46,51), 0, 1
(46,52), 0, 1
(46,53), 0, 1
(46,54), 0, 1
(46,55), 0, 1
(46,56), 0, 1
(46,57), 0, 1
(46,59), 0, 1
(46,60), 0, 1
(46,61), 0, 1
(46,62), 0, 1
(46,63), 0, 1
(46,64), 0, 1
(46,65), 0, 1
(46,66), 0, 1
(46,67), 0, 1
(46,68), 0, 1
(46,69), 0, 1
(46,71), 0, 1
(46,72), 0, 1
(46,73), 0, 1
(46,74), 0, 1
(46,75), 0, 1
(46,76), 0, 1
(46,77), 0, 1
(46,78), 0, 1
(46,79), 0, 1
(46,80), 0, 1
(46,82), 0, 1
(46,84), 0, 1
(46,85), 0, 1
(46,86), 0, 1
(46,87), 0, 1
(46,89), 0, 1
(46,91), 0, 1
(46,92), 0, 1
(46,94), 0, 1
(47,0), 0, 1
(47,1), 0, 1
(47,4), 0, 1
(47,5), 0, 1
(47,6), 0, 1
(47,8), 0, 1
(47,10), 0, 1
(47,11), 0, 1
(47,12), 0, 1
(47,13), 0, 1
(47,14), 0, 1
(47,15), 0, 1
(47,17), 0, 1
(47,18), 0, 1
(47,19), 0, 1
(47,20), 0, 1
(47,21), 0, 1
(47,22), 0, 1
(47,23), 0, 1
(47,24), 0, 1
(47,25), 0, 1
(47,27), 0, 1
(47,28), 0, 1
(47,29), 0, 1
(47,31), 0, 1
(47,32), 0, 1
(47,33), 0, 1
(47,34), 0, 1
(47,35), 0, 1
(47,36), 0, 1
(47,37), 0, 1
(47,39), 0, 1
(47,40), 0, 1
(47,41), 0, 1
(47,42), 0, 1
(47,43), 0, 1
(47,48), 0, 1
(47,51), 0, 1
(47,52), 0, 1
(47,53), 0, 1
(47,54), 0, 1
(47,56), 0, 1
(47,57), 0, 1
(47,59), 0, 1
(47,60), 0, 1
(47,61), 0, 1
(47,62), 0, 1
(47,63), 0, 1
(47,64), 0, 1
(47,67), 0, 1
(47,68), 0, 1
(47,69), 0, 1
(47,70), 0, 1
(47,71), 0, 1
(47,72), 0, 1
(47,74), 0, 1
(47,75), 0, 1
(47,76), 0, 1
(47,78), 0, 1
(47,79), 0, 1
(47,80), 0, 1
(47,81), 0, 1
(47,82), 0, 1
(47,84), 0, 1
(47,85), 0, 1
(47,86), 0, 1
(47,87), 0, 1
(47,89), 0, 1
(47,90), 0, 1
(47,91), 0, 1
(47,92), 0, 1
(47,93), 0, 1
(47,94), 0, 1
(48,0), 0, 1
(48,1), 0, 1
(48,4), 0, 1
(48,5), 0, 1
(48,6), 0, 1
(48,8), 0, 1
(48,9), 0, 1
(48,10), 0, 1
(48,11), 0, 1
(48,12), 0, 1
(48,14), 0, 1
(48,15), 0, 1
(48,17), 0, 1
(48,18), 0, 1
(48,19), 0, 1
(48,20), 0, 1
(48,21), 0, 1
(48,22), 0, 1
(48,23), 0, 1
(48,25), 0, 1
(48,26), 0, 1
(48,27), 0, 1
(48,28), 0, 1
(48,29), 0, 1
(48,31), 0, 1
(48,32), 0, 1
(48,33), 0, 1
(48,34), 0, 1
(48,35), 0, 1
(48,36), 0, 1
(48,37), 0, 1
(48,38), 0, 1
(48,39), 0, 1
(48,40), 0, 1
(48,42), 0, 1
(48,43), 0, 1
(48,51), 0, 1
(48,52), 0, 1
(48,53), 0, 1
(48,54), 0, 1
(48,55), 0, 1
(48,56), 0, 1
(48,57), 0, 1
(48,59), 0, 1
(48,60), 0, 1
(48,61), 0, 1
(48,62), 0, 1
(48,63), 0, 1
(48,64), 0, 1
(48,65), 0, 1
(48,66), 0, 1
(48,67), 0, 1
(48,68), 0, 1
(48,69), 0, 1
(48,71), 0, 1
(48,72), 0, 1
(48,73), 0, 1
(48,74), 0, 1
(48,75), 0, 1
(48,76), 0, 1
(48,77), 0, 1
(48,78), 0, 1
(48,79), 0, 1
(48,80), 0, 1
(48,82), 0, 1
(48,83), 0, 1
(48,84), 0, 1
(48,87), 0, 1
(48,89), 0, 1
(48,91), 0, 1
(48,92), 0, 1
(48,93), 0, 1
(49,14), 0, 1
(49,15), 0, 1
(49,17), 0, 1
(49,23), 0, 1
(49,72), 0, 1
(49,91), 0, 1
(49,94), 0, 1
(50,4), 0, 1
(50,32), 0, 1
(50,34), 0, 1
(50,42), 0, 1
(50,56), 0, 1
(50,61), 0, 1
(50,66), 0, 1
(50,68), 0, 1
(50,69), 0, 1
(50,82), 0, 1
(50,92), 0, 1
(50,93), 0, 1
(51,0), 0, 1
(51,1), 0, 1
(51,4), 0, 1
(51,5), 0, 1
(51,6), 0, 1
(51,7), 0, 1
(51,8), 0, 1
(51,9), 0, 1
(51,10), 0, 1
(51,12), 0, 1
(51,14), 0, 1
(51,15), 0, 1
(51,18), 0, 1
(51,19), 0, 1
(51,20), 0, 1
(51,21), 0, 1
(51,22), 0, 1
(51,23), 0, 1
(51,24), 0, 1
(51,25), 0, 1
(51,26), 0, 1
(51,27), 0, 1
(51,28), 0, 1
(51,29), 0, 1
(51,31), 0, 1
(51,32), 0, 1
(51,34), 0, 1
(51,35), 0, 1
(51,36), 0, 1
(51,37), 0, 1
(51,38), 0, 1
(51,39), 0, 1
(51,40), 0, 1
(51,41), 0, 1
(51,42), 0, 1
(51,43), 0, 1
(51,47), 0, 1
(51,48), 0, 1
(51,52), 0, 1
(51,53), 0, 1
(51,54), 0, 1
(51,55), 0, 1
(51,56), 0, 1
(51,57), 0, 1
(51,61), 0, 1
(51,62), 0, 1
(51,63), 0, 1
(51,64), 0, 1
(51,65), 0, 1
(51,66), 0, 1
(51,67), 0, 1
(51,68), 0, 1
(51,69), 0, 1
(51,71), 0, 1
(51,72), 0, 1
(51,73), 0, 1
(51,74), 0, 1
(51,76), 0, 1
(51,77), 0, 1
(51,78), 0, 1
(51,79), 0, 1
(51,82), 0, 1
(51,83), 0, 1
(51,84), 0, 1
(51,85), 0, 1
(51,86), 0, 1
(51,87), 0, 1
(51,89), 0, 1
(51,91), 0, 1
(51,92), 0, 1
(52,7), 0, 1
(52,14), 0, 1
(52,15), 0, 1
(52,17), 0, 1
(52,23), 0, 1
(52,72), 0, 1
(52,73), 0, 1
(52,91), 0, 1
(52,94), 0, 1
(53,15), 0, 1
(54,4), 0, 1
(54,15), 0, 1
(54,32), 0, 1
(54,34), 0, 1
(54,42), 0, 1
(54,44), 0, 1
(54,56), 0, 1
(54,61), 0, 1
(54,66), 0, 1
(54,68), 0, 1
(54,69), 0, 1
(54,70), 0, 1
(54,82), 0, 1
(54,92), 0, 1
(54,93), 0, 1
(55,4), 0, 1
(55,9), 0, 1
(55,15), 0, 1
(55,32), 0, 1
(55,34), 0, 1
(55,42), 0, 1
(55,56), 0, 1
(55,61), 0, 1
(55,68), 0, 1
(55,69), 0, 1
(55,82), 0, 1
(55,92), 0, 1
(56,15), 0, 1
(57,2), 0, 1
(57,4), 0, 1
(57,15), 0, 1
(57,32), 0, 1
(57,34), 0, 1
(57,42), 0, 1
(57,51), 0, 1
(57,56), 0, 1
(57,61), 0, 1
(57,66), 0, 1
(57,68), 0, 1
(57,69), 0, 1
(57,82), 0, 1
(57,92), 0, 1
(57,93), 0, 1
(58,9), 0, 1
(58,15), 0, 1
(58,32), 0, 1
(58,34), 0, 1
(58,47), 0, 1
(58,51), 0, 1
(58,56), 0, 1
(58,61), 0, 1
(58,66), 0, 1
(58,68), 0, 1
(58,69), 0, 1
(58,82), 0, 1
(58,92), 0, 1
(58,93), 0, 1
(59,7), 0, 1
(59,14), 0, 1
(59,15), 0, 1
(59,17), 0, 1
(59,23), 0, 1
(59,72), 0, 1
(59,73), 0, 1
(59,91), 0, 1
(60,0), 0, 1
(60,1), 0, 1
(60,4), 0, 1
(60,5), 0, 1
(60,6), 0, 1
(60,7), 0, 1
(60,8), 0, 1
(60,10), 0, 1
(60,11), 0, 1
(60,12), 0, 1
(60,13), 0, 1
(60,14), 0, 1
(60,15), 0, 1
(60,17), 0, 1
(60,18), 0, 1
(60,20), 0, 1
(60,21), 0, 1
(60,22), 0, 1
(60,23), 0, 1
(60,24), 0, 1
(60,25), 0, 1
(60,26), 0, 1
(60,27), 0, 1
(60,28), 0, 1
(60,29), 0, 1
(60,31), 0, 1
(60,32), 0, 1
(60,33), 0, 1
(60,34), 0, 1
(60,35), 0, 1
(60,36), 0, 1
(60,37), 0, 1
(60,39), 0, 1
(60,40), 0, 1
(60,41), 0, 1
(60,42), 0, 1
(60,48), 0, 1
(60,51), 0, 1
(60,52), 0, 1
(60,53), 0, 1
(60,54), 0, 1
(60,55), 0, 1
(60,56), 0, 1
(60,57), 0, 1
(60,58), 0, 1
(60,59), 0, 1
(60,61), 0, 1
(60,62), 0, 1
(60,63), 0, 1
(60,64), 0, 1
(60,65), 0, 1
(60,66), 0, 1
(60,67), 0, 1
(60,68), 0, 1
(60,69), 0, 1
(60,71), 0, 1
(60,72), 0, 1
(60,73), 0, 1
(60,74), 0, 1
(60,75), 0, 1
(60,76), 0, 1
(60,77), 0, 1
(60,79), 0, 1
(60,82), 0, 1
(60,84), 0, 1
(60,85), 0, 1
(60,86), 0, 1
(60,87), 0, 1
(60,89), 0, 1
(60,91), 0, 1
(60,92), 0, 1
(61,7), 0, 1
(61,14), 0, 1
(61,17), 0, 1
(61,23), 0, 1
(61,72), 0, 1
(61,73), 0, 1
(61,91), 0, 1
(62,15), 0, 1
(63,3), 0, 1
(63,4), 0, 1
(63,9), 0, 1
(63,15), 0, 1
(63,32), 0, 1
(63,34), 0, 1
(63,42), 0, 1
(63,56), 0, 1
(63,61), 0, 1
(63,66), 0, 1
(63,68), 0, 1
(63,69), 0, 1
(63,82), 0, 1
(63,92), 0, 1
(64,4), 0, 1
(64,9), 0, 1
(64,15), 0, 1
(64,32), 0, 1
(64,34), 0, 1
(64,42), 0, 1
(64,50), 0, 1
(64,51), 0, 1
(64,56), 0, 1
(64,61), 0, 1
(64,66), 0, 1
(64,68), 0, 1
(64,69), 0, 1
(64,82), 0, 1
(64,92), 0, 1
(65,4), 0, 1
(65,15), 0, 1
(65,32), 0, 1
(65,34), 0, 1
(65,42), 0, 1
(65,56), 0, 1
(65,61), 0, 1
(65,68), 0, 1
(65,69), 0, 1
(65,82), 0, 1
(65,92), 0, 1
(65,93), 0, 1
(66,7), 0, 1
(66,14), 0, 1
(66,15), 0, 1
(66,17), 0, 1
(66,23), 0, 1
(66,72), 0, 1
(66,73), 0, 1
(66,91), 0, 1
(66,94), 0, 1
(67,7), 0, 1
(67,14), 0, 1
(67,15), 0, 1
(67,17), 0, 1
(67,23), 0, 1
(67,72), 0, 1
(67,91), 0, 1
(68,4), 0, 1
(68,15), 0, 1
(68,32), 0, 1
(68,34), 0, 1
(68,42), 0, 1
(68,56), 0, 1
(68,61), 0, 1
(68,69), 0, 1
(68,82), 0, 1
(68,92), 0, 1
(68,93), 0, 1
(69,7), 0, 1
(69,14), 0, 1
(69,15), 0, 1
(69,17), 0, 1
(69,23), 0, 1
(69,72), 0, 1
(69,73), 0, 1
(69,91), 0, 1
(69,94), 0, 1
(70,3), 0, 1
(70,4), 0, 1
(70,15), 0, 1
(70,32), 0, 1
(70,34), 0, 1
(70,42), 0, 1
(70,51), 0, 1
(70,56), 0, 1
(70,61), 0, 1
(70,66), 0, 1
(70,68), 0, 1
(70,69), 0, 1
(70,82), 0, 1
(70,92), 0, 1
(70,93), 0, 1
(71,4), 0, 1
(71,9), 0, 1
(71,15), 0, 1
(71,32), 0, 1
(71,34), 0, 1
(71,42), 0, 1
(71,47), 0, 1
(71,56), 0, 1
(71,61), 0, 1
(71,66), 0, 1
(71,68), 0, 1
(71,69), 0, 1
(71,82), 0, 1
(71,92), 0, 1
(72,4), 0, 1
(72,9), 0, 1
(72,15), 0, 1
(72,32), 0, 1
(72,34), 0, 1
(72,42), 0, 1
(72,51), 0, 1
(72,56), 0, 1
(72,61), 0, 1
(72,66), 0, 1
(72,69), 0, 1
(72,70), 0, 1
(72,82), 0, 1
(72,92), 0, 1
(72,93), 0, 1
(73,2), 0, 1
(73,4), 0, 1
(73,9), 0, 1
(73,15), 0, 1
(73,34), 0, 1
(73,42), 0, 1
(73,51), 0, 1
(73,56), 0, 1
(73,61), 0, 1
(73,66), 0, 1
(73,68), 0, 1
(73,69), 0, 1
(73,82), 0, 1
(73,92), 0, 1
(73,93), 0, 1
(74,15), 0, 1
(75,4), 0, 1
(75,9), 0, 1
(75,15), 0, 1
(75,34), 0, 1
(75,42), 0, 1
(75,51), 0, 1
(75,56), 0, 1
(75,61), 0, 1
(75,68), 0, 1
(75,69), 0, 1
(75,82), 0, 1
(75,92), 0, 1
(76,4), 0, 1
(76,9), 0, 1
(76,15), 0, 1
(76,32), 0, 1
(76,42), 0, 1
(76,44), 0, 1
(76,51), 0, 1
(76,56), 0, 1
(76,61), 0, 1
(76,66), 0, 1
(76,68), 0, 1
(76,69), 0, 1
(76,82), 0, 1
(76,92), 0, 1
(76,93), 0, 1
(77,4), 0, 1
(77,15), 0, 1
(77,32), 0, 1
(77,34), 0, 1
(77,42), 0, 1
(77,47), 0, 1
(77,51), 0, 1
(77,56), 0, 1
(77,61), 0, 1
(77,66), 0, 1
(77,68), 0, 1
(77,69), 0, 1
(77,82), 0, 1
(77,92), 0, 1
(77,93), 0, 1
(78,4), 0, 1
(78,15), 0, 1
(78,32), 0, 1
(78,34), 0, 1
(78,42), 0, 1
(78,51), 0, 1
(78,56), 0, 1
(78,61), 0, 1
(78,66), 0, 1
(78,68), 0, 1
(78,69), 0, 1
(78,82), 0, 1
(78,92), 0, 1
(78,93), 0, 1
(79,4), 0, 1
(79,9), 0, 1
(79,15), 0, 1
(79,34), 0, 1
(79,42), 0, 1
(79,51), 0, 1
(79,56), 0, 1
(79,61), 0, 1
(79,66), 0, 1
(79,68), 0, 1
(79,69), 0, 1
(79,82), 0, 1
(79,92), 0, 1
(79,93), 0, 1
(80,1), 0, 1
(80,2), 0, 1
(80,4), 0, 1
(80,5), 0, 1
(80,7), 0, 1
(80,8), 0, 1
(80,9), 0, 1
(80,10), 0, 1
(80,11), 0, 1
(80,12), 0, 1
(80,14), 0, 1
(80,15), 0, 1
(80,17), 0, 1
(80,18), 0, 1
(80,20), 0, 1
(80,21), 0, 1
(80,22), 0, 1
(80,23), 0, 1
(80,24), 0, 1
(80,25), 0, 1
(80,27), 0, 1
(80,28), 0, 1
(80,29), 0, 1
(80,31), 0, 1
(80,32), 0, 1
(80,33), 0, 1
(80,34), 0, 1
(80,35), 0, 1
(80,36), 0, 1
(80,37), 0, 1
(80,38), 0, 1
(80,39), 0, 1
(80,40), 0, 1
(80,41), 0, 1
(80,42), 0, 1
(80,43), 0, 1
(80,45), 0, 1
(80,48), 0, 1
(80,50), 0, 1
(80,51), 0, 1
(80,52), 0, 1
(80,53), 0, 1
(80,54), 0, 1
(80,56), 0, 1
(80,57), 0, 1
(80,59), 0, 1
(80,60), 0, 1
(80,61), 0, 1
(80,62), 0, 1
(80,63), 0, 1
(80,64), 0, 1
(80,65), 0, 1
(80,66), 0, 1
(80,67), 0, 1
(80,68), 0, 1
(80,69), 0, 1
(80,70), 0, 1
(80,71), 0, 1
(80,72), 0, 1
(80,74), 0, 1
(80,75), 0, 1
(80,76), 0, 1
(80,77), 0, 1
(80,78), 0, 1
(80,79), 0, 1
(80,81), 0, 1
(80,82), 0, 1
(80,83), 0, 1
(80,84), 0, 1
(80,85), 0, 1
(80,86), 0, 1
(80,87), 0, 1
(80,89), 0, 1
(80,91), 0, 1
(80,92), 0, 1
(81,4), 0, 1
(81,9), 0, 1
(81,15), 0, 1
(81,32), 0, 1
(81,34), 0, 1
(81,42), 0, 1
(81,51), 0, 1
(81,56), 0, 1
(81,61), 0, 1
(81,66), 0, 1
(81,68), 0, 1
(81,69), 0, 1
(81,82), 0, 1
(81,92), 0, 1
(81,93), 0, 1
(82,15), 0, 1
(83,4), 0, 1
(83,9), 0, 1
(83,15), 0, 1
(83,34), 0, 1
(83,42), 0, 1
(83,56), 0, 1
(83,61), 0, 1
(83,68), 0, 1
(83,69), 0, 1
(83,82), 0, 1
(83,92), 0, 1
(83,93), 0, 1
(84,15), 0, 1
(84,34), 0, 1
(84,42), 0, 1
(84,50), 0, 1
(84,51), 0, 1
(84,56), 0, 1
(84,61), 0, 1
(84,68), 0, 1
(84,69), 0, 1
(84,82), 0, 1
(84,92), 0, 1
(84,93), 0, 1
(85,7), 0, 1
(85,14), 0, 1
(85,15), 0, 1
(85,17), 0, 1
(85,23), 0, 1
(85,72), 0, 1
(85,73), 0, 1
(85,91), 0, 1
(85,94), 0, 1
(86,4), 0, 1
(86,15), 0, 1
(86,32), 0, 1
(86,34), 0, 1
(86,42), 0, 1
(86,47), 0, 1
(86,51), 0, 1
(86,56), 0, 1
(86,61), 0, 1
(86,66), 0, 1
(86,68), 0, 1
(86,69), 0, 1
(86,82), 0, 1
(86,92), 0, 1
(86,93), 0, 1
(87,15), 0, 1
(88,0), 0, 1
(88,1), 0, 1
(88,4), 0, 1
(88,5), 0, 1
(88,6), 0, 1
(88,7), 0, 1
(88,8), 0, 1
(88,9), 0, 1
(88,11), 0, 1
(88,12), 0, 1
(88,14), 0, 1
(88,15), 0, 1
(88,17), 0, 1
(88,18), 0, 1
(88,19), 0, 1
(88,20), 0, 1
(88,21), 0, 1
(88,22), 0, 1
(88,23), 0, 1
(88,24), 0, 1
(88,25), 0, 1
(88,26), 0, 1
(88,27), 0, 1
(88,28), 0, 1
(88,29), 0, 1
(88,31), 0, 1
(88,32), 0, 1
(88,33), 0, 1
(88,34), 0, 1
(88,36), 0, 1
(88,37), 0, 1
(88,39), 0, 1
(88,40), 0, 1
(88,41), 0, 1
(88,42), 0, 1
(88,43), 0, 1
(88,48), 0, 1
(88,51), 0, 1
(88,53), 0, 1
(88,54), 0, 1
(88,55), 0, 1
(88,56), 0, 1
(88,57), 0, 1
(88,59), 0, 1
(88,61), 0, 1
(88,62), 0, 1
(88,63), 0, 1
(88,64), 0, 1
(88,65), 0, 1
(88,66), 0, 1
(88,67), 0, 1
(88,68), 0, 1
(88,69), 0, 1
(88,71), 0, 1
(88,74), 0, 1
(88,75), 0, 1
(88,76), 0, 1
(88,77), 0, 1
(88,78), 0, 1
(88,79), 0, 1
(88,80), 0, 1
(88,81), 0, 1
(88,82), 0, 1
(88,83), 0, 1
(88,84), 0, 1
(88,85), 0, 1
(88,86), 0, 1
(88,87), 0, 1
(88,89), 0, 1
(88,90), 0, 1
(88,91), 0, 1
(88,92), 0, 1
(88,93), 0, 1
(88,94), 0, 1
(89,15), 0, 1
(90,4), 0, 1
(90,9), 0, 1
(90,15), 0, 1
(90,34), 0, 1
(90,42), 0, 1
(90,51), 0, 1
(90,56), 0, 1
(90,61), 0, 1
(90,68), 0, 1
(90,69), 0, 1
(90,82), 0, 1
(90,92), 0, 1
(90,93), 0, 1
(91,4), 0, 1
(91,9), 0, 1
(91,15), 0, 1
(91,32), 0, 1
(91,34), 0, 1
(91,42), 0, 1
(91,51), 0, 1
(91,56), 0, 1
(91,61), 0, 1
(91,66), 0, 1
(91,68), 0, 1
(91,69), 0, 1
(91,82), 0, 1
(91,92), 0, 1
(91,93), 0, 1
(92,14), 0, 1
(92,15), 0, 1
(92,17), 0, 1
(92,23), 0, 1
(92,72), 0, 1
(92,73), 0, 1
(92,91), 0, 1
(92,94), 0, 1
(93,4), 0, 1
(93,9), 0, 1
(93,15), 0, 1
(93,32), 0, 1
(93,34), 0, 1
(93,42), 0, 1
(93,44), 0, 1
(93,50), 0, 1
(93,51), 0, 1
(93,66), 0, 1
(93,68), 0, 1
(93,69), 0, 1
(93,82), 0, 1
(93,92), 0, 1
(94,0), 0, 1
(94,1), 0, 1
(94,4), 0, 1
(94,5), 0, 1
(94,7), 0, 1
(94,8), 0, 1
(94,9), 0, 1
(94,10), 0, 1
(94,11), 0, 1
(94,12), 0, 1
(94,14), 0, 1
(94,15), 0, 1
(94,17), 0, 1
(94,18), 0, 1
(94,20), 0, 1
(94,21), 0, 1
(94,22), 0, 1
(94,23), 0, 1
(94,24), 0, 1
(94,25), 0, 1
(94,26), 0, 1
(94,27), 0, 1
(94,28), 0, 1
(94,29), 0, 1
(94,31), 0, 1
(94,32), 0, 1
(94,33), 0, 1
(94,34), 0, 1
(94,35), 0, 1
(94,36), 0, 1
(94,37), 0, 1
(94,38), 0, 1
(94,39), 0, 1
(94,40), 0, 1
(94,41), 0, 1
(94,42), 0, 1
(94,43), 0, 1
(94,48), 0, 1
(94,52), 0, 1
(94,53), 0, 1
(94,54), 0, 1
(94,55), 0, 1
(94,56), 0, 1
(94,57), 0, 1
(94,59), 0, 1
(94,60), 0, 1
(94,61), 0, 1
(94,62), 0, 1
(94,63), 0, 1
(94,64), 0, 1
(94,65), 0, 1
(94,66), 0, 1
(94,67), 0, 1
(94,68), 0, 1
(94,69), 0, 1
(94,71), 0, 1
(94,72), 0, 1
(94,73), 0, 1
(94,74), 0, 1
(94,75), 0, 1
(94,77), 0, 1
(94,78), 0, 1
(94,79), 0, 1
(94,80), 0, 1
(94,81), 0, 1
(94,82), 0, 1
(94,83), 0, 1
(94,84), 0, 1
(94,86), 0, 1
(94,89), 0, 1
(94,90), 0, 1
(94,91), 0, 1
(94,92), 0, 1
(94,93), 0, 1
(95,15), 0, 1
(96,0), 0, 1
(96,1), 0, 1
(96,4), 0, 1
(96,5), 0, 1
(96,6), 0, 1
(96,8), 0, 1
(96,11), 0, 1
(96,12), 0, 1
(96,13), 0, 1
(96,14), 0, 1
(96,15), 0, 1
(96,17), 0, 1
(96,18), 0, 1
(96,19), 0, 1
(96,20), 0, 1
(96,21), 0, 1
(96,22), 0, 1
(96,23), 0, 1
(96,24), 0, 1
(96,25), 0, 1
(96,26), 0, 1
(96,27), 0, 1
(96,28), 0, 1
(96,29), 0, 1
(96,31), 0, 1
(96,32), 0, 1
(96,33), 0, 1
(96,34), 0, 1
(96,35), 0, 1
(96,36), 0, 1
(96,37), 0, 1
(96,38), 0, 1
(96,40), 0, 1
(96,41), 0, 1
(96,42), 0, 1
(96,43), 0, 1
(96,48), 0, 1
(96,51), 0, 1
(96,52), 0, 1
(96,53), 0, 1
(96,54), 0, 1
(96,55), 0, 1
(96,56), 0, 1
(96,57), 0, 1
(96,59), 0, 1
(96,61), 0, 1
(96,62), 0, 1
(96,63), 0, 1
(96,64), 0, 1
(96,65), 0, 1
(96,67), 0, 1
(96,68), 0, 1
(96,69), 0, 1
(96,71), 0, 1
(96,72), 0, 1
(96,73), 0, 1
(96,74), 0, 1
(96,76), 0, 1
(96,77), 0, 1
(96,78), 0, 1
(96,79), 0, 1
(96,80), 0, 1
(96,81), 0, 1
(96,82), 0, 1
(96,83), 0, 1
(96,84), 0, 1
(96,85), 0, 1
(96,86), 0, 1
(96,87), 0, 1
(96,89), 0, 1
(96,91), 0, 1
(96,92), 0, 1
(96,93), 0, 1
(96,94), 0, 1
(97,4), 0, 1
(97,9), 0, 1
(97,15), 0, 1
(97,34), 0, 1
(97,42), 0, 1
(97,51), 0, 1
(97,56), 0, 1
(97,61), 0, 1
(97,68), 0, 1
(97,69), 0, 1
(97,82), 0, 1
(97,92), 0, 1
(98,4), 0, 1
(98,9), 0, 1
(98,15), 0, 1
(98,34), 0, 1
(98,42), 0, 1
(98,51), 0, 1
(98,56), 0, 1
(98,61), 0, 1
(98,66), 0, 1
(98,68), 0, 1
(98,69), 0, 1
(98,92), 0, 1
(98,93), 0, 1
(99,15), 0, 1
