Nr_Pairs = 94
Nr_NDD = 6
Nr_Arcs = 2295
0	0.925
1	0.32499999999999996
2	0.1
3	0.05
4	0.05
5	0.05
6	0.05
7	0.05
8	0.9
9	0.05
10	0.05
11	0.05
12	0.05
13	0.05
14	0.1
15	0.05
16	0.05
17	0.1
18	0.1
19	0.05
20	0.05
21	0.05
22	0.2875000000000001
23	0.32499999999999996
24	0.9
25	0.05
26	0.1
27	0.1
28	0.05
29	0.1
30	0.05
31	0.05
32	0.05
33	0.2875000000000001
34	0.9
35	0.05
36	0.9
37	0.05
38	0.9
39	0.05
40	0.05
41	0.05
42	0.05
43	0.2875000000000001
44	0.05
45	0.2875000000000001
46	0.05
47	0.05
48	0.1
49	0.05
50	0.32499999999999996
51	0.1
52	0.05
53	0.1
54	0.05
55	0.05
56	0.9
57	0.2875000000000001
58	0.925
59	0.1
60	0.05
61	0.05
62	0.1
63	0.2875000000000001
64	0.05
65	0.05
66	0.05
67	0.05
68	0.05
69	0.1
70	0.05
71	0.05
72	0.2875000000000001
73	0.32499999999999996
74	0.1
75	0.1
76	0.1
77	0.1
78	0.05
79	0.32499999999999996
80	0.1
81	0.05
82	0.05
83	0.05
84	0.1
85	0.1
86	0.05
87	0.05
88	0.9
89	0.925
90	0.05
91	0.05
92	0.05
93	0.05
94	0.0
95	0.0
96	0.0
97	0.0
98	0.0
99	0.0
(0,2), 0, 1
(0,3), 0, 1
(0,4), 0, 1
(0,5), 0, 1
(0,6), 0, 1
(0,7), 0, 1
(0,9), 0, 1
(0,10), 0, 1
(0,11), 0, 1
(0,12), 0, 1
(0,13), 0, 1
(0,15), 0, 1
(0,16), 0, 1
(0,17), 0, 1
(0,18), 0, 1
(0,19), 0, 1
(0,20), 0, 1
(0,21), 0, 1
(0,23), 0, 1
(0,25), 0, 1
(0,26), 0, 1
(0,27), 0, 1
(0,28), 0, 1
(0,29), 0, 1
(0,31), 0, 1
(0,32), 0, 1
(0,33), 0, 1
(0,34), 0, 1
(0,35), 0, 1
(0,37), 0, 1
(0,39), 0, 1
(0,40), 0, 1
(0,41), 0, 1
(0,42), 0, 1
(0,44), 0, 1
(0,46), 0, 1
(0,47), 0, 1
(0,48), 0, 1
(0,49), 0, 1
(0,50), 0, 1
(0,51), 0, 1
(0,52), 0, 1
(0,54), 0, 1
(0,55), 0, 1
(0,57), 0, 1
(0,59), 0, 1
(0,60), 0, 1
(0,61), 0, 1
(0,63), 0, 1
(0,64), 0, 1
(0,65), 0, 1
(0,66), 0, 1
(0,67), 0, 1
(0,68), 0, 1
(0,69), 0, 1
(0,70), 0, 1
(0,71), 0, 1
(0,73), 0, 1
(0,74), 0, 1
(0,75), 0, 1
(0,76), 0, 1
(0,77), 0, 1
(0,78), 0, 1
(0,80), 0, 1
(0,81), 0, 1
(0,82), 0, 1
(0,83), 0, 1
(0,85), 0, 1
(0,86), 0, 1
(0,87), 0, 1
(0,88), 0, 1
(0,90), 0, 1
(0,91), 0, 1
(0,92), 0, 1
(0,93), 0, 1
(1,63), 0, 1
(2,0), 0, 1
(2,1), 0, 1
(2,3), 0, 1
(2,5), 0, 1
(2,14), 0, 1
(2,23), 0, 1
(2,25), 0, 1
(2,35), 0, 1
(2,42), 0, 1
(2,43), 0, 1
(2,46), 0, 1
(2,60), 0, 1
(2,77), 0, 1
(2,85), 0, 1
(2,86), 0, 1
(2,90), 0, 1
(3,1), 0, 1
(3,9), 0, 1
(3,16), 0, 1
(3,41), 0, 1
(3,57), 0, 1
(3,63), 0, 1
(3,65), 0, 1
(3,75), 0, 1
(4,1), 0, 1
(4,3), 0, 1
(4,5), 0, 1
(4,14), 0, 1
(4,23), 0, 1
(4,25), 0, 1
(4,35), 0, 1
(4,42), 0, 1
(4,46), 0, 1
(4,59), 0, 1
(4,60), 0, 1
(4,63), 0, 1
(4,77), 0, 1
(4,85), 0, 1
(4,86), 0, 1
(4,90), 0, 1
(5,1), 0, 1
(5,9), 0, 1
(5,16), 0, 1
(5,41), 0, 1
(5,63), 0, 1
(5,65), 0, 1
(5,75), 0, 1
(6,63), 0, 1
(7,1), 0, 1
(7,3), 0, 1
(7,5), 0, 1
(7,14), 0, 1
(7,23), 0, 1
(7,25), 0, 1
(7,35), 0, 1
(7,42), 0, 1
(7,43), 0, 1
(7,46), 0, 1
(7,59), 0, 1
(7,60), 0, 1
(7,63), 0, 1
(7,77), 0, 1
(7,85), 0, 1
(7,86), 0, 1
(7,90), 0, 1
(8,1), 0, 1
(8,2), 0, 1
(8,4), 0, 1
(8,5), 0, 1
(8,6), 0, 1
(8,7), 0, 1
(8,9), 0, 1
(8,11), 0, 1
(8,12), 0, 1
(8,14), 0, 1
(8,15), 0, 1
(8,16), 0, 1
(8,17), 0, 1
(8,18), 0, 1
(8,19), 0, 1
(8,20), 0, 1
(8,21), 0, 1
(8,22), 0, 1
(8,23), 0, 1
(8,25), 0, 1
(8,26), 0, 1
(8,28), 0, 1
(8,29), 0, 1
(8,30), 0, 1
(8,31), 0, 1
(8,32), 0, 1
(8,35), 0, 1
(8,37), 0, 1
(8,39), 0, 1
(8,40), 0, 1
(8,41), 0, 1
(8,42), 0, 1
(8,43), 0, 1
(8,44), 0, 1
(8,46), 0, 1
(8,47), 0, 1
(8,48), 0, 1
(8,49), 0, 1
(8,50), 0, 1
(8,51), 0, 1
(8,52), 0, 1
(8,53), 0, 1
(8,54), 0, 1
(8,55), 0, 1
(8,57), 0, 1
(8,59), 0, 1
(8,60), 0, 1
(8,61), 0, 1
(8,62), 0, 1
(8,63), 0, 1
(8,64), 0, 1
(8,65), 0, 1
(8,66), 0, 1
(8,68), 0, 1
(8,69), 0, 1
(8,70), 0, 1
(8,71), 0, 1
(8,74), 0, 1
(8,75), 0, 1
(8,76), 0, 1
(8,78), 0, 1
(8,79), 0, 1
(8,80), 0, 1
(8,81), 0, 1
(8,82), 0, 1
(8,84), 0, 1
(8,85), 0, 1
(8,86), 0, 1
(8,90), 0, 1
(8,91), 0, 1
(8,92), 0, 1
(9,1), 0, 1
(9,3), 0, 1
(9,5), 0, 1
(9,14), 0, 1
(9,25), 0, 1
(9,35), 0, 1
(9,42), 0, 1
(9,43), 0, 1
(9,46), 0, 1
(9,59), 0, 1
(9,60), 0, 1
(9,63), 0, 1
(9,77), 0, 1
(9,85), 0, 1
(9,86), 0, 1
(9,88), 0, 1
(9,90), 0, 1
(10,3), 0, 1
(10,5), 0, 1
(10,14), 0, 1
(10,23), 0, 1
(10,25), 0, 1
(10,35), 0, 1
(10,42), 0, 1
(10,43), 0, 1
(10,46), 0, 1
(10,59), 0, 1
(10,60), 0, 1
(10,63), 0, 1
(10,77), 0, 1
(10,85), 0, 1
(10,86), 0, 1
(10,90), 0, 1
(11,1), 0, 1
(11,3), 0, 1
(11,5), 0, 1
(11,14), 0, 1
(11,23), 0, 1
(11,25), 0, 1
(11,35), 0, 1
(11,42), 0, 1
(11,46), 0, 1
(11,59), 0, 1
(11,60), 0, 1
(11,63), 0, 1
(11,77), 0, 1
(11,85), 0, 1
(11,86), 0, 1
(11,90), 0, 1
(12,9), 0, 1
(12,16), 0, 1
(12,41), 0, 1
(12,57), 0, 1
(12,65), 0, 1
(12,75), 0, 1
(13,1), 0, 1
(13,9), 0, 1
(13,16), 0, 1
(13,41), 0, 1
(13,57), 0, 1
(13,63), 0, 1
(13,65), 0, 1
(13,75), 0, 1
(13,89), 0, 1
(14,1), 0, 1
(14,9), 0, 1
(14,16), 0, 1
(14,41), 0, 1
(14,57), 0, 1
(14,63), 0, 1
(14,65), 0, 1
(14,75), 0, 1
(15,1), 0, 1
(15,3), 0, 1
(15,5), 0, 1
(15,14), 0, 1
(15,23), 0, 1
(15,25), 0, 1
(15,35), 0, 1
(15,42), 0, 1
(15,46), 0, 1
(15,59), 0, 1
(15,60), 0, 1
(15,63), 0, 1
(15,77), 0, 1
(15,85), 0, 1
(15,86), 0, 1
(15,90), 0, 1
(16,3), 0, 1
(16,5), 0, 1
(16,14), 0, 1
(16,23), 0, 1
(16,25), 0, 1
(16,35), 0, 1
(16,42), 0, 1
(16,43), 0, 1
(16,46), 0, 1
(16,59), 0, 1
(16,60), 0, 1
(16,63), 0, 1
(16,77), 0, 1
(16,85), 0, 1
(16,86), 0, 1
(16,90), 0, 1
(17,9), 0, 1
(17,16), 0, 1
(17,41), 0, 1
(17,57), 0, 1
(17,65), 0, 1
(17,75), 0, 1
(18,1), 0, 1
(18,3), 0, 1
(18,5), 0, 1
(18,14), 0, 1
(18,23), 0, 1
(18,25), 0, 1
(18,42), 0, 1
(18,43), 0, 1
(18,46), 0, 1
(18,59), 0, 1
(18,60), 0, 1
(18,77), 0, 1
(18,85), 0, 1
(18,86), 0, 1
(18,90), 0, 1
(19,3), 0, 1
(19,5), 0, 1
(19,14), 0, 1
(19,25), 0, 1
(19,35), 0, 1
(19,42), 0, 1
(19,43), 0, 1
(19,59), 0, 1
(19,60), 0, 1
(19,77), 0, 1
(19,85), 0, 1
(19,86), 0, 1
(19,90), 0, 1
(20,1), 0, 1
(20,3), 0, 1
(20,5), 0, 1
(20,14), 0, 1
(20,23), 0, 1
(20,25), 0, 1
(20,35), 0, 1
(20,42), 0, 1
(20,46), 0, 1
(20,59), 0, 1
(20,60), 0, 1
(20,63), 0, 1
(20,77), 0, 1
(20,86), 0, 1
(20,88), 0, 1
(20,90), 0, 1
(21,1), 0, 1
(21,3), 0, 1
(21,5), 0, 1
(21,14), 0, 1
(21,25), 0, 1
(21,35), 0, 1
(21,42), 0, 1
(21,43), 0, 1
(21,46), 0, 1
(21,59), 0, 1
(21,60), 0, 1
(21,77), 0, 1
(21,85), 0, 1
(21,88), 0, 1
(22,1), 0, 1
(22,3), 0, 1
(22,5), 0, 1
(22,14), 0, 1
(22,23), 0, 1
(22,25), 0, 1
(22,35), 0, 1
(22,42), 0, 1
(22,46), 0, 1
(22,59), 0, 1
(22,60), 0, 1
(22,63), 0, 1
(22,77), 0, 1
(22,86), 0, 1
(22,90), 0, 1
(23,1), 0, 1
(23,2), 0, 1
(23,3), 0, 1
(23,4), 0, 1
(23,5), 0, 1
(23,6), 0, 1
(23,7), 0, 1
(23,9), 0, 1
(23,10), 0, 1
(23,11), 0, 1
(23,12), 0, 1
(23,13), 0, 1
(23,14), 0, 1
(23,15), 0, 1
(23,16), 0, 1
(23,17), 0, 1
(23,18), 0, 1
(23,19), 0, 1
(23,20), 0, 1
(23,21), 0, 1
(23,22), 0, 1
(23,25), 0, 1
(23,26), 0, 1
(23,27), 0, 1
(23,28), 0, 1
(23,29), 0, 1
(23,30), 0, 1
(23,31), 0, 1
(23,32), 0, 1
(23,34), 0, 1
(23,35), 0, 1
(23,36), 0, 1
(23,37), 0, 1
(23,39), 0, 1
(23,40), 0, 1
(23,41), 0, 1
(23,42), 0, 1
(23,44), 0, 1
(23,45), 0, 1
(23,46), 0, 1
(23,47), 0, 1
(23,48), 0, 1
(23,49), 0, 1
(23,51), 0, 1
(23,52), 0, 1
(23,53), 0, 1
(23,54), 0, 1
(23,55), 0, 1
(23,57), 0, 1
(23,59), 0, 1
(23,60), 0, 1
(23,61), 0, 1
(23,62), 0, 1
(23,64), 0, 1
(23,65), 0, 1
(23,66), 0, 1
(23,67), 0, 1
(23,68), 0, 1
(23,69), 0, 1
(23,70), 0, 1
(23,71), 0, 1
(23,72), 0, 1
(23,73), 0, 1
(23,75), 0, 1
(23,76), 0, 1
(23,77), 0, 1
(23,78), 0, 1
(23,79), 0, 1
(23,80), 0, 1
(23,81), 0, 1
(23,82), 0, 1
(23,83), 0, 1
(23,84), 0, 1
(23,86), 0, 1
(23,87), 0, 1
(23,90), 0, 1
(23,91), 0, 1
(23,92), 0, 1
(23,93), 0, 1
(24,3), 0, 1
(24,5), 0, 1
(24,14), 0, 1
(24,23), 0, 1
(24,25), 0, 1
(24,35), 0, 1
(24,42), 0, 1
(24,43), 0, 1
(24,46), 0, 1
(24,59), 0, 1
(24,60), 0, 1
(24,77), 0, 1
(24,85), 0, 1
(24,86), 0, 1
(24,90), 0, 1
(25,1), 0, 1
(25,9), 0, 1
(25,16), 0, 1
(25,41), 0, 1
(25,57), 0, 1
(25,63), 0, 1
(25,65), 0, 1
(25,75), 0, 1
(26,1), 0, 1
(26,9), 0, 1
(26,16), 0, 1
(26,41), 0, 1
(26,57), 0, 1
(26,63), 0, 1
(26,75), 0, 1
(26,89), 0, 1
(27,9), 0, 1
(27,16), 0, 1
(27,41), 0, 1
(27,57), 0, 1
(27,65), 0, 1
(27,75), 0, 1
(28,1), 0, 1
(28,3), 0, 1
(28,5), 0, 1
(28,14), 0, 1
(28,23), 0, 1
(28,25), 0, 1
(28,35), 0, 1
(28,42), 0, 1
(28,43), 0, 1
(28,46), 0, 1
(28,59), 0, 1
(28,60), 0, 1
(28,77), 0, 1
(28,85), 0, 1
(28,86), 0, 1
(28,88), 0, 1
(28,90), 0, 1
(29,3), 0, 1
(29,5), 0, 1
(29,14), 0, 1
(29,25), 0, 1
(29,35), 0, 1
(29,43), 0, 1
(29,60), 0, 1
(29,77), 0, 1
(29,86), 0, 1
(29,90), 0, 1
(30,1), 0, 1
(30,3), 0, 1
(30,5), 0, 1
(30,14), 0, 1
(30,23), 0, 1
(30,25), 0, 1
(30,35), 0, 1
(30,42), 0, 1
(30,46), 0, 1
(30,59), 0, 1
(30,60), 0, 1
(30,77), 0, 1
(30,86), 0, 1
(30,90), 0, 1
(31,1), 0, 1
(31,3), 0, 1
(31,5), 0, 1
(31,23), 0, 1
(31,25), 0, 1
(31,35), 0, 1
(31,42), 0, 1
(31,43), 0, 1
(31,46), 0, 1
(31,59), 0, 1
(31,60), 0, 1
(31,85), 0, 1
(31,86), 0, 1
(32,2), 0, 1
(32,3), 0, 1
(32,4), 0, 1
(32,5), 0, 1
(32,6), 0, 1
(32,7), 0, 1
(32,9), 0, 1
(32,10), 0, 1
(32,11), 0, 1
(32,12), 0, 1
(32,14), 0, 1
(32,15), 0, 1
(32,16), 0, 1
(32,17), 0, 1
(32,18), 0, 1
(32,19), 0, 1
(32,20), 0, 1
(32,27), 0, 1
(32,28), 0, 1
(32,29), 0, 1
(32,30), 0, 1
(32,31), 0, 1
(32,35), 0, 1
(32,37), 0, 1
(32,39), 0, 1
(32,40), 0, 1
(32,41), 0, 1
(32,42), 0, 1
(32,43), 0, 1
(32,44), 0, 1
(32,46), 0, 1
(32,47), 0, 1
(32,48), 0, 1
(32,49), 0, 1
(32,50), 0, 1
(32,52), 0, 1
(32,53), 0, 1
(32,54), 0, 1
(32,55), 0, 1
(32,57), 0, 1
(32,59), 0, 1
(32,60), 0, 1
(32,61), 0, 1
(32,64), 0, 1
(32,65), 0, 1
(32,66), 0, 1
(32,67), 0, 1
(32,69), 0, 1
(32,70), 0, 1
(32,71), 0, 1
(32,72), 0, 1
(32,74), 0, 1
(32,75), 0, 1
(32,76), 0, 1
(32,77), 0, 1
(32,78), 0, 1
(32,79), 0, 1
(32,80), 0, 1
(32,81), 0, 1
(32,82), 0, 1
(32,83), 0, 1
(32,85), 0, 1
(32,86), 0, 1
(32,87), 0, 1
(32,90), 0, 1
(32,91), 0, 1
(32,92), 0, 1
(32,93), 0, 1
(33,1), 0, 1
(33,3), 0, 1
(33,5), 0, 1
(33,14), 0, 1
(33,25), 0, 1
(33,35), 0, 1
(33,42), 0, 1
(33,43), 0, 1
(33,46), 0, 1
(33,59), 0, 1
(33,60), 0, 1
(33,63), 0, 1
(33,77), 0, 1
(33,85), 0, 1
(33,86), 0, 1
(34,1), 0, 1
(34,9), 0, 1
(34,16), 0, 1
(34,41), 0, 1
(34,57), 0, 1
(34,63), 0, 1
(34,65), 0, 1
(35,1), 0, 1
(35,9), 0, 1
(35,16), 0, 1
(35,41), 0, 1
(35,57), 0, 1
(35,65), 0, 1
(35,75), 0, 1
(36,9), 0, 1
(36,16), 0, 1
(36,41), 0, 1
(36,57), 0, 1
(36,63), 0, 1
(36,65), 0, 1
(36,75), 0, 1
(37,0), 0, 1
(37,1), 0, 1
(37,3), 0, 1
(37,5), 0, 1
(37,14), 0, 1
(37,23), 0, 1
(37,25), 0, 1
(37,35), 0, 1
(37,42), 0, 1
(37,46), 0, 1
(37,59), 0, 1
(37,63), 0, 1
(37,77), 0, 1
(37,85), 0, 1
(37,86), 0, 1
(37,90), 0, 1
(38,1), 0, 1
(38,63), 0, 1
(39,1), 0, 1
(39,3), 0, 1
(39,5), 0, 1
(39,14), 0, 1
(39,23), 0, 1
(39,25), 0, 1
(39,35), 0, 1
(39,42), 0, 1
(39,43), 0, 1
(39,46), 0, 1
(39,59), 0, 1
(39,60), 0, 1
(39,77), 0, 1
(39,85), 0, 1
(39,86), 0, 1
(39,88), 0, 1
(39,90), 0, 1
(40,9), 0, 1
(40,16), 0, 1
(40,41), 0, 1
(40,57), 0, 1
(40,63), 0, 1
(40,65), 0, 1
(41,1), 0, 1
(41,3), 0, 1
(41,5), 0, 1
(41,14), 0, 1
(41,23), 0, 1
(41,25), 0, 1
(41,35), 0, 1
(41,42), 0, 1
(41,43), 0, 1
(41,46), 0, 1
(41,59), 0, 1
(41,77), 0, 1
(41,85), 0, 1
(41,86), 0, 1
(41,90), 0, 1
(42,1), 0, 1
(42,9), 0, 1
(42,16), 0, 1
(42,41), 0, 1
(42,65), 0, 1
(42,75), 0, 1
(43,2), 0, 1
(43,3), 0, 1
(43,4), 0, 1
(43,5), 0, 1
(43,6), 0, 1
(43,7), 0, 1
(43,9), 0, 1
(43,10), 0, 1
(43,11), 0, 1
(43,12), 0, 1
(43,13), 0, 1
(43,15), 0, 1
(43,16), 0, 1
(43,17), 0, 1
(43,18), 0, 1
(43,19), 0, 1
(43,20), 0, 1
(43,21), 0, 1
(43,22), 0, 1
(43,25), 0, 1
(43,27), 0, 1
(43,28), 0, 1
(43,29), 0, 1
(43,30), 0, 1
(43,31), 0, 1
(43,32), 0, 1
(43,33), 0, 1
(43,35), 0, 1
(43,37), 0, 1
(43,39), 0, 1
(43,40), 0, 1
(43,41), 0, 1
(43,42), 0, 1
(43,44), 0, 1
(43,45), 0, 1
(43,46), 0, 1
(43,47), 0, 1
(43,48), 0, 1
(43,49), 0, 1
(43,50), 0, 1
(43,51), 0, 1
(43,52), 0, 1
(43,53), 0, 1
(43,54), 0, 1
(43,55), 0, 1
(43,57), 0, 1
(43,59), 0, 1
(43,60), 0, 1
(43,61), 0, 1
(43,62), 0, 1
(43,64), 0, 1
(43,65), 0, 1
(43,66), 0, 1
(43,67), 0, 1
(43,68), 0, 1
(43,70), 0, 1
(43,71), 0, 1
(43,72), 0, 1
(43,73), 0, 1
(43,74), 0, 1
(43,75), 0, 1
(43,76), 0, 1
(43,77), 0, 1
(43,78), 0, 1
(43,80), 0, 1
(43,81), 0, 1
(43,82), 0, 1
(43,83), 0, 1
(43,85), 0, 1
(43,86), 0, 1
(43,87), 0, 1
(43,89), 0, 1
(43,90), 0, 1
(43,91), 0, 1
(43,92), 0, 1
(44,9), 0, 1
(44,16), 0, 1
(44,41), 0, 1
(44,57), 0, 1
(44,63), 0, 1
(44,65), 0, 1
(44,75), 0, 1
(45,9), 0, 1
(45,16), 0, 1
(45,41), 0, 1
(45,57), 0, 1
(45,65), 0, 1
(45,75), 0, 1
(46,9), 0, 1
(46,16), 0, 1
(46,41), 0, 1
(46,57), 0, 1
(46,65), 0, 1
(46,75), 0, 1
(47,1), 0, 1
(47,63), 0, 1
(48,63), 0, 1
(49,3), 0, 1
(49,5), 0, 1
(49,14), 0, 1
(49,25), 0, 1
(49,35), 0, 1
(49,42), 0, 1
(49,43), 0, 1
(49,46), 0, 1
(49,60), 0, 1
(49,63), 0, 1
(49,77), 0, 1
(49,85), 0, 1
(49,86), 0, 1
(49,90), 0, 1
(50,3), 0, 1
(50,5), 0, 1
(50,14), 0, 1
(50,25), 0, 1
(50,35), 0, 1
(50,42), 0, 1
(50,43), 0, 1
(50,46), 0, 1
(50,60), 0, 1
(50,63), 0, 1
(50,77), 0, 1
(50,86), 0, 1
(50,88), 0, 1
(50,90), 0, 1
(51,0), 0, 1
(51,3), 0, 1
(51,5), 0, 1
(51,14), 0, 1
(51,25), 0, 1
(51,35), 0, 1
(51,42), 0, 1
(51,46), 0, 1
(51,59), 0, 1
(51,63), 0, 1
(51,77), 0, 1
(51,85), 0, 1
(51,86), 0, 1
(51,89), 0, 1
(51,90), 0, 1
(52,1), 0, 1
(52,3), 0, 1
(52,5), 0, 1
(52,14), 0, 1
(52,23), 0, 1
(52,25), 0, 1
(52,35), 0, 1
(52,42), 0, 1
(52,43), 0, 1
(52,46), 0, 1
(52,59), 0, 1
(52,63), 0, 1
(52,77), 0, 1
(52,85), 0, 1
(52,86), 0, 1
(52,90), 0, 1
(53,1), 0, 1
(53,2), 0, 1
(53,3), 0, 1
(53,4), 0, 1
(53,6), 0, 1
(53,7), 0, 1
(53,9), 0, 1
(53,10), 0, 1
(53,11), 0, 1
(53,12), 0, 1
(53,13), 0, 1
(53,14), 0, 1
(53,15), 0, 1
(53,16), 0, 1
(53,17), 0, 1
(53,18), 0, 1
(53,19), 0, 1
(53,20), 0, 1
(53,21), 0, 1
(53,23), 0, 1
(53,25), 0, 1
(53,27), 0, 1
(53,28), 0, 1
(53,29), 0, 1
(53,30), 0, 1
(53,31), 0, 1
(53,32), 0, 1
(53,33), 0, 1
(53,37), 0, 1
(53,39), 0, 1
(53,40), 0, 1
(53,41), 0, 1
(53,42), 0, 1
(53,43), 0, 1
(53,44), 0, 1
(53,45), 0, 1
(53,46), 0, 1
(53,47), 0, 1
(53,48), 0, 1
(53,51), 0, 1
(53,52), 0, 1
(53,54), 0, 1
(53,55), 0, 1
(53,59), 0, 1
(53,60), 0, 1
(53,61), 0, 1
(53,62), 0, 1
(53,64), 0, 1
(53,65), 0, 1
(53,66), 0, 1
(53,67), 0, 1
(53,68), 0, 1
(53,69), 0, 1
(53,70), 0, 1
(53,71), 0, 1
(53,72), 0, 1
(53,73), 0, 1
(53,74), 0, 1
(53,75), 0, 1
(53,76), 0, 1
(53,77), 0, 1
(53,78), 0, 1
(53,79), 0, 1
(53,80), 0, 1
(53,81), 0, 1
(53,82), 0, 1
(53,83), 0, 1
(53,84), 0, 1
(53,85), 0, 1
(53,87), 0, 1
(53,90), 0, 1
(53,91), 0, 1
(53,92), 0, 1
(53,93), 0, 1
(54,3), 0, 1
(54,5), 0, 1
(54,14), 0, 1
(54,23), 0, 1
(54,25), 0, 1
(54,35), 0, 1
(54,42), 0, 1
(54,43), 0, 1
(54,46), 0, 1
(54,59), 0, 1
(54,60), 0, 1
(54,63), 0, 1
(54,77), 0, 1
(54,85), 0, 1
(54,86), 0, 1
(54,90), 0, 1
(55,3), 0, 1
(55,5), 0, 1
(55,14), 0, 1
(55,23), 0, 1
(55,25), 0, 1
(55,35), 0, 1
(55,42), 0, 1
(55,43), 0, 1
(55,46), 0, 1
(55,60), 0, 1
(55,63), 0, 1
(55,77), 0, 1
(55,85), 0, 1
(55,86), 0, 1
(55,90), 0, 1
(56,1), 0, 1
(56,63), 0, 1
(57,1), 0, 1
(57,2), 0, 1
(57,3), 0, 1
(57,4), 0, 1
(57,5), 0, 1
(57,6), 0, 1
(57,7), 0, 1
(57,9), 0, 1
(57,10), 0, 1
(57,11), 0, 1
(57,12), 0, 1
(57,13), 0, 1
(57,14), 0, 1
(57,15), 0, 1
(57,17), 0, 1
(57,18), 0, 1
(57,19), 0, 1
(57,20), 0, 1
(57,21), 0, 1
(57,22), 0, 1
(57,23), 0, 1
(57,25), 0, 1
(57,26), 0, 1
(57,27), 0, 1
(57,28), 0, 1
(57,29), 0, 1
(57,30), 0, 1
(57,31), 0, 1
(57,32), 0, 1
(57,33), 0, 1
(57,35), 0, 1
(57,37), 0, 1
(57,39), 0, 1
(57,40), 0, 1
(57,41), 0, 1
(57,43), 0, 1
(57,44), 0, 1
(57,45), 0, 1
(57,46), 0, 1
(57,47), 0, 1
(57,48), 0, 1
(57,49), 0, 1
(57,50), 0, 1
(57,51), 0, 1
(57,52), 0, 1
(57,53), 0, 1
(57,54), 0, 1
(57,55), 0, 1
(57,59), 0, 1
(57,60), 0, 1
(57,62), 0, 1
(57,63), 0, 1
(57,64), 0, 1
(57,65), 0, 1
(57,66), 0, 1
(57,67), 0, 1
(57,68), 0, 1
(57,69), 0, 1
(57,70), 0, 1
(57,71), 0, 1
(57,72), 0, 1
(57,73), 0, 1
(57,75), 0, 1
(57,76), 0, 1
(57,77), 0, 1
(57,78), 0, 1
(57,79), 0, 1
(57,80), 0, 1
(57,81), 0, 1
(57,82), 0, 1
(57,83), 0, 1
(57,84), 0, 1
(57,85), 0, 1
(57,86), 0, 1
(57,87), 0, 1
(57,90), 0, 1
(57,91), 0, 1
(57,93), 0, 1
(58,1), 0, 1
(58,2), 0, 1
(58,3), 0, 1
(58,4), 0, 1
(58,5), 0, 1
(58,6), 0, 1
(58,7), 0, 1
(58,9), 0, 1
(58,10), 0, 1
(58,11), 0, 1
(58,12), 0, 1
(58,13), 0, 1
(58,14), 0, 1
(58,15), 0, 1
(58,16), 0, 1
(58,17), 0, 1
(58,19), 0, 1
(58,20), 0, 1
(58,21), 0, 1
(58,25), 0, 1
(58,26), 0, 1
(58,27), 0, 1
(58,28), 0, 1
(58,29), 0, 1
(58,30), 0, 1
(58,31), 0, 1
(58,32), 0, 1
(58,33), 0, 1
(58,35), 0, 1
(58,37), 0, 1
(58,39), 0, 1
(58,40), 0, 1
(58,41), 0, 1
(58,42), 0, 1
(58,43), 0, 1
(58,44), 0, 1
(58,47), 0, 1
(58,48), 0, 1
(58,49), 0, 1
(58,50), 0, 1
(58,51), 0, 1
(58,52), 0, 1
(58,53), 0, 1
(58,54), 0, 1
(58,55), 0, 1
(58,57), 0, 1
(58,59), 0, 1
(58,60), 0, 1
(58,62), 0, 1
(58,63), 0, 1
(58,64), 0, 1
(58,65), 0, 1
(58,66), 0, 1
(58,67), 0, 1
(58,68), 0, 1
(58,69), 0, 1
(58,70), 0, 1
(58,71), 0, 1
(58,72), 0, 1
(58,73), 0, 1
(58,74), 0, 1
(58,75), 0, 1
(58,76), 0, 1
(58,77), 0, 1
(58,78), 0, 1
(58,80), 0, 1
(58,82), 0, 1
(58,84), 0, 1
(58,85), 0, 1
(58,86), 0, 1
(58,87), 0, 1
(58,90), 0, 1
(58,91), 0, 1
(58,93), 0, 1
(59,1), 0, 1
(59,9), 0, 1
(59,16), 0, 1
(59,41), 0, 1
(59,57), 0, 1
(59,63), 0, 1
(59,65), 0, 1
(59,75), 0, 1
(60,1), 0, 1
(60,9), 0, 1
(60,16), 0, 1
(60,41), 0, 1
(60,63), 0, 1
(60,65), 0, 1
(61,1), 0, 1
(61,2), 0, 1
(61,3), 0, 1
(61,4), 0, 1
(61,5), 0, 1
(61,6), 0, 1
(61,7), 0, 1
(61,9), 0, 1
(61,10), 0, 1
(61,12), 0, 1
(61,13), 0, 1
(61,14), 0, 1
(61,15), 0, 1
(61,16), 0, 1
(61,17), 0, 1
(61,18), 0, 1
(61,19), 0, 1
(61,20), 0, 1
(61,21), 0, 1
(61,22), 0, 1
(61,23), 0, 1
(61,25), 0, 1
(61,26), 0, 1
(61,28), 0, 1
(61,29), 0, 1
(61,30), 0, 1
(61,31), 0, 1
(61,32), 0, 1
(61,33), 0, 1
(61,34), 0, 1
(61,37), 0, 1
(61,39), 0, 1
(61,40), 0, 1
(61,41), 0, 1
(61,42), 0, 1
(61,43), 0, 1
(61,46), 0, 1
(61,47), 0, 1
(61,48), 0, 1
(61,49), 0, 1
(61,50), 0, 1
(61,51), 0, 1
(61,52), 0, 1
(61,53), 0, 1
(61,54), 0, 1
(61,55), 0, 1
(61,57), 0, 1
(61,60), 0, 1
(61,62), 0, 1
(61,63), 0, 1
(61,64), 0, 1
(61,65), 0, 1
(61,66), 0, 1
(61,67), 0, 1
(61,68), 0, 1
(61,69), 0, 1
(61,70), 0, 1
(61,71), 0, 1
(61,72), 0, 1
(61,73), 0, 1
(61,74), 0, 1
(61,75), 0, 1
(61,76), 0, 1
(61,77), 0, 1
(61,78), 0, 1
(61,79), 0, 1
(61,80), 0, 1
(61,81), 0, 1
(61,82), 0, 1
(61,83), 0, 1
(61,84), 0, 1
(61,85), 0, 1
(61,86), 0, 1
(61,87), 0, 1
(61,90), 0, 1
(61,91), 0, 1
(61,92), 0, 1
(61,93), 0, 1
(62,0), 0, 1
(62,1), 0, 1
(62,3), 0, 1
(62,5), 0, 1
(62,14), 0, 1
(62,25), 0, 1
(62,35), 0, 1
(62,42), 0, 1
(62,46), 0, 1
(62,59), 0, 1
(62,60), 0, 1
(62,63), 0, 1
(62,77), 0, 1
(62,85), 0, 1
(62,86), 0, 1
(62,88), 0, 1
(62,90), 0, 1
(63,1), 0, 1
(63,2), 0, 1
(63,3), 0, 1
(63,4), 0, 1
(63,5), 0, 1
(63,6), 0, 1
(63,7), 0, 1
(63,9), 0, 1
(63,10), 0, 1
(63,11), 0, 1
(63,12), 0, 1
(63,13), 0, 1
(63,14), 0, 1
(63,15), 0, 1
(63,16), 0, 1
(63,17), 0, 1
(63,18), 0, 1
(63,19), 0, 1
(63,20), 0, 1
(63,21), 0, 1
(63,23), 0, 1
(63,25), 0, 1
(63,26), 0, 1
(63,27), 0, 1
(63,29), 0, 1
(63,30), 0, 1
(63,31), 0, 1
(63,32), 0, 1
(63,33), 0, 1
(63,35), 0, 1
(63,37), 0, 1
(63,39), 0, 1
(63,40), 0, 1
(63,41), 0, 1
(63,42), 0, 1
(63,44), 0, 1
(63,46), 0, 1
(63,47), 0, 1
(63,48), 0, 1
(63,49), 0, 1
(63,50), 0, 1
(63,51), 0, 1
(63,52), 0, 1
(63,53), 0, 1
(63,54), 0, 1
(63,55), 0, 1
(63,59), 0, 1
(63,60), 0, 1
(63,61), 0, 1
(63,62), 0, 1
(63,64), 0, 1
(63,65), 0, 1
(63,66), 0, 1
(63,67), 0, 1
(63,68), 0, 1
(63,69), 0, 1
(63,70), 0, 1
(63,71), 0, 1
(63,72), 0, 1
(63,73), 0, 1
(63,74), 0, 1
(63,75), 0, 1
(63,76), 0, 1
(63,77), 0, 1
(63,78), 0, 1
(63,79), 0, 1
(63,80), 0, 1
(63,81), 0, 1
(63,82), 0, 1
(63,83), 0, 1
(63,84), 0, 1
(63,85), 0, 1
(63,86), 0, 1
(63,87), 0, 1
(63,90), 0, 1
(63,91), 0, 1
(63,93), 0, 1
(64,3), 0, 1
(64,5), 0, 1
(64,14), 0, 1
(64,23), 0, 1
(64,25), 0, 1
(64,35), 0, 1
(64,42), 0, 1
(64,43), 0, 1
(64,46), 0, 1
(64,59), 0, 1
(64,60), 0, 1
(64,77), 0, 1
(64,85), 0, 1
(64,86), 0, 1
(64,90), 0, 1
(65,0), 0, 1
(65,1), 0, 1
(65,14), 0, 1
(65,23), 0, 1
(65,25), 0, 1
(65,35), 0, 1
(65,42), 0, 1
(65,43), 0, 1
(65,46), 0, 1
(65,59), 0, 1
(65,60), 0, 1
(65,63), 0, 1
(65,77), 0, 1
(65,85), 0, 1
(65,86), 0, 1
(65,90), 0, 1
(66,1), 0, 1
(66,3), 0, 1
(66,5), 0, 1
(66,14), 0, 1
(66,23), 0, 1
(66,25), 0, 1
(66,35), 0, 1
(66,42), 0, 1
(66,46), 0, 1
(66,60), 0, 1
(66,77), 0, 1
(66,85), 0, 1
(66,86), 0, 1
(66,90), 0, 1
(67,3), 0, 1
(67,5), 0, 1
(67,14), 0, 1
(67,23), 0, 1
(67,25), 0, 1
(67,35), 0, 1
(67,42), 0, 1
(67,43), 0, 1
(67,46), 0, 1
(67,59), 0, 1
(67,60), 0, 1
(67,63), 0, 1
(67,77), 0, 1
(67,85), 0, 1
(67,86), 0, 1
(67,90), 0, 1
(68,3), 0, 1
(68,5), 0, 1
(68,25), 0, 1
(68,35), 0, 1
(68,42), 0, 1
(68,43), 0, 1
(68,46), 0, 1
(68,59), 0, 1
(68,60), 0, 1
(68,63), 0, 1
(68,77), 0, 1
(68,85), 0, 1
(68,86), 0, 1
(68,90), 0, 1
(69,2), 0, 1
(69,3), 0, 1
(69,4), 0, 1
(69,5), 0, 1
(69,6), 0, 1
(69,7), 0, 1
(69,9), 0, 1
(69,10), 0, 1
(69,11), 0, 1
(69,12), 0, 1
(69,13), 0, 1
(69,14), 0, 1
(69,15), 0, 1
(69,16), 0, 1
(69,17), 0, 1
(69,19), 0, 1
(69,20), 0, 1
(69,21), 0, 1
(69,22), 0, 1
(69,23), 0, 1
(69,25), 0, 1
(69,26), 0, 1
(69,27), 0, 1
(69,28), 0, 1
(69,31), 0, 1
(69,32), 0, 1
(69,33), 0, 1
(69,35), 0, 1
(69,37), 0, 1
(69,38), 0, 1
(69,39), 0, 1
(69,40), 0, 1
(69,41), 0, 1
(69,42), 0, 1
(69,44), 0, 1
(69,45), 0, 1
(69,46), 0, 1
(69,47), 0, 1
(69,49), 0, 1
(69,50), 0, 1
(69,51), 0, 1
(69,52), 0, 1
(69,53), 0, 1
(69,54), 0, 1
(69,55), 0, 1
(69,57), 0, 1
(69,59), 0, 1
(69,61), 0, 1
(69,62), 0, 1
(69,63), 0, 1
(69,64), 0, 1
(69,65), 0, 1
(69,66), 0, 1
(69,67), 0, 1
(69,68), 0, 1
(69,70), 0, 1
(69,71), 0, 1
(69,72), 0, 1
(69,73), 0, 1
(69,74), 0, 1
(69,75), 0, 1
(69,76), 0, 1
(69,77), 0, 1
(69,78), 0, 1
(69,79), 0, 1
(69,80), 0, 1
(69,81), 0, 1
(69,82), 0, 1
(69,83), 0, 1
(69,84), 0, 1
(69,85), 0, 1
(69,86), 0, 1
(69,87), 0, 1
(69,90), 0, 1
(69,91), 0, 1
(69,92), 0, 1
(69,93), 0, 1
(70,1), 0, 1
(70,3), 0, 1
(70,5), 0, 1
(70,14), 0, 1
(70,23), 0, 1
(70,25), 0, 1
(70,35), 0, 1
(70,42), 0, 1
(70,43), 0, 1
(70,59), 0, 1
(70,60), 0, 1
(70,63), 0, 1
(70,77), 0, 1
(70,85), 0, 1
(70,86), 0, 1
(70,90), 0, 1
(71,1), 0, 1
(71,9), 0, 1
(71,16), 0, 1
(71,41), 0, 1
(71,57), 0, 1
(71,65), 0, 1
(71,75), 0, 1
(72,2), 0, 1
(72,3), 0, 1
(72,4), 0, 1
(72,5), 0, 1
(72,6), 0, 1
(72,7), 0, 1
(72,8), 0, 1
(72,9), 0, 1
(72,10), 0, 1
(72,11), 0, 1
(72,12), 0, 1
(72,13), 0, 1
(72,14), 0, 1
(72,15), 0, 1
(72,16), 0, 1
(72,17), 0, 1
(72,18), 0, 1
(72,19), 0, 1
(72,21), 0, 1
(72,25), 0, 1
(72,26), 0, 1
(72,28), 0, 1
(72,29), 0, 1
(72,30), 0, 1
(72,31), 0, 1
(72,32), 0, 1
(72,33), 0, 1
(72,36), 0, 1
(72,37), 0, 1
(72,39), 0, 1
(72,40), 0, 1
(72,41), 0, 1
(72,42), 0, 1
(72,43), 0, 1
(72,44), 0, 1
(72,45), 0, 1
(72,46), 0, 1
(72,47), 0, 1
(72,48), 0, 1
(72,49), 0, 1
(72,50), 0, 1
(72,51), 0, 1
(72,52), 0, 1
(72,53), 0, 1
(72,54), 0, 1
(72,55), 0, 1
(72,59), 0, 1
(72,60), 0, 1
(72,61), 0, 1
(72,62), 0, 1
(72,63), 0, 1
(72,64), 0, 1
(72,65), 0, 1
(72,66), 0, 1
(72,67), 0, 1
(72,68), 0, 1
(72,69), 0, 1
(72,70), 0, 1
(72,71), 0, 1
(72,73), 0, 1
(72,74), 0, 1
(72,77), 0, 1
(72,78), 0, 1
(72,81), 0, 1
(72,82), 0, 1
(72,83), 0, 1
(72,84), 0, 1
(72,85), 0, 1
(72,86), 0, 1
(72,90), 0, 1
(72,91), 0, 1
(72,92), 0, 1
(72,93), 0, 1
(73,1), 0, 1
(73,3), 0, 1
(73,5), 0, 1
(73,14), 0, 1
(73,25), 0, 1
(73,35), 0, 1
(73,43), 0, 1
(73,46), 0, 1
(73,59), 0, 1
(73,60), 0, 1
(73,85), 0, 1
(73,86), 0, 1
(73,90), 0, 1
(74,1), 0, 1
(74,2), 0, 1
(74,3), 0, 1
(74,4), 0, 1
(74,5), 0, 1
(74,6), 0, 1
(74,7), 0, 1
(74,9), 0, 1
(74,10), 0, 1
(74,11), 0, 1
(74,12), 0, 1
(74,13), 0, 1
(74,15), 0, 1
(74,16), 0, 1
(74,17), 0, 1
(74,18), 0, 1
(74,19), 0, 1
(74,20), 0, 1
(74,21), 0, 1
(74,23), 0, 1
(74,25), 0, 1
(74,26), 0, 1
(74,27), 0, 1
(74,28), 0, 1
(74,29), 0, 1
(74,30), 0, 1
(74,31), 0, 1
(74,32), 0, 1
(74,33), 0, 1
(74,35), 0, 1
(74,37), 0, 1
(74,40), 0, 1
(74,41), 0, 1
(74,42), 0, 1
(74,43), 0, 1
(74,44), 0, 1
(74,46), 0, 1
(74,47), 0, 1
(74,48), 0, 1
(74,49), 0, 1
(74,50), 0, 1
(74,51), 0, 1
(74,52), 0, 1
(74,53), 0, 1
(74,54), 0, 1
(74,55), 0, 1
(74,57), 0, 1
(74,58), 0, 1
(74,59), 0, 1
(74,60), 0, 1
(74,61), 0, 1
(74,62), 0, 1
(74,63), 0, 1
(74,64), 0, 1
(74,65), 0, 1
(74,66), 0, 1
(74,67), 0, 1
(74,68), 0, 1
(74,70), 0, 1
(74,71), 0, 1
(74,72), 0, 1
(74,73), 0, 1
(74,75), 0, 1
(74,76), 0, 1
(74,77), 0, 1
(74,78), 0, 1
(74,79), 0, 1
(74,81), 0, 1
(74,82), 0, 1
(74,83), 0, 1
(74,84), 0, 1
(74,85), 0, 1
(74,87), 0, 1
(74,90), 0, 1
(74,91), 0, 1
(74,92), 0, 1
(74,93), 0, 1
(75,1), 0, 1
(75,5), 0, 1
(75,14), 0, 1
(75,23), 0, 1
(75,25), 0, 1
(75,35), 0, 1
(75,42), 0, 1
(75,46), 0, 1
(75,59), 0, 1
(75,60), 0, 1
(75,77), 0, 1
(75,85), 0, 1
(75,86), 0, 1
(75,90), 0, 1
(76,1), 0, 1
(76,3), 0, 1
(76,5), 0, 1
(76,14), 0, 1
(76,25), 0, 1
(76,35), 0, 1
(76,42), 0, 1
(76,43), 0, 1
(76,46), 0, 1
(76,59), 0, 1
(76,60), 0, 1
(76,63), 0, 1
(76,77), 0, 1
(76,85), 0, 1
(76,86), 0, 1
(76,90), 0, 1
(77,1), 0, 1
(77,9), 0, 1
(77,16), 0, 1
(77,41), 0, 1
(77,57), 0, 1
(77,63), 0, 1
(77,65), 0, 1
(77,75), 0, 1
(78,1), 0, 1
(78,2), 0, 1
(78,3), 0, 1
(78,4), 0, 1
(78,5), 0, 1
(78,6), 0, 1
(78,7), 0, 1
(78,9), 0, 1
(78,10), 0, 1
(78,11), 0, 1
(78,12), 0, 1
(78,13), 0, 1
(78,14), 0, 1
(78,15), 0, 1
(78,16), 0, 1
(78,17), 0, 1
(78,18), 0, 1
(78,19), 0, 1
(78,21), 0, 1
(78,22), 0, 1
(78,25), 0, 1
(78,26), 0, 1
(78,27), 0, 1
(78,28), 0, 1
(78,29), 0, 1
(78,30), 0, 1
(78,31), 0, 1
(78,32), 0, 1
(78,33), 0, 1
(78,35), 0, 1
(78,37), 0, 1
(78,39), 0, 1
(78,40), 0, 1
(78,41), 0, 1
(78,42), 0, 1
(78,43), 0, 1
(78,44), 0, 1
(78,46), 0, 1
(78,47), 0, 1
(78,48), 0, 1
(78,49), 0, 1
(78,50), 0, 1
(78,51), 0, 1
(78,52), 0, 1
(78,53), 0, 1
(78,54), 0, 1
(78,55), 0, 1
(78,57), 0, 1
(78,59), 0, 1
(78,60), 0, 1
(78,61), 0, 1
(78,62), 0, 1
(78,63), 0, 1
(78,64), 0, 1
(78,65), 0, 1
(78,66), 0, 1
(78,68), 0, 1
(78,69), 0, 1
(78,70), 0, 1
(78,71), 0, 1
(78,72), 0, 1
(78,74), 0, 1
(78,75), 0, 1
(78,76), 0, 1
(78,77), 0, 1
(78,80), 0, 1
(78,81), 0, 1
(78,82), 0, 1
(78,83), 0, 1
(78,84), 0, 1
(78,85), 0, 1
(78,86), 0, 1
(78,87), 0, 1
(78,88), 0, 1
(78,90), 0, 1
(78,91), 0, 1
(78,92), 0, 1
(78,93), 0, 1
(79,1), 0, 1
(79,2), 0, 1
(79,3), 0, 1
(79,4), 0, 1
(79,5), 0, 1
(79,6), 0, 1
(79,7), 0, 1
(79,9), 0, 1
(79,11), 0, 1
(79,12), 0, 1
(79,13), 0, 1
(79,14), 0, 1
(79,15), 0, 1
(79,16), 0, 1
(79,17), 0, 1
(79,18), 0, 1
(79,19), 0, 1
(79,20), 0, 1
(79,21), 0, 1
(79,22), 0, 1
(79,25), 0, 1
(79,28), 0, 1
(79,29), 0, 1
(79,30), 0, 1
(79,31), 0, 1
(79,32), 0, 1
(79,33), 0, 1
(79,35), 0, 1
(79,37), 0, 1
(79,39), 0, 1
(79,40), 0, 1
(79,41), 0, 1
(79,42), 0, 1
(79,43), 0, 1
(79,44), 0, 1
(79,45), 0, 1
(79,47), 0, 1
(79,48), 0, 1
(79,49), 0, 1
(79,51), 0, 1
(79,52), 0, 1
(79,53), 0, 1
(79,54), 0, 1
(79,55), 0, 1
(79,58), 0, 1
(79,59), 0, 1
(79,60), 0, 1
(79,61), 0, 1
(79,62), 0, 1
(79,63), 0, 1
(79,64), 0, 1
(79,65), 0, 1
(79,66), 0, 1
(79,67), 0, 1
(79,69), 0, 1
(79,70), 0, 1
(79,71), 0, 1
(79,73), 0, 1
(79,74), 0, 1
(79,75), 0, 1
(79,76), 0, 1
(79,80), 0, 1
(79,81), 0, 1
(79,82), 0, 1
(79,83), 0, 1
(79,84), 0, 1
(79,85), 0, 1
(79,86), 0, 1
(79,87), 0, 1
(79,90), 0, 1
(79,91), 0, 1
(79,92), 0, 1
(79,93), 0, 1
(80,1), 0, 1
(80,9), 0, 1
(80,16), 0, 1
(80,41), 0, 1
(80,63), 0, 1
(80,65), 0, 1
(80,75), 0, 1
(81,1), 0, 1
(81,63), 0, 1
(82,1), 0, 1
(82,3), 0, 1
(82,14), 0, 1
(82,23), 0, 1
(82,25), 0, 1
(82,35), 0, 1
(82,42), 0, 1
(82,46), 0, 1
(82,59), 0, 1
(82,60), 0, 1
(82,63), 0, 1
(82,77), 0, 1
(82,85), 0, 1
(82,86), 0, 1
(82,90), 0, 1
(83,1), 0, 1
(83,3), 0, 1
(83,14), 0, 1
(83,23), 0, 1
(83,25), 0, 1
(83,35), 0, 1
(83,42), 0, 1
(83,43), 0, 1
(83,59), 0, 1
(83,60), 0, 1
(83,63), 0, 1
(83,77), 0, 1
(83,85), 0, 1
(83,90), 0, 1
(84,1), 0, 1
(84,9), 0, 1
(84,16), 0, 1
(84,41), 0, 1
(84,57), 0, 1
(84,63), 0, 1
(85,9), 0, 1
(85,16), 0, 1
(85,41), 0, 1
(85,57), 0, 1
(85,63), 0, 1
(85,65), 0, 1
(85,75), 0, 1
(86,1), 0, 1
(86,9), 0, 1
(86,16), 0, 1
(86,41), 0, 1
(86,57), 0, 1
(86,65), 0, 1
(86,75), 0, 1
(87,1), 0, 1
(87,3), 0, 1
(87,5), 0, 1
(87,25), 0, 1
(87,35), 0, 1
(87,42), 0, 1
(87,43), 0, 1
(87,46), 0, 1
(87,59), 0, 1
(87,60), 0, 1
(87,77), 0, 1
(87,85), 0, 1
(87,90), 0, 1
(88,3), 0, 1
(88,5), 0, 1
(88,14), 0, 1
(88,23), 0, 1
(88,25), 0, 1
(88,35), 0, 1
(88,42), 0, 1
(88,46), 0, 1
(88,59), 0, 1
(88,60), 0, 1
(88,63), 0, 1
(88,77), 0, 1
(88,85), 0, 1
(88,86), 0, 1
(88,90), 0, 1
(89,1), 0, 1
(89,9), 0, 1
(89,16), 0, 1
(89,41), 0, 1
(89,65), 0, 1
(89,75), 0, 1
(90,1), 0, 1
(90,3), 0, 1
(90,5), 0, 1
(90,14), 0, 1
(90,25), 0, 1
(90,35), 0, 1
(90,42), 0, 1
(90,43), 0, 1
(90,46), 0, 1
(90,59), 0, 1
(90,60), 0, 1
(90,63), 0, 1
(90,77), 0, 1
(90,86), 0, 1
(91,1), 0, 1
(91,3), 0, 1
(91,5), 0, 1
(91,14), 0, 1
(91,25), 0, 1
(91,35), 0, 1
(91,42), 0, 1
(91,43), 0, 1
(91,46), 0, 1
(91,60), 0, 1
(91,63), 0, 1
(91,77), 0, 1
(91,85), 0, 1
(91,86), 0, 1
(91,90), 0, 1
(92,3), 0, 1
(92,5), 0, 1
(92,14), 0, 1
(92,23), 0, 1
(92,25), 0, 1
(92,35), 0, 1
(92,42), 0, 1
(92,43), 0, 1
(92,46), 0, 1
(92,59), 0, 1
(92,60), 0, 1
(92,63), 0, 1
(92,77), 0, 1
(92,85), 0, 1
(92,86), 0, 1
(92,90), 0, 1
(93,1), 0, 1
(93,3), 0, 1
(93,5), 0, 1
(93,14), 0, 1
(93,23), 0, 1
(93,25), 0, 1
(93,35), 0, 1
(93,42), 0, 1
(93,43), 0, 1
(93,46), 0, 1
(93,59), 0, 1
(93,60), 0, 1
(93,77), 0, 1
(93,85), 0, 1
(93,86), 0, 1
(93,90), 0, 1
(94,1), 0, 1
(94,3), 0, 1
(94,5), 0, 1
(94,14), 0, 1
(94,23), 0, 1
(94,35), 0, 1
(94,42), 0, 1
(94,43), 0, 1
(94,46), 0, 1
(94,59), 0, 1
(94,60), 0, 1
(94,77), 0, 1
(94,85), 0, 1
(94,90), 0, 1
(95,1), 0, 1
(95,2), 0, 1
(95,3), 0, 1
(95,4), 0, 1
(95,5), 0, 1
(95,6), 0, 1
(95,7), 0, 1
(95,9), 0, 1
(95,10), 0, 1
(95,11), 0, 1
(95,12), 0, 1
(95,13), 0, 1
(95,14), 0, 1
(95,15), 0, 1
(95,16), 0, 1
(95,17), 0, 1
(95,19), 0, 1
(95,20), 0, 1
(95,21), 0, 1
(95,22), 0, 1
(95,23), 0, 1
(95,25), 0, 1
(95,26), 0, 1
(95,27), 0, 1
(95,28), 0, 1
(95,29), 0, 1
(95,30), 0, 1
(95,31), 0, 1
(95,32), 0, 1
(95,35), 0, 1
(95,37), 0, 1
(95,38), 0, 1
(95,39), 0, 1
(95,40), 0, 1
(95,41), 0, 1
(95,42), 0, 1
(95,44), 0, 1
(95,45), 0, 1
(95,46), 0, 1
(95,47), 0, 1
(95,49), 0, 1
(95,50), 0, 1
(95,51), 0, 1
(95,52), 0, 1
(95,53), 0, 1
(95,54), 0, 1
(95,55), 0, 1
(95,59), 0, 1
(95,60), 0, 1
(95,61), 0, 1
(95,62), 0, 1
(95,63), 0, 1
(95,64), 0, 1
(95,65), 0, 1
(95,66), 0, 1
(95,67), 0, 1
(95,68), 0, 1
(95,69), 0, 1
(95,70), 0, 1
(95,71), 0, 1
(95,72), 0, 1
(95,73), 0, 1
(95,74), 0, 1
(95,75), 0, 1
(95,76), 0, 1
(95,77), 0, 1
(95,78), 0, 1
(95,79), 0, 1
(95,80), 0, 1
(95,81), 0, 1
(95,82), 0, 1
(95,83), 0, 1
(95,84), 0, 1
(95,85), 0, 1
(95,86), 0, 1
(95,87), 0, 1
(95,88), 0, 1
(95,90), 0, 1
(95,91), 0, 1
(95,92), 0, 1
(95,93), 0, 1
(96,3), 0, 1
(96,5), 0, 1
(96,14), 0, 1
(96,23), 0, 1
(96,25), 0, 1
(96,35), 0, 1
(96,42), 0, 1
(96,43), 0, 1
(96,46), 0, 1
(96,59), 0, 1
(96,60), 0, 1
(96,63), 0, 1
(96,77), 0, 1
(96,85), 0, 1
(96,86), 0, 1
(96,90), 0, 1
(97,2), 0, 1
(97,3), 0, 1
(97,4), 0, 1
(97,5), 0, 1
(97,6), 0, 1
(97,7), 0, 1
(97,9), 0, 1
(97,10), 0, 1
(97,11), 0, 1
(97,12), 0, 1
(97,13), 0, 1
(97,14), 0, 1
(97,15), 0, 1
(97,16), 0, 1
(97,17), 0, 1
(97,18), 0, 1
(97,19), 0, 1
(97,20), 0, 1
(97,21), 0, 1
(97,22), 0, 1
(97,23), 0, 1
(97,24), 0, 1
(97,25), 0, 1
(97,26), 0, 1
(97,27), 0, 1
(97,28), 0, 1
(97,29), 0, 1
(97,30), 0, 1
(97,31), 0, 1
(97,32), 0, 1
(97,33), 0, 1
(97,34), 0, 1
(97,35), 0, 1
(97,37), 0, 1
(97,39), 0, 1
(97,40), 0, 1
(97,41), 0, 1
(97,42), 0, 1
(97,43), 0, 1
(97,44), 0, 1
(97,46), 0, 1
(97,47), 0, 1
(97,48), 0, 1
(97,49), 0, 1
(97,50), 0, 1
(97,51), 0, 1
(97,52), 0, 1
(97,53), 0, 1
(97,54), 0, 1
(97,55), 0, 1
(97,56), 0, 1
(97,57), 0, 1
(97,59), 0, 1
(97,60), 0, 1
(97,62), 0, 1
(97,64), 0, 1
(97,65), 0, 1
(97,66), 0, 1
(97,67), 0, 1
(97,68), 0, 1
(97,70), 0, 1
(97,71), 0, 1
(97,72), 0, 1
(97,73), 0, 1
(97,74), 0, 1
(97,76), 0, 1
(97,77), 0, 1
(97,78), 0, 1
(97,79), 0, 1
(97,80), 0, 1
(97,81), 0, 1
(97,82), 0, 1
(97,83), 0, 1
(97,84), 0, 1
(97,85), 0, 1
(97,86), 0, 1
(97,87), 0, 1
(97,90), 0, 1
(97,91), 0, 1
(97,92), 0, 1
(97,93), 0, 1
(98,1), 0, 1
(98,2), 0, 1
(98,3), 0, 1
(98,4), 0, 1
(98,5), 0, 1
(98,6), 0, 1
(98,7), 0, 1
(98,9), 0, 1
(98,10), 0, 1
(98,11), 0, 1
(98,13), 0, 1
(98,14), 0, 1
(98,15), 0, 1
(98,16), 0, 1
(98,17), 0, 1
(98,18), 0, 1
(98,19), 0, 1
(98,20), 0, 1
(98,21), 0, 1
(98,22), 0, 1
(98,23), 0, 1
(98,25), 0, 1
(98,26), 0, 1
(98,27), 0, 1
(98,28), 0, 1
(98,29), 0, 1
(98,30), 0, 1
(98,31), 0, 1
(98,32), 0, 1
(98,33), 0, 1
(98,35), 0, 1
(98,36), 0, 1
(98,37), 0, 1
(98,39), 0, 1
(98,40), 0, 1
(98,41), 0, 1
(98,42), 0, 1
(98,43), 0, 1
(98,44), 0, 1
(98,46), 0, 1
(98,47), 0, 1
(98,48), 0, 1
(98,49), 0, 1
(98,50), 0, 1
(98,51), 0, 1
(98,52), 0, 1
(98,53), 0, 1
(98,54), 0, 1
(98,55), 0, 1
(98,57), 0, 1
(98,59), 0, 1
(98,60), 0, 1
(98,61), 0, 1
(98,62), 0, 1
(98,64), 0, 1
(98,65), 0, 1
(98,66), 0, 1
(98,67), 0, 1
(98,68), 0, 1
(98,69), 0, 1
(98,70), 0, 1
(98,71), 0, 1
(98,72), 0, 1
(98,73), 0, 1
(98,74), 0, 1
(98,77), 0, 1
(98,78), 0, 1
(98,79), 0, 1
(98,80), 0, 1
(98,81), 0, 1
(98,82), 0, 1
(98,83), 0, 1
(98,84), 0, 1
(98,86), 0, 1
(98,87), 0, 1
(98,90), 0, 1
(98,91), 0, 1
(98,92), 0, 1
(98,93), 0, 1
(99,3), 0, 1
(99,14), 0, 1
(99,25), 0, 1
(99,35), 0, 1
(99,42), 0, 1
(99,43), 0, 1
(99,60), 0, 1
(99,63), 0, 1
(99,77), 0, 1
(99,85), 0, 1
(99,86), 0, 1
(99,90), 0, 1
