Nr_Pairs = 96
Nr_NDD = 4
Nr_Arcs = 1323
0	0.05
1	0.05
2	0.05
3	0.05
4	0.2875000000000001
5	0.05
6	0.05
7	0.1
8	0.1
9	0.05
10	0.05
11	0.05
12	0.1
13	0.9
14	0.05
15	0.1
16	0.2875000000000001
17	0.05
18	0.9
19	0.9
20	0.2875000000000001
21	0.32499999999999996
22	0.05
23	0.1
24	0.2875000000000001
25	0.05
26	0.9
27	0.1
28	0.05
29	0.2875000000000001
30	0.05
31	0.925
32	0.2875000000000001
33	0.1
34	0.05
35	0.9
36	0.925
37	0.2875000000000001
38	0.05
39	0.9
40	0.925
41	0.05
42	0.9
43	0.1
44	0.05
45	0.05
46	0.2875000000000001
47	0.05
48	0.2875000000000001
49	0.05
50	0.1
51	0.9
52	0.1
53	0.925
54	0.1
55	0.05
56	0.2875000000000001
57	0.1
58	0.05
59	0.2875000000000001
60	0.1
61	0.9
62	0.9
63	0.2875000000000001
64	0.9
65	0.05
66	0.2875000000000001
67	0.05
68	0.05
69	0.05
70	0.2875000000000001
71	0.05
72	0.9
73	0.05
74	0.1
75	0.05
76	0.05
77	0.05
78	0.05
79	0.05
80	0.9
81	0.05
82	0.05
83	0.9
84	0.9
85	0.32499999999999996
86	0.05
87	0.1
88	0.05
89	0.2875000000000001
90	0.05
91	0.9
92	0.05
93	0.1
94	0.05
95	0.1
96	0.0
97	0.0
98	0.0
99	0.0
(0,6), 0, 1
(0,16), 0, 1
(0,32), 0, 1
(0,34), 0, 1
(0,38), 0, 1
(0,47), 0, 1
(0,60), 0, 1
(0,79), 0, 1
(0,93), 0, 1
(0,94), 0, 1
(1,6), 0, 1
(1,16), 0, 1
(1,32), 0, 1
(1,34), 0, 1
(1,38), 0, 1
(1,42), 0, 1
(1,47), 0, 1
(1,60), 0, 1
(1,79), 0, 1
(1,93), 0, 1
(1,94), 0, 1
(2,6), 0, 1
(2,32), 0, 1
(2,34), 0, 1
(2,38), 0, 1
(2,47), 0, 1
(2,60), 0, 1
(2,79), 0, 1
(2,93), 0, 1
(2,94), 0, 1
(3,20), 0, 1
(3,27), 0, 1
(3,74), 0, 1
(3,89), 0, 1
(4,6), 0, 1
(4,16), 0, 1
(4,34), 0, 1
(4,38), 0, 1
(4,42), 0, 1
(4,47), 0, 1
(4,60), 0, 1
(4,79), 0, 1
(4,93), 0, 1
(4,94), 0, 1
(5,8), 0, 1
(5,20), 0, 1
(5,27), 0, 1
(5,74), 0, 1
(5,89), 0, 1
(6,8), 0, 1
(6,27), 0, 1
(6,74), 0, 1
(6,89), 0, 1
(7,6), 0, 1
(7,16), 0, 1
(7,32), 0, 1
(7,34), 0, 1
(7,38), 0, 1
(7,47), 0, 1
(7,79), 0, 1
(7,93), 0, 1
(7,94), 0, 1
(8,6), 0, 1
(8,16), 0, 1
(8,32), 0, 1
(8,34), 0, 1
(8,38), 0, 1
(8,47), 0, 1
(8,60), 0, 1
(8,79), 0, 1
(8,83), 0, 1
(8,93), 0, 1
(8,94), 0, 1
(9,6), 0, 1
(9,16), 0, 1
(9,32), 0, 1
(9,34), 0, 1
(9,38), 0, 1
(9,47), 0, 1
(9,60), 0, 1
(9,79), 0, 1
(9,93), 0, 1
(9,94), 0, 1
(10,27), 0, 1
(10,35), 0, 1
(10,74), 0, 1
(10,89), 0, 1
(11,6), 0, 1
(11,16), 0, 1
(11,32), 0, 1
(11,34), 0, 1
(11,38), 0, 1
(11,47), 0, 1
(11,60), 0, 1
(11,79), 0, 1
(11,93), 0, 1
(11,94), 0, 1
(12,8), 0, 1
(12,20), 0, 1
(12,27), 0, 1
(12,74), 0, 1
(13,6), 0, 1
(13,32), 0, 1
(13,34), 0, 1
(13,38), 0, 1
(13,47), 0, 1
(13,60), 0, 1
(13,79), 0, 1
(13,83), 0, 1
(13,93), 0, 1
(13,94), 0, 1
(14,8), 0, 1
(14,20), 0, 1
(14,27), 0, 1
(14,35), 0, 1
(14,74), 0, 1
(14,89), 0, 1
(15,6), 0, 1
(15,16), 0, 1
(15,34), 0, 1
(15,38), 0, 1
(15,47), 0, 1
(15,60), 0, 1
(15,79), 0, 1
(15,93), 0, 1
(15,94), 0, 1
(16,8), 0, 1
(16,20), 0, 1
(16,74), 0, 1
(17,0), 0, 1
(17,1), 0, 1
(17,2), 0, 1
(17,3), 0, 1
(17,5), 0, 1
(17,6), 0, 1
(17,7), 0, 1
(17,8), 0, 1
(17,10), 0, 1
(17,11), 0, 1
(17,13), 0, 1
(17,14), 0, 1
(17,15), 0, 1
(17,16), 0, 1
(17,20), 0, 1
(17,22), 0, 1
(17,23), 0, 1
(17,24), 0, 1
(17,25), 0, 1
(17,27), 0, 1
(17,28), 0, 1
(17,30), 0, 1
(17,32), 0, 1
(17,33), 0, 1
(17,34), 0, 1
(17,37), 0, 1
(17,38), 0, 1
(17,41), 0, 1
(17,43), 0, 1
(17,44), 0, 1
(17,46), 0, 1
(17,47), 0, 1
(17,48), 0, 1
(17,49), 0, 1
(17,50), 0, 1
(17,53), 0, 1
(17,54), 0, 1
(17,55), 0, 1
(17,56), 0, 1
(17,58), 0, 1
(17,60), 0, 1
(17,61), 0, 1
(17,63), 0, 1
(17,65), 0, 1
(17,67), 0, 1
(17,68), 0, 1
(17,69), 0, 1
(17,70), 0, 1
(17,71), 0, 1
(17,73), 0, 1
(17,74), 0, 1
(17,76), 0, 1
(17,77), 0, 1
(17,79), 0, 1
(17,81), 0, 1
(17,86), 0, 1
(17,87), 0, 1
(17,88), 0, 1
(17,89), 0, 1
(17,90), 0, 1
(17,93), 0, 1
(17,94), 0, 1
(18,6), 0, 1
(18,34), 0, 1
(18,38), 0, 1
(18,47), 0, 1
(18,60), 0, 1
(18,79), 0, 1
(18,93), 0, 1
(18,94), 0, 1
(19,6), 0, 1
(19,16), 0, 1
(19,32), 0, 1
(19,38), 0, 1
(19,47), 0, 1
(19,60), 0, 1
(19,79), 0, 1
(19,93), 0, 1
(19,94), 0, 1
(20,16), 0, 1
(20,32), 0, 1
(20,34), 0, 1
(20,38), 0, 1
(20,47), 0, 1
(20,60), 0, 1
(20,93), 0, 1
(20,94), 0, 1
(21,6), 0, 1
(21,32), 0, 1
(21,34), 0, 1
(21,38), 0, 1
(21,42), 0, 1
(21,47), 0, 1
(21,60), 0, 1
(21,79), 0, 1
(21,83), 0, 1
(21,93), 0, 1
(21,94), 0, 1
(22,27), 0, 1
(22,74), 0, 1
(22,83), 0, 1
(22,89), 0, 1
(23,6), 0, 1
(23,16), 0, 1
(23,32), 0, 1
(23,34), 0, 1
(23,38), 0, 1
(23,47), 0, 1
(23,60), 0, 1
(23,93), 0, 1
(23,94), 0, 1
(24,6), 0, 1
(24,32), 0, 1
(24,34), 0, 1
(24,38), 0, 1
(24,47), 0, 1
(24,60), 0, 1
(24,79), 0, 1
(24,93), 0, 1
(24,94), 0, 1
(25,6), 0, 1
(25,32), 0, 1
(25,34), 0, 1
(25,38), 0, 1
(25,47), 0, 1
(25,79), 0, 1
(25,93), 0, 1
(25,94), 0, 1
(26,8), 0, 1
(26,20), 0, 1
(26,27), 0, 1
(26,74), 0, 1
(26,89), 0, 1
(27,6), 0, 1
(27,32), 0, 1
(27,34), 0, 1
(27,38), 0, 1
(27,42), 0, 1
(27,47), 0, 1
(27,60), 0, 1
(27,79), 0, 1
(27,93), 0, 1
(27,94), 0, 1
(28,6), 0, 1
(28,16), 0, 1
(28,32), 0, 1
(28,34), 0, 1
(28,38), 0, 1
(28,42), 0, 1
(28,47), 0, 1
(28,60), 0, 1
(28,79), 0, 1
(28,83), 0, 1
(28,93), 0, 1
(29,6), 0, 1
(29,16), 0, 1
(29,32), 0, 1
(29,34), 0, 1
(29,38), 0, 1
(29,47), 0, 1
(29,60), 0, 1
(29,79), 0, 1
(29,93), 0, 1
(29,94), 0, 1
(30,0), 0, 1
(30,1), 0, 1
(30,2), 0, 1
(30,3), 0, 1
(30,5), 0, 1
(30,6), 0, 1
(30,7), 0, 1
(30,8), 0, 1
(30,9), 0, 1
(30,10), 0, 1
(30,11), 0, 1
(30,12), 0, 1
(30,14), 0, 1
(30,15), 0, 1
(30,17), 0, 1
(30,20), 0, 1
(30,22), 0, 1
(30,23), 0, 1
(30,24), 0, 1
(30,25), 0, 1
(30,26), 0, 1
(30,27), 0, 1
(30,28), 0, 1
(30,29), 0, 1
(30,32), 0, 1
(30,33), 0, 1
(30,34), 0, 1
(30,38), 0, 1
(30,41), 0, 1
(30,44), 0, 1
(30,45), 0, 1
(30,47), 0, 1
(30,48), 0, 1
(30,49), 0, 1
(30,50), 0, 1
(30,52), 0, 1
(30,53), 0, 1
(30,54), 0, 1
(30,55), 0, 1
(30,57), 0, 1
(30,58), 0, 1
(30,59), 0, 1
(30,63), 0, 1
(30,65), 0, 1
(30,66), 0, 1
(30,68), 0, 1
(30,69), 0, 1
(30,70), 0, 1
(30,71), 0, 1
(30,73), 0, 1
(30,74), 0, 1
(30,75), 0, 1
(30,76), 0, 1
(30,77), 0, 1
(30,78), 0, 1
(30,79), 0, 1
(30,81), 0, 1
(30,82), 0, 1
(30,85), 0, 1
(30,86), 0, 1
(30,88), 0, 1
(30,90), 0, 1
(30,92), 0, 1
(30,93), 0, 1
(30,94), 0, 1
(30,95), 0, 1
(31,6), 0, 1
(31,16), 0, 1
(31,32), 0, 1
(31,34), 0, 1
(31,38), 0, 1
(31,47), 0, 1
(31,60), 0, 1
(31,79), 0, 1
(31,93), 0, 1
(31,94), 0, 1
(32,74), 0, 1
(33,6), 0, 1
(33,16), 0, 1
(33,34), 0, 1
(33,38), 0, 1
(33,47), 0, 1
(33,60), 0, 1
(33,79), 0, 1
(33,93), 0, 1
(33,94), 0, 1
(34,8), 0, 1
(34,20), 0, 1
(34,27), 0, 1
(34,74), 0, 1
(34,89), 0, 1
(35,6), 0, 1
(35,16), 0, 1
(35,38), 0, 1
(35,47), 0, 1
(35,60), 0, 1
(35,79), 0, 1
(35,93), 0, 1
(35,94), 0, 1
(36,0), 0, 1
(36,1), 0, 1
(36,2), 0, 1
(36,3), 0, 1
(36,5), 0, 1
(36,6), 0, 1
(36,7), 0, 1
(36,8), 0, 1
(36,9), 0, 1
(36,10), 0, 1
(36,11), 0, 1
(36,12), 0, 1
(36,15), 0, 1
(36,16), 0, 1
(36,20), 0, 1
(36,22), 0, 1
(36,23), 0, 1
(36,24), 0, 1
(36,25), 0, 1
(36,27), 0, 1
(36,28), 0, 1
(36,30), 0, 1
(36,32), 0, 1
(36,33), 0, 1
(36,34), 0, 1
(36,37), 0, 1
(36,38), 0, 1
(36,40), 0, 1
(36,41), 0, 1
(36,43), 0, 1
(36,44), 0, 1
(36,46), 0, 1
(36,48), 0, 1
(36,49), 0, 1
(36,50), 0, 1
(36,52), 0, 1
(36,53), 0, 1
(36,54), 0, 1
(36,55), 0, 1
(36,56), 0, 1
(36,57), 0, 1
(36,58), 0, 1
(36,60), 0, 1
(36,62), 0, 1
(36,63), 0, 1
(36,65), 0, 1
(36,66), 0, 1
(36,67), 0, 1
(36,68), 0, 1
(36,69), 0, 1
(36,70), 0, 1
(36,71), 0, 1
(36,73), 0, 1
(36,74), 0, 1
(36,75), 0, 1
(36,76), 0, 1
(36,77), 0, 1
(36,78), 0, 1
(36,79), 0, 1
(36,81), 0, 1
(36,82), 0, 1
(36,86), 0, 1
(36,87), 0, 1
(36,88), 0, 1
(36,89), 0, 1
(36,90), 0, 1
(36,91), 0, 1
(36,92), 0, 1
(36,93), 0, 1
(36,94), 0, 1
(36,95), 0, 1
(37,6), 0, 1
(37,16), 0, 1
(37,32), 0, 1
(37,34), 0, 1
(37,38), 0, 1
(37,47), 0, 1
(37,79), 0, 1
(37,93), 0, 1
(37,94), 0, 1
(38,8), 0, 1
(38,20), 0, 1
(38,27), 0, 1
(38,74), 0, 1
(38,89), 0, 1
(39,6), 0, 1
(39,16), 0, 1
(39,32), 0, 1
(39,34), 0, 1
(39,38), 0, 1
(39,47), 0, 1
(39,60), 0, 1
(39,79), 0, 1
(39,93), 0, 1
(39,94), 0, 1
(40,6), 0, 1
(40,16), 0, 1
(40,32), 0, 1
(40,34), 0, 1
(40,38), 0, 1
(40,47), 0, 1
(40,60), 0, 1
(40,79), 0, 1
(40,93), 0, 1
(40,94), 0, 1
(41,6), 0, 1
(41,16), 0, 1
(41,32), 0, 1
(41,34), 0, 1
(41,38), 0, 1
(41,47), 0, 1
(41,60), 0, 1
(41,79), 0, 1
(41,93), 0, 1
(41,94), 0, 1
(42,8), 0, 1
(42,20), 0, 1
(42,27), 0, 1
(42,89), 0, 1
(43,6), 0, 1
(43,16), 0, 1
(43,26), 0, 1
(43,32), 0, 1
(43,34), 0, 1
(43,38), 0, 1
(43,47), 0, 1
(43,60), 0, 1
(43,79), 0, 1
(43,93), 0, 1
(43,94), 0, 1
(44,8), 0, 1
(44,20), 0, 1
(44,27), 0, 1
(44,74), 0, 1
(44,89), 0, 1
(46,8), 0, 1
(46,27), 0, 1
(46,74), 0, 1
(46,89), 0, 1
(47,27), 0, 1
(47,74), 0, 1
(47,80), 0, 1
(47,89), 0, 1
(48,8), 0, 1
(48,20), 0, 1
(48,27), 0, 1
(48,35), 0, 1
(48,74), 0, 1
(49,6), 0, 1
(49,34), 0, 1
(49,38), 0, 1
(49,47), 0, 1
(49,60), 0, 1
(49,79), 0, 1
(49,93), 0, 1
(49,94), 0, 1
(50,6), 0, 1
(50,32), 0, 1
(50,34), 0, 1
(50,38), 0, 1
(50,47), 0, 1
(50,60), 0, 1
(50,79), 0, 1
(50,93), 0, 1
(50,94), 0, 1
(51,6), 0, 1
(51,34), 0, 1
(51,38), 0, 1
(51,47), 0, 1
(51,60), 0, 1
(51,79), 0, 1
(51,94), 0, 1
(52,6), 0, 1
(52,16), 0, 1
(52,32), 0, 1
(52,34), 0, 1
(52,38), 0, 1
(52,47), 0, 1
(52,60), 0, 1
(52,79), 0, 1
(52,93), 0, 1
(52,94), 0, 1
(53,8), 0, 1
(53,20), 0, 1
(53,27), 0, 1
(53,74), 0, 1
(53,89), 0, 1
(54,8), 0, 1
(54,20), 0, 1
(54,27), 0, 1
(54,35), 0, 1
(54,89), 0, 1
(55,6), 0, 1
(55,16), 0, 1
(55,32), 0, 1
(55,34), 0, 1
(55,38), 0, 1
(55,47), 0, 1
(55,60), 0, 1
(55,79), 0, 1
(55,94), 0, 1
(56,6), 0, 1
(56,16), 0, 1
(56,34), 0, 1
(56,38), 0, 1
(56,47), 0, 1
(56,60), 0, 1
(56,79), 0, 1
(56,93), 0, 1
(56,94), 0, 1
(57,8), 0, 1
(57,20), 0, 1
(57,74), 0, 1
(58,6), 0, 1
(58,16), 0, 1
(58,32), 0, 1
(58,34), 0, 1
(58,38), 0, 1
(58,47), 0, 1
(58,79), 0, 1
(58,83), 0, 1
(58,93), 0, 1
(58,94), 0, 1
(59,0), 0, 1
(59,1), 0, 1
(59,2), 0, 1
(59,3), 0, 1
(59,5), 0, 1
(59,6), 0, 1
(59,7), 0, 1
(59,8), 0, 1
(59,9), 0, 1
(59,10), 0, 1
(59,11), 0, 1
(59,12), 0, 1
(59,14), 0, 1
(59,16), 0, 1
(59,17), 0, 1
(59,21), 0, 1
(59,22), 0, 1
(59,23), 0, 1
(59,24), 0, 1
(59,25), 0, 1
(59,27), 0, 1
(59,28), 0, 1
(59,30), 0, 1
(59,32), 0, 1
(59,33), 0, 1
(59,34), 0, 1
(59,38), 0, 1
(59,41), 0, 1
(59,43), 0, 1
(59,44), 0, 1
(59,46), 0, 1
(59,47), 0, 1
(59,48), 0, 1
(59,50), 0, 1
(59,51), 0, 1
(59,52), 0, 1
(59,54), 0, 1
(59,55), 0, 1
(59,57), 0, 1
(59,58), 0, 1
(59,60), 0, 1
(59,61), 0, 1
(59,63), 0, 1
(59,65), 0, 1
(59,66), 0, 1
(59,67), 0, 1
(59,68), 0, 1
(59,69), 0, 1
(59,70), 0, 1
(59,71), 0, 1
(59,73), 0, 1
(59,75), 0, 1
(59,76), 0, 1
(59,77), 0, 1
(59,78), 0, 1
(59,79), 0, 1
(59,81), 0, 1
(59,82), 0, 1
(59,85), 0, 1
(59,86), 0, 1
(59,87), 0, 1
(59,88), 0, 1
(59,89), 0, 1
(59,90), 0, 1
(59,92), 0, 1
(59,93), 0, 1
(59,94), 0, 1
(59,95), 0, 1
(60,0), 0, 1
(60,1), 0, 1
(60,2), 0, 1
(60,3), 0, 1
(60,4), 0, 1
(60,5), 0, 1
(60,7), 0, 1
(60,8), 0, 1
(60,9), 0, 1
(60,10), 0, 1
(60,11), 0, 1
(60,12), 0, 1
(60,14), 0, 1
(60,15), 0, 1
(60,16), 0, 1
(60,17), 0, 1
(60,20), 0, 1
(60,21), 0, 1
(60,22), 0, 1
(60,23), 0, 1
(60,25), 0, 1
(60,27), 0, 1
(60,28), 0, 1
(60,30), 0, 1
(60,32), 0, 1
(60,33), 0, 1
(60,34), 0, 1
(60,37), 0, 1
(60,38), 0, 1
(60,41), 0, 1
(60,44), 0, 1
(60,46), 0, 1
(60,47), 0, 1
(60,49), 0, 1
(60,50), 0, 1
(60,52), 0, 1
(60,54), 0, 1
(60,55), 0, 1
(60,56), 0, 1
(60,57), 0, 1
(60,58), 0, 1
(60,59), 0, 1
(60,62), 0, 1
(60,63), 0, 1
(60,65), 0, 1
(60,66), 0, 1
(60,67), 0, 1
(60,68), 0, 1
(60,69), 0, 1
(60,70), 0, 1
(60,71), 0, 1
(60,73), 0, 1
(60,74), 0, 1
(60,75), 0, 1
(60,76), 0, 1
(60,77), 0, 1
(60,78), 0, 1
(60,79), 0, 1
(60,82), 0, 1
(60,85), 0, 1
(60,86), 0, 1
(60,87), 0, 1
(60,88), 0, 1
(60,89), 0, 1
(60,90), 0, 1
(60,92), 0, 1
(60,93), 0, 1
(60,94), 0, 1
(60,95), 0, 1
(61,6), 0, 1
(61,16), 0, 1
(61,34), 0, 1
(61,38), 0, 1
(61,47), 0, 1
(61,60), 0, 1
(61,93), 0, 1
(61,94), 0, 1
(62,6), 0, 1
(62,16), 0, 1
(62,32), 0, 1
(62,34), 0, 1
(62,38), 0, 1
(62,47), 0, 1
(62,79), 0, 1
(62,93), 0, 1
(62,94), 0, 1
(63,0), 0, 1
(63,1), 0, 1
(63,2), 0, 1
(63,3), 0, 1
(63,4), 0, 1
(63,5), 0, 1
(63,6), 0, 1
(63,7), 0, 1
(63,8), 0, 1
(63,9), 0, 1
(63,10), 0, 1
(63,11), 0, 1
(63,12), 0, 1
(63,14), 0, 1
(63,15), 0, 1
(63,17), 0, 1
(63,20), 0, 1
(63,21), 0, 1
(63,22), 0, 1
(63,23), 0, 1
(63,24), 0, 1
(63,28), 0, 1
(63,29), 0, 1
(63,30), 0, 1
(63,32), 0, 1
(63,33), 0, 1
(63,34), 0, 1
(63,35), 0, 1
(63,37), 0, 1
(63,38), 0, 1
(63,39), 0, 1
(63,41), 0, 1
(63,44), 0, 1
(63,45), 0, 1
(63,47), 0, 1
(63,48), 0, 1
(63,49), 0, 1
(63,52), 0, 1
(63,53), 0, 1
(63,54), 0, 1
(63,55), 0, 1
(63,56), 0, 1
(63,57), 0, 1
(63,58), 0, 1
(63,59), 0, 1
(63,60), 0, 1
(63,65), 0, 1
(63,66), 0, 1
(63,67), 0, 1
(63,68), 0, 1
(63,69), 0, 1
(63,70), 0, 1
(63,71), 0, 1
(63,73), 0, 1
(63,75), 0, 1
(63,76), 0, 1
(63,77), 0, 1
(63,78), 0, 1
(63,79), 0, 1
(63,81), 0, 1
(63,82), 0, 1
(63,85), 0, 1
(63,86), 0, 1
(63,87), 0, 1
(63,88), 0, 1
(63,89), 0, 1
(63,90), 0, 1
(63,92), 0, 1
(63,93), 0, 1
(63,94), 0, 1
(63,95), 0, 1
(64,0), 0, 1
(64,1), 0, 1
(64,2), 0, 1
(64,3), 0, 1
(64,4), 0, 1
(64,5), 0, 1
(64,6), 0, 1
(64,7), 0, 1
(64,8), 0, 1
(64,9), 0, 1
(64,10), 0, 1
(64,12), 0, 1
(64,13), 0, 1
(64,14), 0, 1
(64,15), 0, 1
(64,16), 0, 1
(64,17), 0, 1
(64,22), 0, 1
(64,23), 0, 1
(64,24), 0, 1
(64,25), 0, 1
(64,27), 0, 1
(64,28), 0, 1
(64,29), 0, 1
(64,30), 0, 1
(64,32), 0, 1
(64,34), 0, 1
(64,37), 0, 1
(64,38), 0, 1
(64,41), 0, 1
(64,43), 0, 1
(64,44), 0, 1
(64,45), 0, 1
(64,47), 0, 1
(64,48), 0, 1
(64,49), 0, 1
(64,50), 0, 1
(64,52), 0, 1
(64,54), 0, 1
(64,55), 0, 1
(64,56), 0, 1
(64,58), 0, 1
(64,59), 0, 1
(64,60), 0, 1
(64,63), 0, 1
(64,65), 0, 1
(64,66), 0, 1
(64,67), 0, 1
(64,68), 0, 1
(64,69), 0, 1
(64,71), 0, 1
(64,73), 0, 1
(64,74), 0, 1
(64,75), 0, 1
(64,76), 0, 1
(64,77), 0, 1
(64,78), 0, 1
(64,79), 0, 1
(64,81), 0, 1
(64,82), 0, 1
(64,85), 0, 1
(64,86), 0, 1
(64,87), 0, 1
(64,88), 0, 1
(64,89), 0, 1
(64,90), 0, 1
(64,92), 0, 1
(64,93), 0, 1
(64,94), 0, 1
(65,6), 0, 1
(65,16), 0, 1
(65,32), 0, 1
(65,34), 0, 1
(65,38), 0, 1
(65,60), 0, 1
(65,79), 0, 1
(65,93), 0, 1
(65,94), 0, 1
(66,6), 0, 1
(66,16), 0, 1
(66,32), 0, 1
(66,34), 0, 1
(66,38), 0, 1
(66,47), 0, 1
(66,60), 0, 1
(66,79), 0, 1
(66,93), 0, 1
(66,94), 0, 1
(67,6), 0, 1
(67,16), 0, 1
(67,34), 0, 1
(67,38), 0, 1
(67,79), 0, 1
(67,94), 0, 1
(68,6), 0, 1
(68,32), 0, 1
(68,34), 0, 1
(68,38), 0, 1
(68,47), 0, 1
(68,60), 0, 1
(68,79), 0, 1
(68,93), 0, 1
(68,94), 0, 1
(69,6), 0, 1
(69,32), 0, 1
(69,34), 0, 1
(69,38), 0, 1
(69,47), 0, 1
(69,60), 0, 1
(69,79), 0, 1
(69,93), 0, 1
(69,94), 0, 1
(70,0), 0, 1
(70,1), 0, 1
(70,2), 0, 1
(70,3), 0, 1
(70,5), 0, 1
(70,6), 0, 1
(70,7), 0, 1
(70,8), 0, 1
(70,9), 0, 1
(70,10), 0, 1
(70,14), 0, 1
(70,15), 0, 1
(70,16), 0, 1
(70,20), 0, 1
(70,21), 0, 1
(70,22), 0, 1
(70,23), 0, 1
(70,24), 0, 1
(70,25), 0, 1
(70,26), 0, 1
(70,28), 0, 1
(70,29), 0, 1
(70,30), 0, 1
(70,32), 0, 1
(70,33), 0, 1
(70,37), 0, 1
(70,38), 0, 1
(70,41), 0, 1
(70,43), 0, 1
(70,44), 0, 1
(70,45), 0, 1
(70,47), 0, 1
(70,49), 0, 1
(70,50), 0, 1
(70,52), 0, 1
(70,54), 0, 1
(70,57), 0, 1
(70,58), 0, 1
(70,59), 0, 1
(70,60), 0, 1
(70,61), 0, 1
(70,63), 0, 1
(70,65), 0, 1
(70,66), 0, 1
(70,68), 0, 1
(70,69), 0, 1
(70,71), 0, 1
(70,73), 0, 1
(70,74), 0, 1
(70,75), 0, 1
(70,77), 0, 1
(70,78), 0, 1
(70,79), 0, 1
(70,81), 0, 1
(70,82), 0, 1
(70,85), 0, 1
(70,86), 0, 1
(70,87), 0, 1
(70,88), 0, 1
(70,89), 0, 1
(70,90), 0, 1
(70,92), 0, 1
(70,93), 0, 1
(70,94), 0, 1
(70,95), 0, 1
(71,20), 0, 1
(71,27), 0, 1
(71,74), 0, 1
(72,8), 0, 1
(72,20), 0, 1
(72,27), 0, 1
(72,74), 0, 1
(73,6), 0, 1
(73,32), 0, 1
(73,38), 0, 1
(73,47), 0, 1
(73,60), 0, 1
(73,93), 0, 1
(73,94), 0, 1
(75,6), 0, 1
(75,16), 0, 1
(75,32), 0, 1
(75,34), 0, 1
(75,38), 0, 1
(75,47), 0, 1
(75,60), 0, 1
(75,79), 0, 1
(75,94), 0, 1
(76,6), 0, 1
(76,32), 0, 1
(76,38), 0, 1
(76,47), 0, 1
(76,60), 0, 1
(76,79), 0, 1
(76,93), 0, 1
(76,94), 0, 1
(77,8), 0, 1
(77,20), 0, 1
(77,27), 0, 1
(77,35), 0, 1
(77,74), 0, 1
(77,89), 0, 1
(78,8), 0, 1
(78,20), 0, 1
(78,27), 0, 1
(78,74), 0, 1
(80,6), 0, 1
(80,32), 0, 1
(80,34), 0, 1
(80,38), 0, 1
(80,47), 0, 1
(80,60), 0, 1
(80,79), 0, 1
(80,93), 0, 1
(80,94), 0, 1
(82,8), 0, 1
(82,20), 0, 1
(82,27), 0, 1
(82,74), 0, 1
(82,83), 0, 1
(83,6), 0, 1
(83,16), 0, 1
(83,32), 0, 1
(83,34), 0, 1
(83,38), 0, 1
(83,47), 0, 1
(83,60), 0, 1
(83,79), 0, 1
(83,93), 0, 1
(83,94), 0, 1
(84,6), 0, 1
(84,16), 0, 1
(84,32), 0, 1
(84,34), 0, 1
(84,38), 0, 1
(84,47), 0, 1
(84,60), 0, 1
(84,79), 0, 1
(84,93), 0, 1
(84,94), 0, 1
(85,16), 0, 1
(85,32), 0, 1
(85,34), 0, 1
(85,38), 0, 1
(85,47), 0, 1
(85,60), 0, 1
(85,79), 0, 1
(85,93), 0, 1
(85,94), 0, 1
(86,0), 0, 1
(86,1), 0, 1
(86,2), 0, 1
(86,3), 0, 1
(86,4), 0, 1
(86,5), 0, 1
(86,6), 0, 1
(86,7), 0, 1
(86,8), 0, 1
(86,9), 0, 1
(86,10), 0, 1
(86,11), 0, 1
(86,12), 0, 1
(86,14), 0, 1
(86,15), 0, 1
(86,16), 0, 1
(86,17), 0, 1
(86,20), 0, 1
(86,22), 0, 1
(86,23), 0, 1
(86,25), 0, 1
(86,27), 0, 1
(86,28), 0, 1
(86,29), 0, 1
(86,30), 0, 1
(86,33), 0, 1
(86,34), 0, 1
(86,38), 0, 1
(86,41), 0, 1
(86,43), 0, 1
(86,44), 0, 1
(86,45), 0, 1
(86,47), 0, 1
(86,48), 0, 1
(86,49), 0, 1
(86,52), 0, 1
(86,55), 0, 1
(86,56), 0, 1
(86,57), 0, 1
(86,58), 0, 1
(86,59), 0, 1
(86,60), 0, 1
(86,63), 0, 1
(86,65), 0, 1
(86,66), 0, 1
(86,67), 0, 1
(86,68), 0, 1
(86,69), 0, 1
(86,70), 0, 1
(86,71), 0, 1
(86,73), 0, 1
(86,74), 0, 1
(86,75), 0, 1
(86,76), 0, 1
(86,77), 0, 1
(86,78), 0, 1
(86,79), 0, 1
(86,80), 0, 1
(86,81), 0, 1
(86,82), 0, 1
(86,87), 0, 1
(86,88), 0, 1
(86,89), 0, 1
(86,90), 0, 1
(86,92), 0, 1
(86,94), 0, 1
(86,95), 0, 1
(87,8), 0, 1
(87,20), 0, 1
(87,27), 0, 1
(87,74), 0, 1
(87,89), 0, 1
(88,6), 0, 1
(88,16), 0, 1
(88,26), 0, 1
(88,32), 0, 1
(88,34), 0, 1
(88,38), 0, 1
(88,47), 0, 1
(88,60), 0, 1
(88,79), 0, 1
(88,93), 0, 1
(88,94), 0, 1
(89,6), 0, 1
(89,16), 0, 1
(89,26), 0, 1
(89,32), 0, 1
(89,34), 0, 1
(89,38), 0, 1
(89,47), 0, 1
(89,60), 0, 1
(89,79), 0, 1
(89,93), 0, 1
(89,94), 0, 1
(90,6), 0, 1
(90,16), 0, 1
(90,32), 0, 1
(90,34), 0, 1
(90,38), 0, 1
(90,47), 0, 1
(90,60), 0, 1
(90,79), 0, 1
(90,93), 0, 1
(90,94), 0, 1
(92,6), 0, 1
(92,16), 0, 1
(92,32), 0, 1
(92,34), 0, 1
(92,38), 0, 1
(92,47), 0, 1
(92,60), 0, 1
(92,79), 0, 1
(92,93), 0, 1
(93,8), 0, 1
(93,20), 0, 1
(93,27), 0, 1
(93,74), 0, 1
(93,89), 0, 1
(94,8), 0, 1
(94,20), 0, 1
(94,27), 0, 1
(94,35), 0, 1
(94,74), 0, 1
(94,89), 0, 1
(95,8), 0, 1
(95,20), 0, 1
(95,27), 0, 1
(95,74), 0, 1
(95,89), 0, 1
(96,6), 0, 1
(96,16), 0, 1
(96,32), 0, 1
(96,34), 0, 1
(96,38), 0, 1
(96,47), 0, 1
(96,79), 0, 1
(96,93), 0, 1
(96,94), 0, 1
(97,6), 0, 1
(97,32), 0, 1
(97,34), 0, 1
(97,38), 0, 1
(97,47), 0, 1
(97,60), 0, 1
(97,79), 0, 1
(97,93), 0, 1
(97,94), 0, 1
(98,6), 0, 1
(98,16), 0, 1
(98,32), 0, 1
(98,34), 0, 1
(98,38), 0, 1
(98,47), 0, 1
(98,60), 0, 1
(98,79), 0, 1
(98,93), 0, 1
(98,94), 0, 1
(99,0), 0, 1
(99,1), 0, 1
(99,2), 0, 1
(99,3), 0, 1
(99,4), 0, 1
(99,5), 0, 1
(99,6), 0, 1
(99,7), 0, 1
(99,8), 0, 1
(99,9), 0, 1
(99,10), 0, 1
(99,11), 0, 1
(99,12), 0, 1
(99,14), 0, 1
(99,15), 0, 1
(99,16), 0, 1
(99,17), 0, 1
(99,20), 0, 1
(99,21), 0, 1
(99,22), 0, 1
(99,23), 0, 1
(99,25), 0, 1
(99,27), 0, 1
(99,28), 0, 1
(99,33), 0, 1
(99,34), 0, 1
(99,37), 0, 1
(99,38), 0, 1
(99,41), 0, 1
(99,43), 0, 1
(99,44), 0, 1
(99,45), 0, 1
(99,47), 0, 1
(99,49), 0, 1
(99,50), 0, 1
(99,52), 0, 1
(99,54), 0, 1
(99,55), 0, 1
(99,56), 0, 1
(99,57), 0, 1
(99,58), 0, 1
(99,59), 0, 1
(99,60), 0, 1
(99,64), 0, 1
(99,65), 0, 1
(99,67), 0, 1
(99,68), 0, 1
(99,69), 0, 1
(99,71), 0, 1
(99,74), 0, 1
(99,75), 0, 1
(99,76), 0, 1
(99,77), 0, 1
(99,78), 0, 1
(99,81), 0, 1
(99,82), 0, 1
(99,85), 0, 1
(99,86), 0, 1
(99,87), 0, 1
(99,88), 0, 1
(99,89), 0, 1
(99,92), 0, 1
(99,93), 0, 1
(99,94), 0, 1
(99,95), 0, 1
