Nr_Pairs = 96
Nr_NDD = 4
Nr_Arcs = 1773
0	0.925
1	0.9
2	0.05
3	0.1
4	0.05
5	0.1
6	0.9
7	0.9
8	0.05
9	0.05
10	0.1
11	0.05
12	0.05
13	0.05
14	0.32499999999999996
15	0.1
16	0.05
17	0.2875000000000001
18	0.05
19	0.2875000000000001
20	0.1
21	0.1
22	0.1
23	0.05
24	0.1
25	0.05
26	0.2875000000000001
27	0.1
28	0.2875000000000001
29	0.2875000000000001
30	0.1
31	0.1
32	0.2875000000000001
33	0.05
34	0.1
35	0.05
36	0.2875000000000001
37	0.05
38	0.9
39	0.2875000000000001
40	0.9
41	0.05
42	0.9
43	0.9
44	0.05
45	0.2875000000000001
46	0.05
47	0.05
48	0.05
49	0.05
50	0.2875000000000001
51	0.9
52	0.05
53	0.05
54	0.1
55	0.9
56	0.05
57	0.1
58	0.1
59	0.05
60	0.05
61	0.05
62	0.2875000000000001
63	0.05
64	0.925
65	0.2875000000000001
66	0.1
67	0.2875000000000001
68	0.2875000000000001
69	0.05
70	0.1
71	0.2875000000000001
72	0.05
73	0.1
74	0.2875000000000001
75	0.05
76	0.925
77	0.2875000000000001
78	0.05
79	0.05
80	0.05
81	0.9
82	0.05
83	0.1
84	0.05
85	0.05
86	0.05
87	0.05
88	0.9
89	0.1
90	0.05
91	0.32499999999999996
92	0.05
93	0.05
94	0.05
95	0.05
96	0.0
97	0.0
98	0.0
99	0.0
(0,2), 0, 1
(0,3), 0, 1
(0,4), 0, 1
(0,5), 0, 1
(0,8), 0, 1
(0,9), 0, 1
(0,10), 0, 1
(0,11), 0, 1
(0,12), 0, 1
(0,13), 0, 1
(0,14), 0, 1
(0,15), 0, 1
(0,16), 0, 1
(0,17), 0, 1
(0,18), 0, 1
(0,19), 0, 1
(0,20), 0, 1
(0,21), 0, 1
(0,22), 0, 1
(0,23), 0, 1
(0,24), 0, 1
(0,25), 0, 1
(0,27), 0, 1
(0,28), 0, 1
(0,29), 0, 1
(0,30), 0, 1
(0,31), 0, 1
(0,32), 0, 1
(0,33), 0, 1
(0,35), 0, 1
(0,36), 0, 1
(0,37), 0, 1
(0,39), 0, 1
(0,41), 0, 1
(0,44), 0, 1
(0,45), 0, 1
(0,46), 0, 1
(0,47), 0, 1
(0,48), 0, 1
(0,49), 0, 1
(0,52), 0, 1
(0,53), 0, 1
(0,54), 0, 1
(0,56), 0, 1
(0,57), 0, 1
(0,58), 0, 1
(0,59), 0, 1
(0,60), 0, 1
(0,61), 0, 1
(0,63), 0, 1
(0,65), 0, 1
(0,66), 0, 1
(0,67), 0, 1
(0,68), 0, 1
(0,69), 0, 1
(0,70), 0, 1
(0,72), 0, 1
(0,73), 0, 1
(0,75), 0, 1
(0,77), 0, 1
(0,78), 0, 1
(0,79), 0, 1
(0,80), 0, 1
(0,82), 0, 1
(0,84), 0, 1
(0,85), 0, 1
(0,86), 0, 1
(0,87), 0, 1
(0,89), 0, 1
(0,90), 0, 1
(0,92), 0, 1
(0,93), 0, 1
(0,94), 0, 1
(0,95), 0, 1
(1,15), 0, 1
(1,31), 0, 1
(1,32), 0, 1
(1,36), 0, 1
(1,46), 0, 1
(1,48), 0, 1
(1,49), 0, 1
(1,54), 0, 1
(1,57), 0, 1
(1,93), 0, 1
(2,15), 0, 1
(2,31), 0, 1
(2,36), 0, 1
(2,46), 0, 1
(2,48), 0, 1
(2,49), 0, 1
(2,54), 0, 1
(2,57), 0, 1
(2,93), 0, 1
(4,7), 0, 1
(4,15), 0, 1
(4,31), 0, 1
(4,32), 0, 1
(4,42), 0, 1
(4,46), 0, 1
(4,48), 0, 1
(4,49), 0, 1
(4,54), 0, 1
(4,57), 0, 1
(4,93), 0, 1
(5,2), 0, 1
(5,3), 0, 1
(5,4), 0, 1
(5,8), 0, 1
(5,9), 0, 1
(5,10), 0, 1
(5,11), 0, 1
(5,12), 0, 1
(5,13), 0, 1
(5,15), 0, 1
(5,16), 0, 1
(5,17), 0, 1
(5,18), 0, 1
(5,19), 0, 1
(5,20), 0, 1
(5,21), 0, 1
(5,22), 0, 1
(5,24), 0, 1
(5,25), 0, 1
(5,28), 0, 1
(5,30), 0, 1
(5,31), 0, 1
(5,32), 0, 1
(5,33), 0, 1
(5,34), 0, 1
(5,35), 0, 1
(5,37), 0, 1
(5,41), 0, 1
(5,44), 0, 1
(5,45), 0, 1
(5,46), 0, 1
(5,47), 0, 1
(5,48), 0, 1
(5,49), 0, 1
(5,50), 0, 1
(5,52), 0, 1
(5,53), 0, 1
(5,54), 0, 1
(5,56), 0, 1
(5,57), 0, 1
(5,58), 0, 1
(5,59), 0, 1
(5,60), 0, 1
(5,61), 0, 1
(5,63), 0, 1
(5,65), 0, 1
(5,66), 0, 1
(5,67), 0, 1
(5,68), 0, 1
(5,69), 0, 1
(5,70), 0, 1
(5,71), 0, 1
(5,72), 0, 1
(5,73), 0, 1
(5,74), 0, 1
(5,75), 0, 1
(5,78), 0, 1
(5,80), 0, 1
(5,81), 0, 1
(5,82), 0, 1
(5,83), 0, 1
(5,84), 0, 1
(5,85), 0, 1
(5,86), 0, 1
(5,87), 0, 1
(5,88), 0, 1
(5,89), 0, 1
(5,90), 0, 1
(5,92), 0, 1
(5,93), 0, 1
(5,94), 0, 1
(5,95), 0, 1
(6,2), 0, 1
(6,3), 0, 1
(6,4), 0, 1
(6,5), 0, 1
(6,8), 0, 1
(6,9), 0, 1
(6,10), 0, 1
(6,12), 0, 1
(6,13), 0, 1
(6,14), 0, 1
(6,15), 0, 1
(6,16), 0, 1
(6,17), 0, 1
(6,18), 0, 1
(6,20), 0, 1
(6,21), 0, 1
(6,22), 0, 1
(6,23), 0, 1
(6,24), 0, 1
(6,25), 0, 1
(6,27), 0, 1
(6,28), 0, 1
(6,29), 0, 1
(6,30), 0, 1
(6,31), 0, 1
(6,32), 0, 1
(6,34), 0, 1
(6,35), 0, 1
(6,36), 0, 1
(6,37), 0, 1
(6,38), 0, 1
(6,41), 0, 1
(6,42), 0, 1
(6,44), 0, 1
(6,45), 0, 1
(6,46), 0, 1
(6,47), 0, 1
(6,48), 0, 1
(6,49), 0, 1
(6,50), 0, 1
(6,52), 0, 1
(6,53), 0, 1
(6,54), 0, 1
(6,56), 0, 1
(6,57), 0, 1
(6,58), 0, 1
(6,59), 0, 1
(6,60), 0, 1
(6,61), 0, 1
(6,62), 0, 1
(6,63), 0, 1
(6,66), 0, 1
(6,67), 0, 1
(6,68), 0, 1
(6,69), 0, 1
(6,70), 0, 1
(6,71), 0, 1
(6,72), 0, 1
(6,73), 0, 1
(6,74), 0, 1
(6,75), 0, 1
(6,77), 0, 1
(6,78), 0, 1
(6,79), 0, 1
(6,80), 0, 1
(6,82), 0, 1
(6,83), 0, 1
(6,84), 0, 1
(6,85), 0, 1
(6,86), 0, 1
(6,87), 0, 1
(6,89), 0, 1
(6,90), 0, 1
(6,92), 0, 1
(6,93), 0, 1
(6,95), 0, 1
(7,2), 0, 1
(7,3), 0, 1
(7,4), 0, 1
(7,5), 0, 1
(7,6), 0, 1
(7,8), 0, 1
(7,9), 0, 1
(7,10), 0, 1
(7,11), 0, 1
(7,12), 0, 1
(7,13), 0, 1
(7,14), 0, 1
(7,15), 0, 1
(7,16), 0, 1
(7,17), 0, 1
(7,18), 0, 1
(7,20), 0, 1
(7,21), 0, 1
(7,22), 0, 1
(7,23), 0, 1
(7,24), 0, 1
(7,25), 0, 1
(7,26), 0, 1
(7,28), 0, 1
(7,29), 0, 1
(7,30), 0, 1
(7,31), 0, 1
(7,32), 0, 1
(7,33), 0, 1
(7,34), 0, 1
(7,35), 0, 1
(7,36), 0, 1
(7,37), 0, 1
(7,41), 0, 1
(7,44), 0, 1
(7,45), 0, 1
(7,46), 0, 1
(7,47), 0, 1
(7,48), 0, 1
(7,49), 0, 1
(7,52), 0, 1
(7,53), 0, 1
(7,54), 0, 1
(7,56), 0, 1
(7,58), 0, 1
(7,59), 0, 1
(7,60), 0, 1
(7,61), 0, 1
(7,62), 0, 1
(7,63), 0, 1
(7,65), 0, 1
(7,67), 0, 1
(7,68), 0, 1
(7,69), 0, 1
(7,70), 0, 1
(7,71), 0, 1
(7,72), 0, 1
(7,73), 0, 1
(7,75), 0, 1
(7,77), 0, 1
(7,78), 0, 1
(7,79), 0, 1
(7,82), 0, 1
(7,83), 0, 1
(7,84), 0, 1
(7,85), 0, 1
(7,86), 0, 1
(7,87), 0, 1
(7,90), 0, 1
(7,92), 0, 1
(7,93), 0, 1
(7,95), 0, 1
(8,15), 0, 1
(8,31), 0, 1
(8,32), 0, 1
(8,42), 0, 1
(8,46), 0, 1
(8,48), 0, 1
(8,49), 0, 1
(8,54), 0, 1
(8,57), 0, 1
(8,93), 0, 1
(9,2), 0, 1
(9,4), 0, 1
(9,5), 0, 1
(9,8), 0, 1
(9,10), 0, 1
(9,11), 0, 1
(9,12), 0, 1
(9,13), 0, 1
(9,14), 0, 1
(9,15), 0, 1
(9,16), 0, 1
(9,18), 0, 1
(9,19), 0, 1
(9,20), 0, 1
(9,21), 0, 1
(9,22), 0, 1
(9,23), 0, 1
(9,24), 0, 1
(9,25), 0, 1
(9,26), 0, 1
(9,27), 0, 1
(9,29), 0, 1
(9,30), 0, 1
(9,31), 0, 1
(9,32), 0, 1
(9,33), 0, 1
(9,34), 0, 1
(9,35), 0, 1
(9,36), 0, 1
(9,37), 0, 1
(9,41), 0, 1
(9,44), 0, 1
(9,46), 0, 1
(9,47), 0, 1
(9,48), 0, 1
(9,49), 0, 1
(9,50), 0, 1
(9,52), 0, 1
(9,53), 0, 1
(9,54), 0, 1
(9,55), 0, 1
(9,56), 0, 1
(9,57), 0, 1
(9,58), 0, 1
(9,59), 0, 1
(9,60), 0, 1
(9,61), 0, 1
(9,62), 0, 1
(9,63), 0, 1
(9,64), 0, 1
(9,65), 0, 1
(9,66), 0, 1
(9,67), 0, 1
(9,69), 0, 1
(9,70), 0, 1
(9,71), 0, 1
(9,72), 0, 1
(9,73), 0, 1
(9,74), 0, 1
(9,75), 0, 1
(9,77), 0, 1
(9,78), 0, 1
(9,79), 0, 1
(9,80), 0, 1
(9,82), 0, 1
(9,83), 0, 1
(9,84), 0, 1
(9,85), 0, 1
(9,86), 0, 1
(9,87), 0, 1
(9,89), 0, 1
(9,90), 0, 1
(9,92), 0, 1
(9,93), 0, 1
(9,94), 0, 1
(9,95), 0, 1
(10,15), 0, 1
(10,31), 0, 1
(10,32), 0, 1
(10,36), 0, 1
(10,48), 0, 1
(10,49), 0, 1
(10,54), 0, 1
(10,57), 0, 1
(10,93), 0, 1
(11,15), 0, 1
(11,31), 0, 1
(11,32), 0, 1
(11,46), 0, 1
(11,48), 0, 1
(11,49), 0, 1
(11,54), 0, 1
(11,57), 0, 1
(11,93), 0, 1
(12,15), 0, 1
(12,31), 0, 1
(12,32), 0, 1
(12,46), 0, 1
(12,48), 0, 1
(12,49), 0, 1
(12,54), 0, 1
(12,57), 0, 1
(12,93), 0, 1
(13,8), 0, 1
(13,27), 0, 1
(13,37), 0, 1
(13,62), 0, 1
(13,78), 0, 1
(14,15), 0, 1
(14,31), 0, 1
(14,32), 0, 1
(14,36), 0, 1
(14,46), 0, 1
(14,48), 0, 1
(14,49), 0, 1
(14,57), 0, 1
(14,93), 0, 1
(15,8), 0, 1
(15,27), 0, 1
(15,37), 0, 1
(15,45), 0, 1
(15,62), 0, 1
(15,65), 0, 1
(15,78), 0, 1
(15,89), 0, 1
(16,15), 0, 1
(16,31), 0, 1
(16,32), 0, 1
(16,36), 0, 1
(16,46), 0, 1
(16,48), 0, 1
(16,49), 0, 1
(16,54), 0, 1
(16,57), 0, 1
(16,93), 0, 1
(17,15), 0, 1
(17,31), 0, 1
(17,32), 0, 1
(17,36), 0, 1
(17,46), 0, 1
(17,48), 0, 1
(17,49), 0, 1
(17,54), 0, 1
(17,57), 0, 1
(17,93), 0, 1
(18,15), 0, 1
(18,31), 0, 1
(18,32), 0, 1
(18,36), 0, 1
(18,46), 0, 1
(18,48), 0, 1
(18,49), 0, 1
(18,54), 0, 1
(18,57), 0, 1
(18,93), 0, 1
(19,0), 0, 1
(19,2), 0, 1
(19,3), 0, 1
(19,4), 0, 1
(19,5), 0, 1
(19,8), 0, 1
(19,9), 0, 1
(19,10), 0, 1
(19,11), 0, 1
(19,12), 0, 1
(19,13), 0, 1
(19,14), 0, 1
(19,15), 0, 1
(19,16), 0, 1
(19,17), 0, 1
(19,18), 0, 1
(19,20), 0, 1
(19,21), 0, 1
(19,22), 0, 1
(19,23), 0, 1
(19,24), 0, 1
(19,25), 0, 1
(19,26), 0, 1
(19,27), 0, 1
(19,28), 0, 1
(19,30), 0, 1
(19,31), 0, 1
(19,33), 0, 1
(19,34), 0, 1
(19,35), 0, 1
(19,37), 0, 1
(19,39), 0, 1
(19,41), 0, 1
(19,45), 0, 1
(19,46), 0, 1
(19,47), 0, 1
(19,48), 0, 1
(19,49), 0, 1
(19,50), 0, 1
(19,52), 0, 1
(19,53), 0, 1
(19,54), 0, 1
(19,55), 0, 1
(19,56), 0, 1
(19,57), 0, 1
(19,58), 0, 1
(19,59), 0, 1
(19,60), 0, 1
(19,61), 0, 1
(19,62), 0, 1
(19,63), 0, 1
(19,65), 0, 1
(19,66), 0, 1
(19,67), 0, 1
(19,69), 0, 1
(19,70), 0, 1
(19,71), 0, 1
(19,72), 0, 1
(19,73), 0, 1
(19,74), 0, 1
(19,75), 0, 1
(19,77), 0, 1
(19,78), 0, 1
(19,79), 0, 1
(19,80), 0, 1
(19,82), 0, 1
(19,83), 0, 1
(19,84), 0, 1
(19,85), 0, 1
(19,86), 0, 1
(19,87), 0, 1
(19,89), 0, 1
(19,90), 0, 1
(19,92), 0, 1
(19,93), 0, 1
(19,94), 0, 1
(19,95), 0, 1
(20,15), 0, 1
(20,31), 0, 1
(20,32), 0, 1
(20,36), 0, 1
(20,46), 0, 1
(20,48), 0, 1
(20,49), 0, 1
(20,54), 0, 1
(20,57), 0, 1
(20,93), 0, 1
(21,15), 0, 1
(21,31), 0, 1
(21,46), 0, 1
(21,48), 0, 1
(21,49), 0, 1
(21,54), 0, 1
(21,93), 0, 1
(22,8), 0, 1
(22,27), 0, 1
(22,37), 0, 1
(22,45), 0, 1
(22,62), 0, 1
(23,7), 0, 1
(23,15), 0, 1
(23,31), 0, 1
(23,32), 0, 1
(23,46), 0, 1
(23,48), 0, 1
(23,49), 0, 1
(23,54), 0, 1
(23,57), 0, 1
(24,7), 0, 1
(24,15), 0, 1
(24,32), 0, 1
(24,36), 0, 1
(24,46), 0, 1
(24,49), 0, 1
(24,54), 0, 1
(24,57), 0, 1
(24,93), 0, 1
(25,15), 0, 1
(25,31), 0, 1
(25,32), 0, 1
(25,46), 0, 1
(25,48), 0, 1
(25,49), 0, 1
(25,54), 0, 1
(25,93), 0, 1
(26,15), 0, 1
(26,31), 0, 1
(26,32), 0, 1
(26,46), 0, 1
(26,48), 0, 1
(26,49), 0, 1
(26,54), 0, 1
(26,57), 0, 1
(26,93), 0, 1
(27,7), 0, 1
(27,15), 0, 1
(27,31), 0, 1
(27,36), 0, 1
(27,46), 0, 1
(27,48), 0, 1
(27,49), 0, 1
(27,57), 0, 1
(27,93), 0, 1
(28,2), 0, 1
(28,3), 0, 1
(28,4), 0, 1
(28,5), 0, 1
(28,8), 0, 1
(28,9), 0, 1
(28,11), 0, 1
(28,12), 0, 1
(28,13), 0, 1
(28,15), 0, 1
(28,16), 0, 1
(28,17), 0, 1
(28,18), 0, 1
(28,20), 0, 1
(28,21), 0, 1
(28,23), 0, 1
(28,24), 0, 1
(28,25), 0, 1
(28,26), 0, 1
(28,27), 0, 1
(28,29), 0, 1
(28,30), 0, 1
(28,31), 0, 1
(28,32), 0, 1
(28,33), 0, 1
(28,34), 0, 1
(28,35), 0, 1
(28,36), 0, 1
(28,37), 0, 1
(28,39), 0, 1
(28,41), 0, 1
(28,44), 0, 1
(28,45), 0, 1
(28,46), 0, 1
(28,47), 0, 1
(28,48), 0, 1
(28,49), 0, 1
(28,50), 0, 1
(28,52), 0, 1
(28,53), 0, 1
(28,54), 0, 1
(28,57), 0, 1
(28,59), 0, 1
(28,60), 0, 1
(28,63), 0, 1
(28,65), 0, 1
(28,66), 0, 1
(28,68), 0, 1
(28,69), 0, 1
(28,70), 0, 1
(28,71), 0, 1
(28,72), 0, 1
(28,75), 0, 1
(28,78), 0, 1
(28,79), 0, 1
(28,80), 0, 1
(28,82), 0, 1
(28,84), 0, 1
(28,85), 0, 1
(28,86), 0, 1
(28,87), 0, 1
(28,89), 0, 1
(28,90), 0, 1
(28,91), 0, 1
(28,92), 0, 1
(28,93), 0, 1
(28,94), 0, 1
(30,15), 0, 1
(30,31), 0, 1
(30,32), 0, 1
(30,36), 0, 1
(30,46), 0, 1
(30,48), 0, 1
(30,49), 0, 1
(30,54), 0, 1
(30,57), 0, 1
(30,93), 0, 1
(31,1), 0, 1
(31,2), 0, 1
(31,4), 0, 1
(31,5), 0, 1
(31,8), 0, 1
(31,9), 0, 1
(31,10), 0, 1
(31,11), 0, 1
(31,12), 0, 1
(31,13), 0, 1
(31,14), 0, 1
(31,15), 0, 1
(31,16), 0, 1
(31,17), 0, 1
(31,18), 0, 1
(31,19), 0, 1
(31,20), 0, 1
(31,21), 0, 1
(31,22), 0, 1
(31,23), 0, 1
(31,24), 0, 1
(31,25), 0, 1
(31,27), 0, 1
(31,28), 0, 1
(31,29), 0, 1
(31,30), 0, 1
(31,32), 0, 1
(31,33), 0, 1
(31,34), 0, 1
(31,35), 0, 1
(31,37), 0, 1
(31,39), 0, 1
(31,41), 0, 1
(31,44), 0, 1
(31,46), 0, 1
(31,47), 0, 1
(31,48), 0, 1
(31,49), 0, 1
(31,50), 0, 1
(31,52), 0, 1
(31,53), 0, 1
(31,54), 0, 1
(31,55), 0, 1
(31,56), 0, 1
(31,57), 0, 1
(31,58), 0, 1
(31,59), 0, 1
(31,60), 0, 1
(31,61), 0, 1
(31,63), 0, 1
(31,65), 0, 1
(31,66), 0, 1
(31,67), 0, 1
(31,68), 0, 1
(31,69), 0, 1
(31,70), 0, 1
(31,71), 0, 1
(31,72), 0, 1
(31,73), 0, 1
(31,74), 0, 1
(31,75), 0, 1
(31,77), 0, 1
(31,78), 0, 1
(31,79), 0, 1
(31,82), 0, 1
(31,83), 0, 1
(31,84), 0, 1
(31,85), 0, 1
(31,86), 0, 1
(31,87), 0, 1
(31,89), 0, 1
(31,90), 0, 1
(31,91), 0, 1
(31,92), 0, 1
(31,93), 0, 1
(31,94), 0, 1
(32,8), 0, 1
(32,37), 0, 1
(32,45), 0, 1
(32,78), 0, 1
(32,89), 0, 1
(33,32), 0, 1
(33,36), 0, 1
(33,46), 0, 1
(33,48), 0, 1
(33,49), 0, 1
(33,54), 0, 1
(33,57), 0, 1
(33,93), 0, 1
(34,31), 0, 1
(34,36), 0, 1
(34,46), 0, 1
(34,49), 0, 1
(34,54), 0, 1
(34,57), 0, 1
(34,93), 0, 1
(35,31), 0, 1
(35,32), 0, 1
(35,36), 0, 1
(35,38), 0, 1
(35,46), 0, 1
(35,48), 0, 1
(35,49), 0, 1
(35,54), 0, 1
(35,57), 0, 1
(35,93), 0, 1
(36,1), 0, 1
(36,3), 0, 1
(36,4), 0, 1
(36,5), 0, 1
(36,7), 0, 1
(36,8), 0, 1
(36,9), 0, 1
(36,10), 0, 1
(36,11), 0, 1
(36,12), 0, 1
(36,13), 0, 1
(36,14), 0, 1
(36,15), 0, 1
(36,16), 0, 1
(36,17), 0, 1
(36,18), 0, 1
(36,19), 0, 1
(36,20), 0, 1
(36,21), 0, 1
(36,22), 0, 1
(36,23), 0, 1
(36,24), 0, 1
(36,25), 0, 1
(36,26), 0, 1
(36,27), 0, 1
(36,29), 0, 1
(36,30), 0, 1
(36,31), 0, 1
(36,32), 0, 1
(36,33), 0, 1
(36,34), 0, 1
(36,37), 0, 1
(36,39), 0, 1
(36,41), 0, 1
(36,44), 0, 1
(36,45), 0, 1
(36,46), 0, 1
(36,47), 0, 1
(36,48), 0, 1
(36,49), 0, 1
(36,52), 0, 1
(36,53), 0, 1
(36,54), 0, 1
(36,56), 0, 1
(36,58), 0, 1
(36,59), 0, 1
(36,60), 0, 1
(36,61), 0, 1
(36,63), 0, 1
(36,65), 0, 1
(36,66), 0, 1
(36,67), 0, 1
(36,68), 0, 1
(36,70), 0, 1
(36,72), 0, 1
(36,74), 0, 1
(36,75), 0, 1
(36,77), 0, 1
(36,78), 0, 1
(36,79), 0, 1
(36,80), 0, 1
(36,82), 0, 1
(36,83), 0, 1
(36,84), 0, 1
(36,85), 0, 1
(36,86), 0, 1
(36,87), 0, 1
(36,89), 0, 1
(36,90), 0, 1
(36,92), 0, 1
(36,93), 0, 1
(37,15), 0, 1
(37,31), 0, 1
(37,32), 0, 1
(37,36), 0, 1
(37,46), 0, 1
(37,48), 0, 1
(37,49), 0, 1
(37,54), 0, 1
(37,57), 0, 1
(37,93), 0, 1
(38,7), 0, 1
(38,15), 0, 1
(38,31), 0, 1
(38,36), 0, 1
(38,46), 0, 1
(38,48), 0, 1
(38,49), 0, 1
(38,54), 0, 1
(38,57), 0, 1
(38,93), 0, 1
(39,15), 0, 1
(39,31), 0, 1
(39,32), 0, 1
(39,36), 0, 1
(39,48), 0, 1
(39,49), 0, 1
(39,54), 0, 1
(39,57), 0, 1
(39,93), 0, 1
(40,15), 0, 1
(40,31), 0, 1
(40,32), 0, 1
(40,36), 0, 1
(40,46), 0, 1
(40,48), 0, 1
(40,49), 0, 1
(40,54), 0, 1
(40,57), 0, 1
(41,15), 0, 1
(41,31), 0, 1
(41,46), 0, 1
(41,48), 0, 1
(41,49), 0, 1
(41,57), 0, 1
(41,93), 0, 1
(42,15), 0, 1
(42,31), 0, 1
(42,32), 0, 1
(42,46), 0, 1
(42,48), 0, 1
(42,49), 0, 1
(42,54), 0, 1
(42,57), 0, 1
(42,93), 0, 1
(43,31), 0, 1
(43,32), 0, 1
(43,36), 0, 1
(43,48), 0, 1
(43,49), 0, 1
(43,54), 0, 1
(43,57), 0, 1
(43,76), 0, 1
(43,93), 0, 1
(44,15), 0, 1
(44,31), 0, 1
(44,32), 0, 1
(44,46), 0, 1
(44,48), 0, 1
(44,49), 0, 1
(44,54), 0, 1
(44,57), 0, 1
(44,93), 0, 1
(45,8), 0, 1
(45,27), 0, 1
(45,37), 0, 1
(45,62), 0, 1
(45,65), 0, 1
(45,78), 0, 1
(45,88), 0, 1
(46,27), 0, 1
(46,37), 0, 1
(46,45), 0, 1
(46,62), 0, 1
(46,65), 0, 1
(46,78), 0, 1
(46,89), 0, 1
(47,8), 0, 1
(47,37), 0, 1
(47,62), 0, 1
(47,65), 0, 1
(47,78), 0, 1
(49,27), 0, 1
(49,37), 0, 1
(49,65), 0, 1
(49,78), 0, 1
(49,89), 0, 1
(50,8), 0, 1
(50,27), 0, 1
(50,37), 0, 1
(50,43), 0, 1
(50,45), 0, 1
(50,62), 0, 1
(50,78), 0, 1
(50,89), 0, 1
(51,31), 0, 1
(51,32), 0, 1
(51,36), 0, 1
(51,46), 0, 1
(51,48), 0, 1
(51,49), 0, 1
(51,54), 0, 1
(51,57), 0, 1
(51,93), 0, 1
(52,15), 0, 1
(52,31), 0, 1
(52,32), 0, 1
(52,36), 0, 1
(52,46), 0, 1
(52,48), 0, 1
(52,49), 0, 1
(52,54), 0, 1
(52,57), 0, 1
(52,93), 0, 1
(53,15), 0, 1
(53,32), 0, 1
(53,36), 0, 1
(53,46), 0, 1
(53,48), 0, 1
(53,49), 0, 1
(53,54), 0, 1
(53,57), 0, 1
(53,93), 0, 1
(55,15), 0, 1
(55,31), 0, 1
(55,32), 0, 1
(55,36), 0, 1
(55,46), 0, 1
(55,48), 0, 1
(55,49), 0, 1
(55,54), 0, 1
(55,57), 0, 1
(55,93), 0, 1
(56,8), 0, 1
(56,27), 0, 1
(56,37), 0, 1
(56,45), 0, 1
(56,62), 0, 1
(56,65), 0, 1
(56,78), 0, 1
(58,15), 0, 1
(58,31), 0, 1
(58,36), 0, 1
(58,46), 0, 1
(58,48), 0, 1
(58,49), 0, 1
(58,54), 0, 1
(58,57), 0, 1
(58,93), 0, 1
(59,8), 0, 1
(59,27), 0, 1
(59,37), 0, 1
(59,45), 0, 1
(59,78), 0, 1
(59,89), 0, 1
(60,8), 0, 1
(60,27), 0, 1
(60,37), 0, 1
(60,45), 0, 1
(60,62), 0, 1
(60,65), 0, 1
(60,78), 0, 1
(60,89), 0, 1
(61,8), 0, 1
(61,27), 0, 1
(61,37), 0, 1
(61,62), 0, 1
(61,65), 0, 1
(61,78), 0, 1
(61,89), 0, 1
(62,2), 0, 1
(62,3), 0, 1
(62,4), 0, 1
(62,5), 0, 1
(62,8), 0, 1
(62,9), 0, 1
(62,10), 0, 1
(62,11), 0, 1
(62,12), 0, 1
(62,13), 0, 1
(62,15), 0, 1
(62,16), 0, 1
(62,18), 0, 1
(62,19), 0, 1
(62,20), 0, 1
(62,21), 0, 1
(62,22), 0, 1
(62,23), 0, 1
(62,24), 0, 1
(62,25), 0, 1
(62,26), 0, 1
(62,27), 0, 1
(62,28), 0, 1
(62,30), 0, 1
(62,31), 0, 1
(62,32), 0, 1
(62,33), 0, 1
(62,34), 0, 1
(62,35), 0, 1
(62,36), 0, 1
(62,37), 0, 1
(62,39), 0, 1
(62,41), 0, 1
(62,42), 0, 1
(62,44), 0, 1
(62,45), 0, 1
(62,46), 0, 1
(62,47), 0, 1
(62,48), 0, 1
(62,49), 0, 1
(62,50), 0, 1
(62,52), 0, 1
(62,53), 0, 1
(62,54), 0, 1
(62,56), 0, 1
(62,57), 0, 1
(62,58), 0, 1
(62,59), 0, 1
(62,60), 0, 1
(62,61), 0, 1
(62,63), 0, 1
(62,67), 0, 1
(62,68), 0, 1
(62,69), 0, 1
(62,70), 0, 1
(62,71), 0, 1
(62,72), 0, 1
(62,73), 0, 1
(62,74), 0, 1
(62,75), 0, 1
(62,78), 0, 1
(62,79), 0, 1
(62,80), 0, 1
(62,82), 0, 1
(62,83), 0, 1
(62,84), 0, 1
(62,85), 0, 1
(62,86), 0, 1
(62,87), 0, 1
(62,89), 0, 1
(62,90), 0, 1
(62,92), 0, 1
(62,94), 0, 1
(62,95), 0, 1
(63,7), 0, 1
(64,7), 0, 1
(64,15), 0, 1
(64,31), 0, 1
(64,32), 0, 1
(64,46), 0, 1
(64,48), 0, 1
(64,49), 0, 1
(64,54), 0, 1
(64,57), 0, 1
(64,93), 0, 1
(65,15), 0, 1
(65,31), 0, 1
(65,32), 0, 1
(65,36), 0, 1
(65,46), 0, 1
(65,48), 0, 1
(65,49), 0, 1
(65,54), 0, 1
(65,57), 0, 1
(67,15), 0, 1
(67,31), 0, 1
(67,32), 0, 1
(67,38), 0, 1
(67,46), 0, 1
(67,48), 0, 1
(67,49), 0, 1
(67,57), 0, 1
(67,93), 0, 1
(68,27), 0, 1
(68,37), 0, 1
(68,45), 0, 1
(68,62), 0, 1
(68,78), 0, 1
(68,89), 0, 1
(69,8), 0, 1
(69,27), 0, 1
(69,45), 0, 1
(69,78), 0, 1
(69,89), 0, 1
(70,2), 0, 1
(70,3), 0, 1
(70,4), 0, 1
(70,5), 0, 1
(70,8), 0, 1
(70,9), 0, 1
(70,11), 0, 1
(70,12), 0, 1
(70,13), 0, 1
(70,14), 0, 1
(70,15), 0, 1
(70,16), 0, 1
(70,18), 0, 1
(70,19), 0, 1
(70,20), 0, 1
(70,21), 0, 1
(70,22), 0, 1
(70,23), 0, 1
(70,24), 0, 1
(70,25), 0, 1
(70,26), 0, 1
(70,27), 0, 1
(70,28), 0, 1
(70,30), 0, 1
(70,31), 0, 1
(70,32), 0, 1
(70,33), 0, 1
(70,34), 0, 1
(70,35), 0, 1
(70,37), 0, 1
(70,38), 0, 1
(70,39), 0, 1
(70,40), 0, 1
(70,41), 0, 1
(70,44), 0, 1
(70,45), 0, 1
(70,46), 0, 1
(70,47), 0, 1
(70,48), 0, 1
(70,49), 0, 1
(70,52), 0, 1
(70,53), 0, 1
(70,56), 0, 1
(70,57), 0, 1
(70,58), 0, 1
(70,59), 0, 1
(70,60), 0, 1
(70,61), 0, 1
(70,62), 0, 1
(70,63), 0, 1
(70,65), 0, 1
(70,66), 0, 1
(70,68), 0, 1
(70,69), 0, 1
(70,71), 0, 1
(70,72), 0, 1
(70,73), 0, 1
(70,74), 0, 1
(70,75), 0, 1
(70,76), 0, 1
(70,77), 0, 1
(70,78), 0, 1
(70,79), 0, 1
(70,80), 0, 1
(70,82), 0, 1
(70,83), 0, 1
(70,84), 0, 1
(70,85), 0, 1
(70,86), 0, 1
(70,87), 0, 1
(70,89), 0, 1
(70,90), 0, 1
(70,91), 0, 1
(70,92), 0, 1
(70,93), 0, 1
(70,94), 0, 1
(70,95), 0, 1
(71,8), 0, 1
(71,37), 0, 1
(71,45), 0, 1
(71,62), 0, 1
(71,78), 0, 1
(72,15), 0, 1
(72,31), 0, 1
(72,32), 0, 1
(72,36), 0, 1
(72,48), 0, 1
(72,49), 0, 1
(72,54), 0, 1
(72,57), 0, 1
(72,93), 0, 1
(73,15), 0, 1
(73,31), 0, 1
(73,36), 0, 1
(73,46), 0, 1
(73,48), 0, 1
(73,49), 0, 1
(73,54), 0, 1
(73,57), 0, 1
(73,93), 0, 1
(74,0), 0, 1
(74,2), 0, 1
(74,3), 0, 1
(74,4), 0, 1
(74,5), 0, 1
(74,8), 0, 1
(74,9), 0, 1
(74,10), 0, 1
(74,11), 0, 1
(74,12), 0, 1
(74,13), 0, 1
(74,14), 0, 1
(74,15), 0, 1
(74,16), 0, 1
(74,17), 0, 1
(74,18), 0, 1
(74,20), 0, 1
(74,22), 0, 1
(74,23), 0, 1
(74,24), 0, 1
(74,25), 0, 1
(74,26), 0, 1
(74,27), 0, 1
(74,28), 0, 1
(74,30), 0, 1
(74,31), 0, 1
(74,33), 0, 1
(74,34), 0, 1
(74,35), 0, 1
(74,36), 0, 1
(74,37), 0, 1
(74,39), 0, 1
(74,41), 0, 1
(74,44), 0, 1
(74,45), 0, 1
(74,47), 0, 1
(74,48), 0, 1
(74,49), 0, 1
(74,50), 0, 1
(74,52), 0, 1
(74,53), 0, 1
(74,54), 0, 1
(74,56), 0, 1
(74,57), 0, 1
(74,58), 0, 1
(74,59), 0, 1
(74,60), 0, 1
(74,61), 0, 1
(74,62), 0, 1
(74,63), 0, 1
(74,65), 0, 1
(74,66), 0, 1
(74,68), 0, 1
(74,69), 0, 1
(74,70), 0, 1
(74,72), 0, 1
(74,73), 0, 1
(74,75), 0, 1
(74,78), 0, 1
(74,79), 0, 1
(74,82), 0, 1
(74,83), 0, 1
(74,84), 0, 1
(74,85), 0, 1
(74,86), 0, 1
(74,87), 0, 1
(74,89), 0, 1
(74,90), 0, 1
(74,92), 0, 1
(74,93), 0, 1
(74,94), 0, 1
(74,95), 0, 1
(75,31), 0, 1
(75,32), 0, 1
(75,36), 0, 1
(75,46), 0, 1
(75,48), 0, 1
(75,49), 0, 1
(75,54), 0, 1
(75,57), 0, 1
(75,93), 0, 1
(76,8), 0, 1
(76,27), 0, 1
(76,37), 0, 1
(76,43), 0, 1
(76,62), 0, 1
(76,65), 0, 1
(76,78), 0, 1
(76,89), 0, 1
(77,15), 0, 1
(77,31), 0, 1
(77,32), 0, 1
(77,36), 0, 1
(77,38), 0, 1
(77,46), 0, 1
(77,48), 0, 1
(77,54), 0, 1
(77,57), 0, 1
(77,93), 0, 1
(78,15), 0, 1
(78,31), 0, 1
(78,32), 0, 1
(78,46), 0, 1
(78,48), 0, 1
(78,49), 0, 1
(78,54), 0, 1
(78,57), 0, 1
(78,76), 0, 1
(79,15), 0, 1
(79,31), 0, 1
(79,32), 0, 1
(79,46), 0, 1
(79,48), 0, 1
(79,49), 0, 1
(79,54), 0, 1
(79,57), 0, 1
(79,76), 0, 1
(79,93), 0, 1
(80,7), 0, 1
(80,8), 0, 1
(80,27), 0, 1
(80,43), 0, 1
(80,62), 0, 1
(80,65), 0, 1
(80,78), 0, 1
(80,89), 0, 1
(81,8), 0, 1
(81,27), 0, 1
(81,37), 0, 1
(81,45), 0, 1
(81,62), 0, 1
(81,78), 0, 1
(81,89), 0, 1
(82,15), 0, 1
(82,31), 0, 1
(82,32), 0, 1
(82,36), 0, 1
(82,46), 0, 1
(82,48), 0, 1
(82,49), 0, 1
(82,54), 0, 1
(82,57), 0, 1
(82,93), 0, 1
(83,8), 0, 1
(83,27), 0, 1
(83,37), 0, 1
(83,45), 0, 1
(83,62), 0, 1
(83,65), 0, 1
(83,78), 0, 1
(83,89), 0, 1
(84,7), 0, 1
(84,15), 0, 1
(84,31), 0, 1
(84,32), 0, 1
(84,38), 0, 1
(84,46), 0, 1
(84,48), 0, 1
(84,49), 0, 1
(84,54), 0, 1
(84,57), 0, 1
(84,93), 0, 1
(85,15), 0, 1
(85,31), 0, 1
(85,32), 0, 1
(85,46), 0, 1
(85,48), 0, 1
(85,49), 0, 1
(85,54), 0, 1
(85,57), 0, 1
(85,93), 0, 1
(86,15), 0, 1
(86,31), 0, 1
(86,32), 0, 1
(86,38), 0, 1
(86,46), 0, 1
(86,48), 0, 1
(86,49), 0, 1
(86,54), 0, 1
(86,57), 0, 1
(86,93), 0, 1
(87,15), 0, 1
(87,31), 0, 1
(87,32), 0, 1
(87,36), 0, 1
(87,46), 0, 1
(87,48), 0, 1
(87,49), 0, 1
(87,54), 0, 1
(87,57), 0, 1
(87,93), 0, 1
(88,2), 0, 1
(88,3), 0, 1
(88,4), 0, 1
(88,5), 0, 1
(88,8), 0, 1
(88,9), 0, 1
(88,10), 0, 1
(88,11), 0, 1
(88,12), 0, 1
(88,13), 0, 1
(88,14), 0, 1
(88,16), 0, 1
(88,17), 0, 1
(88,18), 0, 1
(88,19), 0, 1
(88,20), 0, 1
(88,21), 0, 1
(88,22), 0, 1
(88,23), 0, 1
(88,24), 0, 1
(88,25), 0, 1
(88,26), 0, 1
(88,27), 0, 1
(88,28), 0, 1
(88,29), 0, 1
(88,30), 0, 1
(88,31), 0, 1
(88,34), 0, 1
(88,35), 0, 1
(88,36), 0, 1
(88,37), 0, 1
(88,44), 0, 1
(88,46), 0, 1
(88,47), 0, 1
(88,48), 0, 1
(88,52), 0, 1
(88,53), 0, 1
(88,54), 0, 1
(88,56), 0, 1
(88,57), 0, 1
(88,58), 0, 1
(88,59), 0, 1
(88,60), 0, 1
(88,61), 0, 1
(88,62), 0, 1
(88,63), 0, 1
(88,66), 0, 1
(88,68), 0, 1
(88,69), 0, 1
(88,70), 0, 1
(88,71), 0, 1
(88,72), 0, 1
(88,73), 0, 1
(88,74), 0, 1
(88,75), 0, 1
(88,77), 0, 1
(88,78), 0, 1
(88,79), 0, 1
(88,80), 0, 1
(88,81), 0, 1
(88,82), 0, 1
(88,84), 0, 1
(88,85), 0, 1
(88,86), 0, 1
(88,87), 0, 1
(88,90), 0, 1
(88,91), 0, 1
(88,92), 0, 1
(88,93), 0, 1
(88,94), 0, 1
(88,95), 0, 1
(89,2), 0, 1
(89,3), 0, 1
(89,4), 0, 1
(89,5), 0, 1
(89,6), 0, 1
(89,8), 0, 1
(89,9), 0, 1
(89,10), 0, 1
(89,12), 0, 1
(89,13), 0, 1
(89,14), 0, 1
(89,15), 0, 1
(89,16), 0, 1
(89,17), 0, 1
(89,18), 0, 1
(89,19), 0, 1
(89,20), 0, 1
(89,21), 0, 1
(89,22), 0, 1
(89,23), 0, 1
(89,24), 0, 1
(89,25), 0, 1
(89,26), 0, 1
(89,27), 0, 1
(89,28), 0, 1
(89,29), 0, 1
(89,30), 0, 1
(89,31), 0, 1
(89,32), 0, 1
(89,33), 0, 1
(89,34), 0, 1
(89,36), 0, 1
(89,37), 0, 1
(89,38), 0, 1
(89,39), 0, 1
(89,41), 0, 1
(89,44), 0, 1
(89,46), 0, 1
(89,47), 0, 1
(89,48), 0, 1
(89,49), 0, 1
(89,52), 0, 1
(89,53), 0, 1
(89,54), 0, 1
(89,56), 0, 1
(89,57), 0, 1
(89,58), 0, 1
(89,59), 0, 1
(89,60), 0, 1
(89,61), 0, 1
(89,62), 0, 1
(89,63), 0, 1
(89,65), 0, 1
(89,66), 0, 1
(89,68), 0, 1
(89,69), 0, 1
(89,70), 0, 1
(89,71), 0, 1
(89,72), 0, 1
(89,73), 0, 1
(89,75), 0, 1
(89,77), 0, 1
(89,78), 0, 1
(89,79), 0, 1
(89,80), 0, 1
(89,82), 0, 1
(89,83), 0, 1
(89,84), 0, 1
(89,85), 0, 1
(89,86), 0, 1
(89,87), 0, 1
(89,90), 0, 1
(89,91), 0, 1
(89,92), 0, 1
(89,93), 0, 1
(89,94), 0, 1
(89,95), 0, 1
(90,15), 0, 1
(90,31), 0, 1
(90,32), 0, 1
(90,46), 0, 1
(90,48), 0, 1
(90,49), 0, 1
(90,54), 0, 1
(90,57), 0, 1
(90,93), 0, 1
(91,15), 0, 1
(91,36), 0, 1
(91,42), 0, 1
(91,46), 0, 1
(91,48), 0, 1
(91,49), 0, 1
(91,54), 0, 1
(91,57), 0, 1
(91,93), 0, 1
(92,15), 0, 1
(92,32), 0, 1
(92,36), 0, 1
(92,46), 0, 1
(92,48), 0, 1
(92,49), 0, 1
(92,54), 0, 1
(92,57), 0, 1
(92,93), 0, 1
(93,8), 0, 1
(93,27), 0, 1
(93,37), 0, 1
(93,45), 0, 1
(93,62), 0, 1
(93,65), 0, 1
(93,78), 0, 1
(93,89), 0, 1
(94,15), 0, 1
(94,31), 0, 1
(94,36), 0, 1
(94,46), 0, 1
(94,48), 0, 1
(94,49), 0, 1
(94,54), 0, 1
(94,57), 0, 1
(94,93), 0, 1
(95,8), 0, 1
(95,27), 0, 1
(95,37), 0, 1
(95,45), 0, 1
(95,62), 0, 1
(95,65), 0, 1
(95,78), 0, 1
(95,89), 0, 1
(96,7), 0, 1
(96,15), 0, 1
(96,31), 0, 1
(96,32), 0, 1
(96,36), 0, 1
(96,46), 0, 1
(96,48), 0, 1
(96,49), 0, 1
(96,54), 0, 1
(96,57), 0, 1
(96,93), 0, 1
(97,15), 0, 1
(97,31), 0, 1
(97,32), 0, 1
(97,36), 0, 1
(97,38), 0, 1
(97,46), 0, 1
(97,48), 0, 1
(97,49), 0, 1
(97,54), 0, 1
(97,57), 0, 1
(97,93), 0, 1
(98,2), 0, 1
(98,3), 0, 1
(98,4), 0, 1
(98,5), 0, 1
(98,8), 0, 1
(98,9), 0, 1
(98,10), 0, 1
(98,11), 0, 1
(98,12), 0, 1
(98,13), 0, 1
(98,15), 0, 1
(98,16), 0, 1
(98,17), 0, 1
(98,18), 0, 1
(98,19), 0, 1
(98,20), 0, 1
(98,21), 0, 1
(98,22), 0, 1
(98,24), 0, 1
(98,25), 0, 1
(98,27), 0, 1
(98,28), 0, 1
(98,29), 0, 1
(98,30), 0, 1
(98,31), 0, 1
(98,32), 0, 1
(98,33), 0, 1
(98,34), 0, 1
(98,35), 0, 1
(98,36), 0, 1
(98,37), 0, 1
(98,39), 0, 1
(98,41), 0, 1
(98,43), 0, 1
(98,44), 0, 1
(98,46), 0, 1
(98,47), 0, 1
(98,48), 0, 1
(98,49), 0, 1
(98,50), 0, 1
(98,52), 0, 1
(98,53), 0, 1
(98,54), 0, 1
(98,56), 0, 1
(98,57), 0, 1
(98,58), 0, 1
(98,59), 0, 1
(98,60), 0, 1
(98,61), 0, 1
(98,63), 0, 1
(98,65), 0, 1
(98,67), 0, 1
(98,69), 0, 1
(98,70), 0, 1
(98,71), 0, 1
(98,72), 0, 1
(98,73), 0, 1
(98,74), 0, 1
(98,75), 0, 1
(98,77), 0, 1
(98,78), 0, 1
(98,79), 0, 1
(98,80), 0, 1
(98,82), 0, 1
(98,83), 0, 1
(98,84), 0, 1
(98,85), 0, 1
(98,86), 0, 1
(98,87), 0, 1
(98,89), 0, 1
(98,90), 0, 1
(98,92), 0, 1
(98,93), 0, 1
(98,95), 0, 1
(99,15), 0, 1
(99,32), 0, 1
(99,36), 0, 1
(99,46), 0, 1
(99,48), 0, 1
(99,49), 0, 1
(99,57), 0, 1
