Nr_Pairs = 94
Nr_NDD = 6
Nr_Arcs = 1973
0	0.05
1	0.05
2	0.05
3	0.2875000000000001
4	0.05
5	0.05
6	0.05
7	0.05
8	0.05
9	0.1
10	0.05
11	0.1
12	0.2875000000000001
13	0.05
14	0.2875000000000001
15	0.32499999999999996
16	0.05
17	0.05
18	0.2875000000000001
19	0.1
20	0.2875000000000001
21	0.05
22	0.1
23	0.05
24	0.05
25	0.32499999999999996
26	0.9
27	0.2875000000000001
28	0.05
29	0.925
30	0.1
31	0.1
32	0.05
33	0.2875000000000001
34	0.1
35	0.1
36	0.05
37	0.32499999999999996
38	0.05
39	0.05
40	0.1
41	0.05
42	0.1
43	0.05
44	0.1
45	0.32499999999999996
46	0.9
47	0.05
48	0.2875000000000001
49	0.9
50	0.2875000000000001
51	0.9
52	0.05
53	0.05
54	0.2875000000000001
55	0.05
56	0.05
57	0.1
58	0.05
59	0.05
60	0.1
61	0.05
62	0.05
63	0.2875000000000001
64	0.2875000000000001
65	0.05
66	0.05
67	0.05
68	0.2875000000000001
69	0.2875000000000001
70	0.05
71	0.05
72	0.05
73	0.2875000000000001
74	0.05
75	0.05
76	0.05
77	0.05
78	0.2875000000000001
79	0.1
80	0.9
81	0.05
82	0.05
83	0.05
84	0.05
85	0.9
86	0.1
87	0.1
88	0.2875000000000001
89	0.05
90	0.05
91	0.9
92	0.05
93	0.05
94	0.0
95	0.0
96	0.0
97	0.0
98	0.0
99	0.0
(0,1), 0, 1
(0,2), 0, 1
(0,4), 0, 1
(0,5), 0, 1
(0,6), 0, 1
(0,7), 0, 1
(0,8), 0, 1
(0,9), 0, 1
(0,10), 0, 1
(0,11), 0, 1
(0,12), 0, 1
(0,13), 0, 1
(0,14), 0, 1
(0,16), 0, 1
(0,17), 0, 1
(0,18), 0, 1
(0,19), 0, 1
(0,20), 0, 1
(0,21), 0, 1
(0,22), 0, 1
(0,23), 0, 1
(0,24), 0, 1
(0,25), 0, 1
(0,27), 0, 1
(0,28), 0, 1
(0,30), 0, 1
(0,31), 0, 1
(0,32), 0, 1
(0,34), 0, 1
(0,36), 0, 1
(0,37), 0, 1
(0,38), 0, 1
(0,39), 0, 1
(0,40), 0, 1
(0,41), 0, 1
(0,43), 0, 1
(0,44), 0, 1
(0,47), 0, 1
(0,48), 0, 1
(0,50), 0, 1
(0,52), 0, 1
(0,53), 0, 1
(0,54), 0, 1
(0,56), 0, 1
(0,57), 0, 1
(0,58), 0, 1
(0,59), 0, 1
(0,60), 0, 1
(0,61), 0, 1
(0,62), 0, 1
(0,63), 0, 1
(0,65), 0, 1
(0,66), 0, 1
(0,67), 0, 1
(0,69), 0, 1
(0,70), 0, 1
(0,71), 0, 1
(0,72), 0, 1
(0,74), 0, 1
(0,75), 0, 1
(0,76), 0, 1
(0,77), 0, 1
(0,78), 0, 1
(0,79), 0, 1
(0,81), 0, 1
(0,82), 0, 1
(0,83), 0, 1
(0,84), 0, 1
(0,86), 0, 1
(0,88), 0, 1
(0,89), 0, 1
(0,90), 0, 1
(0,92), 0, 1
(0,93), 0, 1
(1,4), 0, 1
(1,6), 0, 1
(1,20), 0, 1
(1,36), 0, 1
(1,43), 0, 1
(1,48), 0, 1
(1,50), 0, 1
(1,61), 0, 1
(1,84), 0, 1
(1,87), 0, 1
(2,7), 0, 1
(2,15), 0, 1
(2,21), 0, 1
(2,42), 0, 1
(2,55), 0, 1
(2,60), 0, 1
(2,70), 0, 1
(2,76), 0, 1
(2,77), 0, 1
(2,79), 0, 1
(2,83), 0, 1
(2,86), 0, 1
(3,7), 0, 1
(3,12), 0, 1
(3,15), 0, 1
(3,21), 0, 1
(3,30), 0, 1
(3,42), 0, 1
(3,54), 0, 1
(3,55), 0, 1
(3,60), 0, 1
(3,69), 0, 1
(3,70), 0, 1
(3,76), 0, 1
(3,77), 0, 1
(3,79), 0, 1
(3,83), 0, 1
(3,86), 0, 1
(4,6), 0, 1
(4,29), 0, 1
(4,36), 0, 1
(4,43), 0, 1
(4,48), 0, 1
(4,50), 0, 1
(4,61), 0, 1
(4,84), 0, 1
(4,87), 0, 1
(6,7), 0, 1
(6,15), 0, 1
(6,21), 0, 1
(6,30), 0, 1
(6,42), 0, 1
(6,55), 0, 1
(6,60), 0, 1
(6,69), 0, 1
(6,70), 0, 1
(6,76), 0, 1
(6,77), 0, 1
(6,79), 0, 1
(6,83), 0, 1
(6,86), 0, 1
(7,4), 0, 1
(7,6), 0, 1
(7,20), 0, 1
(7,25), 0, 1
(7,36), 0, 1
(7,43), 0, 1
(7,49), 0, 1
(7,50), 0, 1
(7,61), 0, 1
(7,87), 0, 1
(8,7), 0, 1
(8,12), 0, 1
(8,15), 0, 1
(8,21), 0, 1
(8,26), 0, 1
(8,30), 0, 1
(8,42), 0, 1
(8,54), 0, 1
(8,55), 0, 1
(8,60), 0, 1
(8,69), 0, 1
(8,76), 0, 1
(8,77), 0, 1
(8,79), 0, 1
(8,83), 0, 1
(9,4), 0, 1
(9,6), 0, 1
(9,20), 0, 1
(9,25), 0, 1
(9,36), 0, 1
(9,43), 0, 1
(9,48), 0, 1
(9,61), 0, 1
(9,84), 0, 1
(9,87), 0, 1
(10,7), 0, 1
(10,21), 0, 1
(10,30), 0, 1
(10,42), 0, 1
(10,54), 0, 1
(10,55), 0, 1
(10,60), 0, 1
(10,69), 0, 1
(10,70), 0, 1
(10,76), 0, 1
(10,77), 0, 1
(10,83), 0, 1
(10,86), 0, 1
(11,7), 0, 1
(11,12), 0, 1
(11,15), 0, 1
(11,21), 0, 1
(11,30), 0, 1
(11,42), 0, 1
(11,54), 0, 1
(11,55), 0, 1
(11,60), 0, 1
(11,70), 0, 1
(11,76), 0, 1
(11,77), 0, 1
(11,79), 0, 1
(11,83), 0, 1
(11,86), 0, 1
(12,7), 0, 1
(12,15), 0, 1
(12,21), 0, 1
(12,42), 0, 1
(12,49), 0, 1
(12,54), 0, 1
(12,55), 0, 1
(12,60), 0, 1
(12,69), 0, 1
(12,70), 0, 1
(12,76), 0, 1
(12,77), 0, 1
(12,79), 0, 1
(12,83), 0, 1
(12,86), 0, 1
(13,4), 0, 1
(13,6), 0, 1
(13,20), 0, 1
(13,43), 0, 1
(13,48), 0, 1
(13,49), 0, 1
(13,50), 0, 1
(13,61), 0, 1
(13,84), 0, 1
(13,87), 0, 1
(14,12), 0, 1
(14,21), 0, 1
(14,30), 0, 1
(14,42), 0, 1
(14,55), 0, 1
(14,60), 0, 1
(14,69), 0, 1
(14,70), 0, 1
(14,76), 0, 1
(14,77), 0, 1
(14,79), 0, 1
(14,83), 0, 1
(14,86), 0, 1
(15,7), 0, 1
(15,21), 0, 1
(15,30), 0, 1
(15,42), 0, 1
(15,49), 0, 1
(15,55), 0, 1
(15,70), 0, 1
(15,76), 0, 1
(15,77), 0, 1
(15,79), 0, 1
(15,83), 0, 1
(15,86), 0, 1
(16,12), 0, 1
(16,15), 0, 1
(16,21), 0, 1
(16,30), 0, 1
(16,42), 0, 1
(16,49), 0, 1
(16,55), 0, 1
(16,60), 0, 1
(16,70), 0, 1
(16,76), 0, 1
(16,77), 0, 1
(16,79), 0, 1
(16,83), 0, 1
(16,86), 0, 1
(17,7), 0, 1
(17,12), 0, 1
(17,21), 0, 1
(17,30), 0, 1
(17,42), 0, 1
(17,54), 0, 1
(17,55), 0, 1
(17,60), 0, 1
(17,69), 0, 1
(17,70), 0, 1
(17,76), 0, 1
(17,79), 0, 1
(17,83), 0, 1
(17,86), 0, 1
(18,7), 0, 1
(18,12), 0, 1
(18,15), 0, 1
(18,21), 0, 1
(18,49), 0, 1
(18,55), 0, 1
(18,60), 0, 1
(18,69), 0, 1
(18,70), 0, 1
(18,76), 0, 1
(18,77), 0, 1
(18,79), 0, 1
(18,83), 0, 1
(18,86), 0, 1
(19,4), 0, 1
(19,6), 0, 1
(19,20), 0, 1
(19,29), 0, 1
(19,36), 0, 1
(19,43), 0, 1
(19,48), 0, 1
(19,50), 0, 1
(19,61), 0, 1
(19,84), 0, 1
(19,87), 0, 1
(20,0), 0, 1
(20,1), 0, 1
(20,2), 0, 1
(20,4), 0, 1
(20,5), 0, 1
(20,6), 0, 1
(20,7), 0, 1
(20,8), 0, 1
(20,9), 0, 1
(20,10), 0, 1
(20,11), 0, 1
(20,13), 0, 1
(20,14), 0, 1
(20,16), 0, 1
(20,17), 0, 1
(20,18), 0, 1
(20,19), 0, 1
(20,22), 0, 1
(20,23), 0, 1
(20,24), 0, 1
(20,25), 0, 1
(20,27), 0, 1
(20,28), 0, 1
(20,30), 0, 1
(20,31), 0, 1
(20,32), 0, 1
(20,33), 0, 1
(20,34), 0, 1
(20,35), 0, 1
(20,36), 0, 1
(20,38), 0, 1
(20,39), 0, 1
(20,40), 0, 1
(20,41), 0, 1
(20,42), 0, 1
(20,43), 0, 1
(20,44), 0, 1
(20,45), 0, 1
(20,47), 0, 1
(20,48), 0, 1
(20,49), 0, 1
(20,50), 0, 1
(20,52), 0, 1
(20,53), 0, 1
(20,54), 0, 1
(20,55), 0, 1
(20,56), 0, 1
(20,57), 0, 1
(20,58), 0, 1
(20,59), 0, 1
(20,60), 0, 1
(20,61), 0, 1
(20,62), 0, 1
(20,63), 0, 1
(20,64), 0, 1
(20,65), 0, 1
(20,66), 0, 1
(20,67), 0, 1
(20,68), 0, 1
(20,70), 0, 1
(20,71), 0, 1
(20,72), 0, 1
(20,73), 0, 1
(20,74), 0, 1
(20,75), 0, 1
(20,76), 0, 1
(20,77), 0, 1
(20,78), 0, 1
(20,79), 0, 1
(20,81), 0, 1
(20,82), 0, 1
(20,83), 0, 1
(20,84), 0, 1
(20,86), 0, 1
(20,87), 0, 1
(20,90), 0, 1
(20,92), 0, 1
(20,93), 0, 1
(21,7), 0, 1
(21,12), 0, 1
(21,30), 0, 1
(21,42), 0, 1
(21,55), 0, 1
(21,60), 0, 1
(21,70), 0, 1
(21,79), 0, 1
(21,83), 0, 1
(21,86), 0, 1
(22,4), 0, 1
(22,6), 0, 1
(22,20), 0, 1
(22,36), 0, 1
(22,43), 0, 1
(22,48), 0, 1
(22,50), 0, 1
(22,61), 0, 1
(22,84), 0, 1
(22,87), 0, 1
(23,4), 0, 1
(23,6), 0, 1
(23,20), 0, 1
(23,25), 0, 1
(23,36), 0, 1
(23,43), 0, 1
(23,49), 0, 1
(23,50), 0, 1
(23,61), 0, 1
(23,84), 0, 1
(24,7), 0, 1
(24,12), 0, 1
(24,15), 0, 1
(24,21), 0, 1
(24,30), 0, 1
(24,42), 0, 1
(24,54), 0, 1
(24,55), 0, 1
(24,60), 0, 1
(24,70), 0, 1
(24,76), 0, 1
(24,77), 0, 1
(24,79), 0, 1
(24,83), 0, 1
(24,86), 0, 1
(25,7), 0, 1
(25,15), 0, 1
(25,21), 0, 1
(25,30), 0, 1
(25,42), 0, 1
(25,54), 0, 1
(25,55), 0, 1
(25,69), 0, 1
(25,70), 0, 1
(25,76), 0, 1
(25,77), 0, 1
(25,79), 0, 1
(25,83), 0, 1
(26,7), 0, 1
(26,12), 0, 1
(26,15), 0, 1
(26,21), 0, 1
(26,30), 0, 1
(26,42), 0, 1
(26,54), 0, 1
(26,55), 0, 1
(26,60), 0, 1
(26,69), 0, 1
(26,70), 0, 1
(26,76), 0, 1
(26,77), 0, 1
(26,79), 0, 1
(26,83), 0, 1
(26,86), 0, 1
(27,4), 0, 1
(27,6), 0, 1
(27,20), 0, 1
(27,25), 0, 1
(27,36), 0, 1
(27,43), 0, 1
(27,50), 0, 1
(27,61), 0, 1
(27,84), 0, 1
(27,87), 0, 1
(28,7), 0, 1
(28,12), 0, 1
(28,15), 0, 1
(28,21), 0, 1
(28,30), 0, 1
(28,42), 0, 1
(28,55), 0, 1
(28,60), 0, 1
(28,69), 0, 1
(28,70), 0, 1
(28,76), 0, 1
(28,77), 0, 1
(28,83), 0, 1
(28,86), 0, 1
(29,0), 0, 1
(29,1), 0, 1
(29,2), 0, 1
(29,3), 0, 1
(29,4), 0, 1
(29,5), 0, 1
(29,6), 0, 1
(29,7), 0, 1
(29,8), 0, 1
(29,9), 0, 1
(29,10), 0, 1
(29,11), 0, 1
(29,13), 0, 1
(29,15), 0, 1
(29,16), 0, 1
(29,17), 0, 1
(29,19), 0, 1
(29,20), 0, 1
(29,21), 0, 1
(29,22), 0, 1
(29,23), 0, 1
(29,24), 0, 1
(29,25), 0, 1
(29,26), 0, 1
(29,27), 0, 1
(29,28), 0, 1
(29,30), 0, 1
(29,32), 0, 1
(29,33), 0, 1
(29,34), 0, 1
(29,35), 0, 1
(29,36), 0, 1
(29,37), 0, 1
(29,38), 0, 1
(29,39), 0, 1
(29,40), 0, 1
(29,41), 0, 1
(29,42), 0, 1
(29,43), 0, 1
(29,44), 0, 1
(29,47), 0, 1
(29,49), 0, 1
(29,50), 0, 1
(29,52), 0, 1
(29,53), 0, 1
(29,54), 0, 1
(29,55), 0, 1
(29,56), 0, 1
(29,58), 0, 1
(29,59), 0, 1
(29,60), 0, 1
(29,61), 0, 1
(29,62), 0, 1
(29,64), 0, 1
(29,65), 0, 1
(29,66), 0, 1
(29,67), 0, 1
(29,68), 0, 1
(29,70), 0, 1
(29,71), 0, 1
(29,72), 0, 1
(29,73), 0, 1
(29,75), 0, 1
(29,76), 0, 1
(29,77), 0, 1
(29,78), 0, 1
(29,79), 0, 1
(29,81), 0, 1
(29,82), 0, 1
(29,83), 0, 1
(29,84), 0, 1
(29,85), 0, 1
(29,86), 0, 1
(29,87), 0, 1
(29,88), 0, 1
(29,89), 0, 1
(29,90), 0, 1
(29,92), 0, 1
(29,93), 0, 1
(30,7), 0, 1
(30,12), 0, 1
(30,15), 0, 1
(30,21), 0, 1
(30,42), 0, 1
(30,54), 0, 1
(30,55), 0, 1
(30,60), 0, 1
(30,70), 0, 1
(30,76), 0, 1
(30,77), 0, 1
(30,79), 0, 1
(30,83), 0, 1
(30,86), 0, 1
(31,7), 0, 1
(31,12), 0, 1
(31,15), 0, 1
(31,21), 0, 1
(31,30), 0, 1
(31,42), 0, 1
(31,54), 0, 1
(31,55), 0, 1
(31,60), 0, 1
(31,69), 0, 1
(31,70), 0, 1
(31,76), 0, 1
(31,77), 0, 1
(31,79), 0, 1
(31,83), 0, 1
(32,7), 0, 1
(32,12), 0, 1
(32,21), 0, 1
(32,30), 0, 1
(32,42), 0, 1
(32,55), 0, 1
(32,60), 0, 1
(32,69), 0, 1
(32,76), 0, 1
(32,77), 0, 1
(32,79), 0, 1
(32,86), 0, 1
(33,7), 0, 1
(33,12), 0, 1
(33,15), 0, 1
(33,21), 0, 1
(33,30), 0, 1
(33,42), 0, 1
(33,54), 0, 1
(33,55), 0, 1
(33,60), 0, 1
(33,70), 0, 1
(33,76), 0, 1
(33,77), 0, 1
(33,79), 0, 1
(33,83), 0, 1
(33,86), 0, 1
(34,7), 0, 1
(34,15), 0, 1
(34,21), 0, 1
(34,30), 0, 1
(34,42), 0, 1
(34,54), 0, 1
(34,55), 0, 1
(34,60), 0, 1
(34,70), 0, 1
(34,76), 0, 1
(34,77), 0, 1
(34,79), 0, 1
(34,83), 0, 1
(34,86), 0, 1
(35,7), 0, 1
(35,12), 0, 1
(35,21), 0, 1
(35,30), 0, 1
(35,42), 0, 1
(35,55), 0, 1
(35,60), 0, 1
(35,70), 0, 1
(35,76), 0, 1
(35,79), 0, 1
(35,83), 0, 1
(35,86), 0, 1
(36,7), 0, 1
(36,15), 0, 1
(36,21), 0, 1
(36,30), 0, 1
(36,42), 0, 1
(36,54), 0, 1
(36,55), 0, 1
(36,60), 0, 1
(36,69), 0, 1
(36,70), 0, 1
(36,76), 0, 1
(36,79), 0, 1
(36,83), 0, 1
(36,86), 0, 1
(37,4), 0, 1
(37,6), 0, 1
(37,20), 0, 1
(37,25), 0, 1
(37,36), 0, 1
(37,43), 0, 1
(37,48), 0, 1
(37,50), 0, 1
(37,61), 0, 1
(37,84), 0, 1
(37,87), 0, 1
(38,4), 0, 1
(38,6), 0, 1
(38,20), 0, 1
(38,25), 0, 1
(38,36), 0, 1
(38,43), 0, 1
(38,48), 0, 1
(38,49), 0, 1
(38,50), 0, 1
(38,84), 0, 1
(39,4), 0, 1
(39,6), 0, 1
(39,20), 0, 1
(39,36), 0, 1
(39,43), 0, 1
(39,50), 0, 1
(39,61), 0, 1
(39,84), 0, 1
(39,87), 0, 1
(40,7), 0, 1
(40,12), 0, 1
(40,15), 0, 1
(40,21), 0, 1
(40,30), 0, 1
(40,42), 0, 1
(40,49), 0, 1
(40,54), 0, 1
(40,55), 0, 1
(40,69), 0, 1
(40,70), 0, 1
(40,76), 0, 1
(40,77), 0, 1
(40,79), 0, 1
(40,83), 0, 1
(40,86), 0, 1
(41,7), 0, 1
(41,12), 0, 1
(41,15), 0, 1
(41,21), 0, 1
(41,30), 0, 1
(41,42), 0, 1
(41,54), 0, 1
(41,55), 0, 1
(41,60), 0, 1
(41,70), 0, 1
(41,76), 0, 1
(41,83), 0, 1
(41,86), 0, 1
(42,0), 0, 1
(42,1), 0, 1
(42,2), 0, 1
(42,3), 0, 1
(42,4), 0, 1
(42,5), 0, 1
(42,6), 0, 1
(42,7), 0, 1
(42,8), 0, 1
(42,9), 0, 1
(42,10), 0, 1
(42,11), 0, 1
(42,12), 0, 1
(42,13), 0, 1
(42,14), 0, 1
(42,15), 0, 1
(42,16), 0, 1
(42,17), 0, 1
(42,18), 0, 1
(42,19), 0, 1
(42,20), 0, 1
(42,21), 0, 1
(42,22), 0, 1
(42,23), 0, 1
(42,24), 0, 1
(42,25), 0, 1
(42,28), 0, 1
(42,30), 0, 1
(42,31), 0, 1
(42,32), 0, 1
(42,34), 0, 1
(42,35), 0, 1
(42,36), 0, 1
(42,37), 0, 1
(42,38), 0, 1
(42,40), 0, 1
(42,41), 0, 1
(42,43), 0, 1
(42,44), 0, 1
(42,45), 0, 1
(42,47), 0, 1
(42,49), 0, 1
(42,51), 0, 1
(42,52), 0, 1
(42,53), 0, 1
(42,54), 0, 1
(42,55), 0, 1
(42,56), 0, 1
(42,57), 0, 1
(42,58), 0, 1
(42,59), 0, 1
(42,60), 0, 1
(42,61), 0, 1
(42,62), 0, 1
(42,63), 0, 1
(42,65), 0, 1
(42,66), 0, 1
(42,67), 0, 1
(42,68), 0, 1
(42,69), 0, 1
(42,70), 0, 1
(42,71), 0, 1
(42,72), 0, 1
(42,73), 0, 1
(42,74), 0, 1
(42,75), 0, 1
(42,76), 0, 1
(42,77), 0, 1
(42,79), 0, 1
(42,81), 0, 1
(42,82), 0, 1
(42,83), 0, 1
(42,84), 0, 1
(42,86), 0, 1
(42,87), 0, 1
(42,88), 0, 1
(42,89), 0, 1
(42,90), 0, 1
(42,92), 0, 1
(42,93), 0, 1
(43,12), 0, 1
(43,21), 0, 1
(43,26), 0, 1
(43,42), 0, 1
(43,55), 0, 1
(43,60), 0, 1
(43,70), 0, 1
(43,76), 0, 1
(43,77), 0, 1
(43,83), 0, 1
(43,86), 0, 1
(44,0), 0, 1
(44,1), 0, 1
(44,2), 0, 1
(44,3), 0, 1
(44,4), 0, 1
(44,5), 0, 1
(44,6), 0, 1
(44,7), 0, 1
(44,8), 0, 1
(44,9), 0, 1
(44,12), 0, 1
(44,13), 0, 1
(44,14), 0, 1
(44,16), 0, 1
(44,17), 0, 1
(44,18), 0, 1
(44,20), 0, 1
(44,21), 0, 1
(44,22), 0, 1
(44,23), 0, 1
(44,28), 0, 1
(44,29), 0, 1
(44,30), 0, 1
(44,31), 0, 1
(44,32), 0, 1
(44,33), 0, 1
(44,34), 0, 1
(44,35), 0, 1
(44,36), 0, 1
(44,38), 0, 1
(44,39), 0, 1
(44,40), 0, 1
(44,41), 0, 1
(44,42), 0, 1
(44,43), 0, 1
(44,45), 0, 1
(44,47), 0, 1
(44,49), 0, 1
(44,52), 0, 1
(44,53), 0, 1
(44,54), 0, 1
(44,55), 0, 1
(44,56), 0, 1
(44,57), 0, 1
(44,58), 0, 1
(44,59), 0, 1
(44,60), 0, 1
(44,61), 0, 1
(44,62), 0, 1
(44,63), 0, 1
(44,64), 0, 1
(44,65), 0, 1
(44,66), 0, 1
(44,67), 0, 1
(44,68), 0, 1
(44,69), 0, 1
(44,70), 0, 1
(44,71), 0, 1
(44,73), 0, 1
(44,74), 0, 1
(44,75), 0, 1
(44,76), 0, 1
(44,77), 0, 1
(44,78), 0, 1
(44,79), 0, 1
(44,81), 0, 1
(44,82), 0, 1
(44,83), 0, 1
(44,84), 0, 1
(44,86), 0, 1
(44,87), 0, 1
(44,89), 0, 1
(44,90), 0, 1
(44,92), 0, 1
(44,93), 0, 1
(45,7), 0, 1
(45,12), 0, 1
(45,15), 0, 1
(45,21), 0, 1
(45,30), 0, 1
(45,42), 0, 1
(45,54), 0, 1
(45,55), 0, 1
(45,60), 0, 1
(45,69), 0, 1
(45,70), 0, 1
(45,76), 0, 1
(45,77), 0, 1
(45,79), 0, 1
(45,83), 0, 1
(45,86), 0, 1
(46,0), 0, 1
(46,1), 0, 1
(46,2), 0, 1
(46,3), 0, 1
(46,4), 0, 1
(46,5), 0, 1
(46,6), 0, 1
(46,7), 0, 1
(46,8), 0, 1
(46,9), 0, 1
(46,10), 0, 1
(46,12), 0, 1
(46,13), 0, 1
(46,14), 0, 1
(46,16), 0, 1
(46,17), 0, 1
(46,19), 0, 1
(46,21), 0, 1
(46,22), 0, 1
(46,23), 0, 1
(46,24), 0, 1
(46,26), 0, 1
(46,27), 0, 1
(46,28), 0, 1
(46,30), 0, 1
(46,31), 0, 1
(46,32), 0, 1
(46,33), 0, 1
(46,34), 0, 1
(46,36), 0, 1
(46,37), 0, 1
(46,38), 0, 1
(46,40), 0, 1
(46,41), 0, 1
(46,42), 0, 1
(46,43), 0, 1
(46,45), 0, 1
(46,47), 0, 1
(46,48), 0, 1
(46,49), 0, 1
(46,52), 0, 1
(46,53), 0, 1
(46,54), 0, 1
(46,55), 0, 1
(46,56), 0, 1
(46,57), 0, 1
(46,58), 0, 1
(46,59), 0, 1
(46,60), 0, 1
(46,61), 0, 1
(46,62), 0, 1
(46,63), 0, 1
(46,64), 0, 1
(46,65), 0, 1
(46,66), 0, 1
(46,67), 0, 1
(46,68), 0, 1
(46,69), 0, 1
(46,70), 0, 1
(46,71), 0, 1
(46,72), 0, 1
(46,73), 0, 1
(46,74), 0, 1
(46,75), 0, 1
(46,76), 0, 1
(46,77), 0, 1
(46,78), 0, 1
(46,79), 0, 1
(46,81), 0, 1
(46,82), 0, 1
(46,83), 0, 1
(46,84), 0, 1
(46,86), 0, 1
(46,87), 0, 1
(46,88), 0, 1
(46,89), 0, 1
(46,90), 0, 1
(46,92), 0, 1
(46,93), 0, 1
(47,7), 0, 1
(47,12), 0, 1
(47,15), 0, 1
(47,21), 0, 1
(47,30), 0, 1
(47,42), 0, 1
(47,54), 0, 1
(47,55), 0, 1
(47,60), 0, 1
(47,69), 0, 1
(47,70), 0, 1
(47,76), 0, 1
(47,77), 0, 1
(47,79), 0, 1
(47,83), 0, 1
(47,86), 0, 1
(49,7), 0, 1
(49,12), 0, 1
(49,15), 0, 1
(49,21), 0, 1
(49,30), 0, 1
(49,42), 0, 1
(49,54), 0, 1
(49,55), 0, 1
(49,60), 0, 1
(49,69), 0, 1
(49,70), 0, 1
(49,76), 0, 1
(49,77), 0, 1
(49,79), 0, 1
(49,83), 0, 1
(49,86), 0, 1
(50,7), 0, 1
(50,15), 0, 1
(50,21), 0, 1
(50,30), 0, 1
(50,42), 0, 1
(50,60), 0, 1
(50,70), 0, 1
(50,76), 0, 1
(50,77), 0, 1
(50,79), 0, 1
(50,83), 0, 1
(50,86), 0, 1
(51,0), 0, 1
(51,1), 0, 1
(51,2), 0, 1
(51,3), 0, 1
(51,4), 0, 1
(51,5), 0, 1
(51,6), 0, 1
(51,7), 0, 1
(51,8), 0, 1
(51,9), 0, 1
(51,10), 0, 1
(51,11), 0, 1
(51,12), 0, 1
(51,13), 0, 1
(51,14), 0, 1
(51,15), 0, 1
(51,16), 0, 1
(51,17), 0, 1
(51,19), 0, 1
(51,21), 0, 1
(51,22), 0, 1
(51,23), 0, 1
(51,24), 0, 1
(51,27), 0, 1
(51,28), 0, 1
(51,30), 0, 1
(51,32), 0, 1
(51,33), 0, 1
(51,34), 0, 1
(51,35), 0, 1
(51,36), 0, 1
(51,38), 0, 1
(51,39), 0, 1
(51,40), 0, 1
(51,41), 0, 1
(51,42), 0, 1
(51,43), 0, 1
(51,44), 0, 1
(51,45), 0, 1
(51,46), 0, 1
(51,47), 0, 1
(51,48), 0, 1
(51,50), 0, 1
(51,52), 0, 1
(51,53), 0, 1
(51,55), 0, 1
(51,56), 0, 1
(51,57), 0, 1
(51,58), 0, 1
(51,59), 0, 1
(51,60), 0, 1
(51,61), 0, 1
(51,62), 0, 1
(51,63), 0, 1
(51,65), 0, 1
(51,66), 0, 1
(51,67), 0, 1
(51,68), 0, 1
(51,69), 0, 1
(51,70), 0, 1
(51,71), 0, 1
(51,72), 0, 1
(51,74), 0, 1
(51,75), 0, 1
(51,76), 0, 1
(51,77), 0, 1
(51,78), 0, 1
(51,79), 0, 1
(51,81), 0, 1
(51,82), 0, 1
(51,83), 0, 1
(51,84), 0, 1
(51,86), 0, 1
(51,87), 0, 1
(51,88), 0, 1
(51,89), 0, 1
(51,90), 0, 1
(51,91), 0, 1
(51,93), 0, 1
(52,4), 0, 1
(52,6), 0, 1
(52,20), 0, 1
(52,25), 0, 1
(52,36), 0, 1
(52,43), 0, 1
(52,48), 0, 1
(52,50), 0, 1
(52,84), 0, 1
(52,87), 0, 1
(53,7), 0, 1
(53,12), 0, 1
(53,15), 0, 1
(53,21), 0, 1
(53,42), 0, 1
(53,55), 0, 1
(53,60), 0, 1
(53,76), 0, 1
(53,77), 0, 1
(53,79), 0, 1
(53,83), 0, 1
(53,86), 0, 1
(54,6), 0, 1
(54,20), 0, 1
(54,25), 0, 1
(54,36), 0, 1
(54,43), 0, 1
(54,48), 0, 1
(54,50), 0, 1
(54,61), 0, 1
(54,84), 0, 1
(54,87), 0, 1
(55,4), 0, 1
(55,6), 0, 1
(55,36), 0, 1
(55,43), 0, 1
(55,61), 0, 1
(55,84), 0, 1
(55,87), 0, 1
(56,4), 0, 1
(56,6), 0, 1
(56,25), 0, 1
(56,36), 0, 1
(56,48), 0, 1
(56,50), 0, 1
(56,84), 0, 1
(56,87), 0, 1
(57,7), 0, 1
(57,15), 0, 1
(57,21), 0, 1
(57,30), 0, 1
(57,42), 0, 1
(57,54), 0, 1
(57,55), 0, 1
(57,60), 0, 1
(57,69), 0, 1
(57,70), 0, 1
(57,76), 0, 1
(57,77), 0, 1
(57,79), 0, 1
(57,83), 0, 1
(57,86), 0, 1
(58,7), 0, 1
(58,12), 0, 1
(58,15), 0, 1
(58,21), 0, 1
(58,30), 0, 1
(58,42), 0, 1
(58,54), 0, 1
(58,60), 0, 1
(58,69), 0, 1
(58,70), 0, 1
(58,76), 0, 1
(58,77), 0, 1
(58,79), 0, 1
(58,83), 0, 1
(58,86), 0, 1
(59,7), 0, 1
(59,12), 0, 1
(59,21), 0, 1
(59,30), 0, 1
(59,42), 0, 1
(59,54), 0, 1
(59,55), 0, 1
(59,60), 0, 1
(59,69), 0, 1
(59,70), 0, 1
(59,76), 0, 1
(59,77), 0, 1
(59,79), 0, 1
(59,86), 0, 1
(60,4), 0, 1
(60,6), 0, 1
(60,20), 0, 1
(60,25), 0, 1
(60,36), 0, 1
(60,43), 0, 1
(60,50), 0, 1
(60,61), 0, 1
(60,84), 0, 1
(60,87), 0, 1
(61,7), 0, 1
(61,12), 0, 1
(61,15), 0, 1
(61,21), 0, 1
(61,30), 0, 1
(61,42), 0, 1
(61,54), 0, 1
(61,55), 0, 1
(61,60), 0, 1
(61,69), 0, 1
(61,70), 0, 1
(61,76), 0, 1
(61,77), 0, 1
(61,79), 0, 1
(61,83), 0, 1
(61,86), 0, 1
(62,4), 0, 1
(62,6), 0, 1
(62,25), 0, 1
(62,36), 0, 1
(62,43), 0, 1
(62,48), 0, 1
(62,50), 0, 1
(62,61), 0, 1
(62,84), 0, 1
(62,87), 0, 1
(63,7), 0, 1
(63,12), 0, 1
(63,15), 0, 1
(63,21), 0, 1
(63,30), 0, 1
(63,42), 0, 1
(63,54), 0, 1
(63,55), 0, 1
(63,69), 0, 1
(63,70), 0, 1
(63,76), 0, 1
(63,77), 0, 1
(63,79), 0, 1
(63,83), 0, 1
(63,86), 0, 1
(64,7), 0, 1
(64,15), 0, 1
(64,21), 0, 1
(64,30), 0, 1
(64,42), 0, 1
(64,49), 0, 1
(64,54), 0, 1
(64,55), 0, 1
(64,60), 0, 1
(64,69), 0, 1
(64,70), 0, 1
(64,76), 0, 1
(64,77), 0, 1
(64,79), 0, 1
(64,83), 0, 1
(64,86), 0, 1
(65,7), 0, 1
(65,12), 0, 1
(65,15), 0, 1
(65,21), 0, 1
(65,30), 0, 1
(65,42), 0, 1
(65,49), 0, 1
(65,54), 0, 1
(65,55), 0, 1
(65,60), 0, 1
(65,69), 0, 1
(65,70), 0, 1
(65,76), 0, 1
(65,77), 0, 1
(65,79), 0, 1
(65,83), 0, 1
(65,86), 0, 1
(66,7), 0, 1
(66,12), 0, 1
(66,15), 0, 1
(66,21), 0, 1
(66,30), 0, 1
(66,42), 0, 1
(66,54), 0, 1
(66,55), 0, 1
(66,60), 0, 1
(66,69), 0, 1
(66,76), 0, 1
(66,77), 0, 1
(66,79), 0, 1
(66,83), 0, 1
(66,86), 0, 1
(67,7), 0, 1
(67,12), 0, 1
(67,15), 0, 1
(67,21), 0, 1
(67,42), 0, 1
(67,54), 0, 1
(67,55), 0, 1
(67,60), 0, 1
(67,69), 0, 1
(67,70), 0, 1
(67,76), 0, 1
(67,77), 0, 1
(67,79), 0, 1
(67,83), 0, 1
(67,86), 0, 1
(68,0), 0, 1
(68,1), 0, 1
(68,2), 0, 1
(68,4), 0, 1
(68,5), 0, 1
(68,6), 0, 1
(68,7), 0, 1
(68,8), 0, 1
(68,9), 0, 1
(68,10), 0, 1
(68,11), 0, 1
(68,13), 0, 1
(68,14), 0, 1
(68,16), 0, 1
(68,17), 0, 1
(68,18), 0, 1
(68,19), 0, 1
(68,20), 0, 1
(68,21), 0, 1
(68,22), 0, 1
(68,23), 0, 1
(68,24), 0, 1
(68,25), 0, 1
(68,27), 0, 1
(68,28), 0, 1
(68,30), 0, 1
(68,31), 0, 1
(68,32), 0, 1
(68,33), 0, 1
(68,34), 0, 1
(68,36), 0, 1
(68,38), 0, 1
(68,39), 0, 1
(68,40), 0, 1
(68,41), 0, 1
(68,43), 0, 1
(68,44), 0, 1
(68,45), 0, 1
(68,47), 0, 1
(68,48), 0, 1
(68,52), 0, 1
(68,53), 0, 1
(68,55), 0, 1
(68,56), 0, 1
(68,57), 0, 1
(68,58), 0, 1
(68,59), 0, 1
(68,60), 0, 1
(68,61), 0, 1
(68,62), 0, 1
(68,63), 0, 1
(68,64), 0, 1
(68,65), 0, 1
(68,66), 0, 1
(68,67), 0, 1
(68,70), 0, 1
(68,71), 0, 1
(68,72), 0, 1
(68,73), 0, 1
(68,74), 0, 1
(68,75), 0, 1
(68,76), 0, 1
(68,77), 0, 1
(68,78), 0, 1
(68,79), 0, 1
(68,81), 0, 1
(68,82), 0, 1
(68,83), 0, 1
(68,84), 0, 1
(68,86), 0, 1
(68,87), 0, 1
(68,88), 0, 1
(68,89), 0, 1
(68,90), 0, 1
(68,93), 0, 1
(69,0), 0, 1
(69,2), 0, 1
(69,3), 0, 1
(69,4), 0, 1
(69,5), 0, 1
(69,6), 0, 1
(69,7), 0, 1
(69,8), 0, 1
(69,9), 0, 1
(69,10), 0, 1
(69,11), 0, 1
(69,13), 0, 1
(69,14), 0, 1
(69,16), 0, 1
(69,17), 0, 1
(69,18), 0, 1
(69,19), 0, 1
(69,20), 0, 1
(69,21), 0, 1
(69,22), 0, 1
(69,23), 0, 1
(69,24), 0, 1
(69,25), 0, 1
(69,27), 0, 1
(69,28), 0, 1
(69,30), 0, 1
(69,31), 0, 1
(69,32), 0, 1
(69,33), 0, 1
(69,34), 0, 1
(69,35), 0, 1
(69,36), 0, 1
(69,37), 0, 1
(69,38), 0, 1
(69,39), 0, 1
(69,40), 0, 1
(69,41), 0, 1
(69,42), 0, 1
(69,43), 0, 1
(69,44), 0, 1
(69,45), 0, 1
(69,47), 0, 1
(69,48), 0, 1
(69,52), 0, 1
(69,53), 0, 1
(69,54), 0, 1
(69,55), 0, 1
(69,56), 0, 1
(69,57), 0, 1
(69,58), 0, 1
(69,59), 0, 1
(69,60), 0, 1
(69,61), 0, 1
(69,62), 0, 1
(69,66), 0, 1
(69,67), 0, 1
(69,68), 0, 1
(69,70), 0, 1
(69,71), 0, 1
(69,72), 0, 1
(69,73), 0, 1
(69,74), 0, 1
(69,75), 0, 1
(69,76), 0, 1
(69,77), 0, 1
(69,78), 0, 1
(69,79), 0, 1
(69,81), 0, 1
(69,82), 0, 1
(69,83), 0, 1
(69,84), 0, 1
(69,86), 0, 1
(69,87), 0, 1
(69,88), 0, 1
(69,89), 0, 1
(69,90), 0, 1
(69,92), 0, 1
(69,93), 0, 1
(70,4), 0, 1
(70,6), 0, 1
(70,20), 0, 1
(70,25), 0, 1
(70,36), 0, 1
(70,43), 0, 1
(70,61), 0, 1
(70,84), 0, 1
(70,87), 0, 1
(71,7), 0, 1
(71,12), 0, 1
(71,15), 0, 1
(71,21), 0, 1
(71,30), 0, 1
(71,42), 0, 1
(71,49), 0, 1
(71,55), 0, 1
(71,69), 0, 1
(71,70), 0, 1
(71,76), 0, 1
(71,77), 0, 1
(71,83), 0, 1
(71,86), 0, 1
(72,4), 0, 1
(72,6), 0, 1
(72,25), 0, 1
(72,36), 0, 1
(72,43), 0, 1
(72,61), 0, 1
(72,84), 0, 1
(72,87), 0, 1
(73,0), 0, 1
(73,1), 0, 1
(73,2), 0, 1
(73,4), 0, 1
(73,5), 0, 1
(73,6), 0, 1
(73,7), 0, 1
(73,8), 0, 1
(73,9), 0, 1
(73,10), 0, 1
(73,11), 0, 1
(73,12), 0, 1
(73,13), 0, 1
(73,14), 0, 1
(73,16), 0, 1
(73,17), 0, 1
(73,20), 0, 1
(73,21), 0, 1
(73,23), 0, 1
(73,24), 0, 1
(73,25), 0, 1
(73,27), 0, 1
(73,28), 0, 1
(73,30), 0, 1
(73,31), 0, 1
(73,32), 0, 1
(73,33), 0, 1
(73,34), 0, 1
(73,36), 0, 1
(73,37), 0, 1
(73,38), 0, 1
(73,39), 0, 1
(73,40), 0, 1
(73,41), 0, 1
(73,42), 0, 1
(73,43), 0, 1
(73,47), 0, 1
(73,48), 0, 1
(73,50), 0, 1
(73,52), 0, 1
(73,53), 0, 1
(73,55), 0, 1
(73,56), 0, 1
(73,57), 0, 1
(73,58), 0, 1
(73,59), 0, 1
(73,60), 0, 1
(73,61), 0, 1
(73,62), 0, 1
(73,63), 0, 1
(73,64), 0, 1
(73,65), 0, 1
(73,66), 0, 1
(73,67), 0, 1
(73,68), 0, 1
(73,69), 0, 1
(73,70), 0, 1
(73,71), 0, 1
(73,72), 0, 1
(73,74), 0, 1
(73,75), 0, 1
(73,76), 0, 1
(73,77), 0, 1
(73,78), 0, 1
(73,79), 0, 1
(73,82), 0, 1
(73,83), 0, 1
(73,84), 0, 1
(73,86), 0, 1
(73,87), 0, 1
(73,88), 0, 1
(73,89), 0, 1
(73,90), 0, 1
(73,92), 0, 1
(73,93), 0, 1
(75,7), 0, 1
(75,12), 0, 1
(75,15), 0, 1
(75,21), 0, 1
(75,30), 0, 1
(75,42), 0, 1
(75,55), 0, 1
(75,60), 0, 1
(75,69), 0, 1
(75,70), 0, 1
(75,76), 0, 1
(75,77), 0, 1
(75,79), 0, 1
(75,83), 0, 1
(75,86), 0, 1
(76,4), 0, 1
(76,6), 0, 1
(76,20), 0, 1
(76,25), 0, 1
(76,36), 0, 1
(76,43), 0, 1
(76,50), 0, 1
(76,61), 0, 1
(76,84), 0, 1
(76,87), 0, 1
(78,12), 0, 1
(78,21), 0, 1
(78,30), 0, 1
(78,42), 0, 1
(78,54), 0, 1
(78,55), 0, 1
(78,60), 0, 1
(78,69), 0, 1
(78,70), 0, 1
(78,76), 0, 1
(78,77), 0, 1
(78,79), 0, 1
(78,83), 0, 1
(78,86), 0, 1
(80,4), 0, 1
(80,6), 0, 1
(80,20), 0, 1
(80,25), 0, 1
(80,36), 0, 1
(80,43), 0, 1
(80,48), 0, 1
(80,50), 0, 1
(80,84), 0, 1
(80,87), 0, 1
(81,7), 0, 1
(81,21), 0, 1
(81,30), 0, 1
(81,42), 0, 1
(81,54), 0, 1
(81,55), 0, 1
(81,60), 0, 1
(81,70), 0, 1
(81,76), 0, 1
(81,77), 0, 1
(81,79), 0, 1
(81,83), 0, 1
(81,86), 0, 1
(82,7), 0, 1
(82,15), 0, 1
(82,21), 0, 1
(82,30), 0, 1
(82,42), 0, 1
(82,54), 0, 1
(82,55), 0, 1
(82,60), 0, 1
(82,69), 0, 1
(82,70), 0, 1
(82,76), 0, 1
(82,77), 0, 1
(82,79), 0, 1
(82,83), 0, 1
(82,86), 0, 1
(83,4), 0, 1
(83,6), 0, 1
(83,20), 0, 1
(83,36), 0, 1
(83,43), 0, 1
(83,48), 0, 1
(83,49), 0, 1
(83,50), 0, 1
(83,61), 0, 1
(83,84), 0, 1
(83,87), 0, 1
(84,7), 0, 1
(84,12), 0, 1
(84,15), 0, 1
(84,21), 0, 1
(84,30), 0, 1
(84,42), 0, 1
(84,55), 0, 1
(84,60), 0, 1
(84,69), 0, 1
(84,70), 0, 1
(84,76), 0, 1
(84,77), 0, 1
(84,79), 0, 1
(84,83), 0, 1
(85,0), 0, 1
(85,1), 0, 1
(85,2), 0, 1
(85,3), 0, 1
(85,4), 0, 1
(85,5), 0, 1
(85,6), 0, 1
(85,7), 0, 1
(85,8), 0, 1
(85,9), 0, 1
(85,11), 0, 1
(85,12), 0, 1
(85,13), 0, 1
(85,14), 0, 1
(85,15), 0, 1
(85,16), 0, 1
(85,17), 0, 1
(85,18), 0, 1
(85,19), 0, 1
(85,20), 0, 1
(85,21), 0, 1
(85,22), 0, 1
(85,23), 0, 1
(85,24), 0, 1
(85,25), 0, 1
(85,27), 0, 1
(85,28), 0, 1
(85,31), 0, 1
(85,32), 0, 1
(85,34), 0, 1
(85,35), 0, 1
(85,36), 0, 1
(85,37), 0, 1
(85,38), 0, 1
(85,39), 0, 1
(85,40), 0, 1
(85,41), 0, 1
(85,42), 0, 1
(85,43), 0, 1
(85,44), 0, 1
(85,45), 0, 1
(85,48), 0, 1
(85,50), 0, 1
(85,52), 0, 1
(85,53), 0, 1
(85,54), 0, 1
(85,55), 0, 1
(85,56), 0, 1
(85,57), 0, 1
(85,58), 0, 1
(85,59), 0, 1
(85,61), 0, 1
(85,62), 0, 1
(85,64), 0, 1
(85,66), 0, 1
(85,67), 0, 1
(85,68), 0, 1
(85,70), 0, 1
(85,71), 0, 1
(85,72), 0, 1
(85,73), 0, 1
(85,74), 0, 1
(85,75), 0, 1
(85,76), 0, 1
(85,77), 0, 1
(85,79), 0, 1
(85,81), 0, 1
(85,82), 0, 1
(85,83), 0, 1
(85,84), 0, 1
(85,86), 0, 1
(85,87), 0, 1
(85,88), 0, 1
(85,89), 0, 1
(85,90), 0, 1
(85,92), 0, 1
(85,93), 0, 1
(86,0), 0, 1
(86,1), 0, 1
(86,2), 0, 1
(86,3), 0, 1
(86,4), 0, 1
(86,5), 0, 1
(86,6), 0, 1
(86,7), 0, 1
(86,8), 0, 1
(86,9), 0, 1
(86,10), 0, 1
(86,11), 0, 1
(86,12), 0, 1
(86,17), 0, 1
(86,18), 0, 1
(86,19), 0, 1
(86,20), 0, 1
(86,21), 0, 1
(86,22), 0, 1
(86,23), 0, 1
(86,24), 0, 1
(86,25), 0, 1
(86,28), 0, 1
(86,30), 0, 1
(86,31), 0, 1
(86,32), 0, 1
(86,33), 0, 1
(86,35), 0, 1
(86,36), 0, 1
(86,38), 0, 1
(86,40), 0, 1
(86,42), 0, 1
(86,43), 0, 1
(86,44), 0, 1
(86,45), 0, 1
(86,47), 0, 1
(86,48), 0, 1
(86,50), 0, 1
(86,52), 0, 1
(86,53), 0, 1
(86,54), 0, 1
(86,56), 0, 1
(86,57), 0, 1
(86,58), 0, 1
(86,60), 0, 1
(86,61), 0, 1
(86,62), 0, 1
(86,63), 0, 1
(86,64), 0, 1
(86,65), 0, 1
(86,66), 0, 1
(86,67), 0, 1
(86,68), 0, 1
(86,69), 0, 1
(86,70), 0, 1
(86,71), 0, 1
(86,72), 0, 1
(86,73), 0, 1
(86,74), 0, 1
(86,75), 0, 1
(86,76), 0, 1
(86,77), 0, 1
(86,79), 0, 1
(86,81), 0, 1
(86,82), 0, 1
(86,83), 0, 1
(86,84), 0, 1
(86,87), 0, 1
(86,88), 0, 1
(86,89), 0, 1
(86,90), 0, 1
(86,92), 0, 1
(86,93), 0, 1
(87,7), 0, 1
(87,15), 0, 1
(87,21), 0, 1
(87,30), 0, 1
(87,42), 0, 1
(87,54), 0, 1
(87,55), 0, 1
(87,70), 0, 1
(87,76), 0, 1
(87,77), 0, 1
(87,79), 0, 1
(87,83), 0, 1
(87,86), 0, 1
(88,7), 0, 1
(88,15), 0, 1
(88,21), 0, 1
(88,30), 0, 1
(88,42), 0, 1
(88,54), 0, 1
(88,55), 0, 1
(88,60), 0, 1
(88,69), 0, 1
(88,70), 0, 1
(88,76), 0, 1
(88,77), 0, 1
(88,79), 0, 1
(88,83), 0, 1
(88,86), 0, 1
(89,7), 0, 1
(89,12), 0, 1
(89,15), 0, 1
(89,21), 0, 1
(89,30), 0, 1
(89,42), 0, 1
(89,54), 0, 1
(89,55), 0, 1
(89,60), 0, 1
(89,70), 0, 1
(89,76), 0, 1
(89,77), 0, 1
(89,79), 0, 1
(89,83), 0, 1
(89,86), 0, 1
(90,4), 0, 1
(90,6), 0, 1
(90,20), 0, 1
(90,25), 0, 1
(90,36), 0, 1
(90,43), 0, 1
(90,50), 0, 1
(90,61), 0, 1
(90,84), 0, 1
(90,87), 0, 1
(91,7), 0, 1
(91,21), 0, 1
(91,30), 0, 1
(91,42), 0, 1
(91,49), 0, 1
(91,54), 0, 1
(91,55), 0, 1
(91,60), 0, 1
(91,70), 0, 1
(91,76), 0, 1
(91,77), 0, 1
(91,83), 0, 1
(91,86), 0, 1
(93,7), 0, 1
(93,15), 0, 1
(93,21), 0, 1
(93,30), 0, 1
(93,42), 0, 1
(93,54), 0, 1
(93,55), 0, 1
(93,60), 0, 1
(93,69), 0, 1
(93,70), 0, 1
(93,76), 0, 1
(93,77), 0, 1
(93,79), 0, 1
(93,83), 0, 1
(93,86), 0, 1
(94,4), 0, 1
(94,6), 0, 1
(94,20), 0, 1
(94,36), 0, 1
(94,43), 0, 1
(94,61), 0, 1
(94,84), 0, 1
(94,87), 0, 1
(95,7), 0, 1
(95,12), 0, 1
(95,15), 0, 1
(95,21), 0, 1
(95,30), 0, 1
(95,42), 0, 1
(95,55), 0, 1
(95,60), 0, 1
(95,69), 0, 1
(95,70), 0, 1
(95,76), 0, 1
(95,77), 0, 1
(95,79), 0, 1
(95,83), 0, 1
(95,86), 0, 1
(96,7), 0, 1
(96,12), 0, 1
(96,21), 0, 1
(96,30), 0, 1
(96,42), 0, 1
(96,55), 0, 1
(96,60), 0, 1
(96,69), 0, 1
(96,70), 0, 1
(96,76), 0, 1
(96,79), 0, 1
(96,83), 0, 1
(96,86), 0, 1
(97,7), 0, 1
(97,12), 0, 1
(97,15), 0, 1
(97,21), 0, 1
(97,30), 0, 1
(97,42), 0, 1
(97,54), 0, 1
(97,55), 0, 1
(97,60), 0, 1
(97,69), 0, 1
(97,70), 0, 1
(97,77), 0, 1
(97,79), 0, 1
(97,83), 0, 1
(97,86), 0, 1
(98,7), 0, 1
(98,15), 0, 1
(98,21), 0, 1
(98,30), 0, 1
(98,54), 0, 1
(98,60), 0, 1
(98,69), 0, 1
(98,70), 0, 1
(98,76), 0, 1
(98,77), 0, 1
(98,79), 0, 1
(98,83), 0, 1
(98,86), 0, 1
(99,7), 0, 1
(99,12), 0, 1
(99,15), 0, 1
(99,21), 0, 1
(99,26), 0, 1
(99,30), 0, 1
(99,42), 0, 1
(99,54), 0, 1
(99,55), 0, 1
(99,60), 0, 1
(99,69), 0, 1
(99,70), 0, 1
(99,76), 0, 1
(99,77), 0, 1
(99,79), 0, 1
(99,83), 0, 1
(99,86), 0, 1
