Nr_Pairs = 93
Nr_NDD = 7
Nr_Arcs = 1701
0	0.9
1	0.1
2	0.05
3	0.1
4	0.9
5	0.05
6	0.9
7	0.2875000000000001
8	0.05
9	0.05
10	0.2875000000000001
11	0.05
12	0.32499999999999996
13	0.05
14	0.2875000000000001
15	0.2875000000000001
16	0.05
17	0.05
18	0.9
19	0.05
20	0.05
21	0.05
22	0.1
23	0.2875000000000001
24	0.1
25	0.9
26	0.9
27	0.9
28	0.1
29	0.9
30	0.9
31	0.05
32	0.05
33	0.1
34	0.05
35	0.9
36	0.1
37	0.05
38	0.2875000000000001
39	0.05
40	0.2875000000000001
41	0.1
42	0.05
43	0.9
44	0.1
45	0.9
46	0.05
47	0.2875000000000001
48	0.32499999999999996
49	0.9
50	0.05
51	0.05
52	0.05
53	0.05
54	0.9
55	0.2875000000000001
56	0.32499999999999996
57	0.9
58	0.05
59	0.05
60	0.05
61	0.2875000000000001
62	0.05
63	0.05
64	0.05
65	0.2875000000000001
66	0.05
67	0.2875000000000001
68	0.05
69	0.05
70	0.9
71	0.2875000000000001
72	0.1
73	0.05
74	0.05
75	0.1
76	0.05
77	0.2875000000000001
78	0.05
79	0.05
80	0.925
81	0.2875000000000001
82	0.9
83	0.05
84	0.9
85	0.2875000000000001
86	0.05
87	0.05
88	0.9
89	0.05
90	0.2875000000000001
91	0.05
92	0.9
93	0.0
94	0.0
95	0.0
96	0.0
97	0.0
98	0.0
99	0.0
(0,1), 0, 1
(0,2), 0, 1
(0,5), 0, 1
(0,7), 0, 1
(0,8), 0, 1
(0,9), 0, 1
(0,10), 0, 1
(0,11), 0, 1
(0,12), 0, 1
(0,13), 0, 1
(0,15), 0, 1
(0,16), 0, 1
(0,17), 0, 1
(0,19), 0, 1
(0,20), 0, 1
(0,21), 0, 1
(0,23), 0, 1
(0,24), 0, 1
(0,27), 0, 1
(0,28), 0, 1
(0,31), 0, 1
(0,32), 0, 1
(0,33), 0, 1
(0,36), 0, 1
(0,37), 0, 1
(0,39), 0, 1
(0,40), 0, 1
(0,41), 0, 1
(0,42), 0, 1
(0,44), 0, 1
(0,47), 0, 1
(0,49), 0, 1
(0,50), 0, 1
(0,51), 0, 1
(0,52), 0, 1
(0,53), 0, 1
(0,55), 0, 1
(0,59), 0, 1
(0,60), 0, 1
(0,61), 0, 1
(0,62), 0, 1
(0,63), 0, 1
(0,64), 0, 1
(0,65), 0, 1
(0,66), 0, 1
(0,68), 0, 1
(0,69), 0, 1
(0,71), 0, 1
(0,72), 0, 1
(0,73), 0, 1
(0,74), 0, 1
(0,75), 0, 1
(0,76), 0, 1
(0,78), 0, 1
(0,79), 0, 1
(0,81), 0, 1
(0,82), 0, 1
(0,83), 0, 1
(0,85), 0, 1
(0,86), 0, 1
(0,87), 0, 1
(0,89), 0, 1
(0,90), 0, 1
(0,91), 0, 1
(0,92), 0, 1
(1,11), 0, 1
(1,12), 0, 1
(1,28), 0, 1
(1,37), 0, 1
(1,38), 0, 1
(1,40), 0, 1
(1,60), 0, 1
(1,90), 0, 1
(2,12), 0, 1
(3,12), 0, 1
(4,1), 0, 1
(4,2), 0, 1
(4,3), 0, 1
(4,5), 0, 1
(4,7), 0, 1
(4,8), 0, 1
(4,9), 0, 1
(4,10), 0, 1
(4,12), 0, 1
(4,13), 0, 1
(4,14), 0, 1
(4,15), 0, 1
(4,16), 0, 1
(4,17), 0, 1
(4,19), 0, 1
(4,20), 0, 1
(4,21), 0, 1
(4,22), 0, 1
(4,23), 0, 1
(4,24), 0, 1
(4,28), 0, 1
(4,31), 0, 1
(4,32), 0, 1
(4,33), 0, 1
(4,34), 0, 1
(4,37), 0, 1
(4,38), 0, 1
(4,39), 0, 1
(4,40), 0, 1
(4,41), 0, 1
(4,42), 0, 1
(4,44), 0, 1
(4,46), 0, 1
(4,47), 0, 1
(4,48), 0, 1
(4,50), 0, 1
(4,51), 0, 1
(4,52), 0, 1
(4,55), 0, 1
(4,58), 0, 1
(4,60), 0, 1
(4,61), 0, 1
(4,62), 0, 1
(4,63), 0, 1
(4,64), 0, 1
(4,65), 0, 1
(4,66), 0, 1
(4,68), 0, 1
(4,69), 0, 1
(4,71), 0, 1
(4,72), 0, 1
(4,73), 0, 1
(4,74), 0, 1
(4,75), 0, 1
(4,76), 0, 1
(4,79), 0, 1
(4,81), 0, 1
(4,83), 0, 1
(4,84), 0, 1
(4,85), 0, 1
(4,86), 0, 1
(4,87), 0, 1
(4,89), 0, 1
(4,90), 0, 1
(4,91), 0, 1
(5,12), 0, 1
(5,31), 0, 1
(5,47), 0, 1
(5,73), 0, 1
(5,77), 0, 1
(5,89), 0, 1
(6,3), 0, 1
(6,12), 0, 1
(6,14), 0, 1
(6,27), 0, 1
(6,31), 0, 1
(6,47), 0, 1
(6,73), 0, 1
(6,89), 0, 1
(7,3), 0, 1
(7,12), 0, 1
(7,14), 0, 1
(7,31), 0, 1
(7,47), 0, 1
(7,73), 0, 1
(7,77), 0, 1
(7,89), 0, 1
(8,11), 0, 1
(8,28), 0, 1
(8,37), 0, 1
(8,38), 0, 1
(8,60), 0, 1
(8,71), 0, 1
(8,90), 0, 1
(9,3), 0, 1
(9,14), 0, 1
(9,31), 0, 1
(9,73), 0, 1
(9,77), 0, 1
(9,89), 0, 1
(10,11), 0, 1
(10,28), 0, 1
(10,37), 0, 1
(10,40), 0, 1
(10,60), 0, 1
(10,71), 0, 1
(10,81), 0, 1
(10,90), 0, 1
(11,3), 0, 1
(11,6), 0, 1
(11,12), 0, 1
(11,14), 0, 1
(11,31), 0, 1
(11,47), 0, 1
(11,73), 0, 1
(11,89), 0, 1
(12,2), 0, 1
(12,3), 0, 1
(12,5), 0, 1
(12,7), 0, 1
(12,8), 0, 1
(12,9), 0, 1
(12,10), 0, 1
(12,11), 0, 1
(12,13), 0, 1
(12,15), 0, 1
(12,16), 0, 1
(12,17), 0, 1
(12,18), 0, 1
(12,19), 0, 1
(12,20), 0, 1
(12,21), 0, 1
(12,22), 0, 1
(12,24), 0, 1
(12,27), 0, 1
(12,28), 0, 1
(12,31), 0, 1
(12,32), 0, 1
(12,34), 0, 1
(12,35), 0, 1
(12,36), 0, 1
(12,37), 0, 1
(12,38), 0, 1
(12,39), 0, 1
(12,40), 0, 1
(12,42), 0, 1
(12,46), 0, 1
(12,47), 0, 1
(12,48), 0, 1
(12,50), 0, 1
(12,51), 0, 1
(12,52), 0, 1
(12,53), 0, 1
(12,54), 0, 1
(12,55), 0, 1
(12,56), 0, 1
(12,58), 0, 1
(12,59), 0, 1
(12,62), 0, 1
(12,63), 0, 1
(12,64), 0, 1
(12,65), 0, 1
(12,66), 0, 1
(12,67), 0, 1
(12,68), 0, 1
(12,69), 0, 1
(12,70), 0, 1
(12,72), 0, 1
(12,73), 0, 1
(12,74), 0, 1
(12,75), 0, 1
(12,76), 0, 1
(12,77), 0, 1
(12,78), 0, 1
(12,81), 0, 1
(12,83), 0, 1
(12,85), 0, 1
(12,86), 0, 1
(12,87), 0, 1
(12,89), 0, 1
(12,91), 0, 1
(13,11), 0, 1
(13,12), 0, 1
(13,28), 0, 1
(13,37), 0, 1
(13,38), 0, 1
(13,60), 0, 1
(13,70), 0, 1
(13,81), 0, 1
(13,90), 0, 1
(14,3), 0, 1
(14,12), 0, 1
(14,31), 0, 1
(14,47), 0, 1
(14,73), 0, 1
(14,77), 0, 1
(14,89), 0, 1
(15,11), 0, 1
(15,28), 0, 1
(15,37), 0, 1
(15,38), 0, 1
(15,60), 0, 1
(15,71), 0, 1
(15,81), 0, 1
(16,3), 0, 1
(16,6), 0, 1
(16,14), 0, 1
(16,31), 0, 1
(16,47), 0, 1
(16,73), 0, 1
(16,89), 0, 1
(17,11), 0, 1
(17,12), 0, 1
(17,28), 0, 1
(17,37), 0, 1
(17,40), 0, 1
(17,60), 0, 1
(17,71), 0, 1
(17,81), 0, 1
(17,90), 0, 1
(18,12), 0, 1
(18,14), 0, 1
(18,31), 0, 1
(18,73), 0, 1
(18,77), 0, 1
(18,89), 0, 1
(19,3), 0, 1
(19,12), 0, 1
(19,14), 0, 1
(19,31), 0, 1
(19,47), 0, 1
(19,73), 0, 1
(19,77), 0, 1
(19,89), 0, 1
(20,11), 0, 1
(20,12), 0, 1
(20,28), 0, 1
(20,37), 0, 1
(20,40), 0, 1
(20,60), 0, 1
(20,90), 0, 1
(21,3), 0, 1
(21,12), 0, 1
(21,14), 0, 1
(21,47), 0, 1
(21,73), 0, 1
(21,89), 0, 1
(22,3), 0, 1
(22,12), 0, 1
(22,14), 0, 1
(22,31), 0, 1
(22,73), 0, 1
(22,77), 0, 1
(22,89), 0, 1
(23,3), 0, 1
(23,6), 0, 1
(23,12), 0, 1
(23,31), 0, 1
(26,3), 0, 1
(26,14), 0, 1
(26,31), 0, 1
(26,47), 0, 1
(26,73), 0, 1
(26,77), 0, 1
(26,89), 0, 1
(27,3), 0, 1
(27,6), 0, 1
(27,14), 0, 1
(27,31), 0, 1
(27,47), 0, 1
(27,73), 0, 1
(27,77), 0, 1
(27,89), 0, 1
(28,12), 0, 1
(28,14), 0, 1
(28,31), 0, 1
(28,47), 0, 1
(28,73), 0, 1
(28,77), 0, 1
(28,89), 0, 1
(29,11), 0, 1
(29,12), 0, 1
(29,28), 0, 1
(29,37), 0, 1
(29,38), 0, 1
(29,40), 0, 1
(29,60), 0, 1
(29,81), 0, 1
(29,90), 0, 1
(30,1), 0, 1
(30,2), 0, 1
(30,3), 0, 1
(30,5), 0, 1
(30,7), 0, 1
(30,8), 0, 1
(30,9), 0, 1
(30,13), 0, 1
(30,15), 0, 1
(30,16), 0, 1
(30,17), 0, 1
(30,19), 0, 1
(30,20), 0, 1
(30,21), 0, 1
(30,22), 0, 1
(30,23), 0, 1
(30,24), 0, 1
(30,28), 0, 1
(30,31), 0, 1
(30,32), 0, 1
(30,33), 0, 1
(30,34), 0, 1
(30,36), 0, 1
(30,37), 0, 1
(30,39), 0, 1
(30,40), 0, 1
(30,41), 0, 1
(30,42), 0, 1
(30,44), 0, 1
(30,46), 0, 1
(30,47), 0, 1
(30,48), 0, 1
(30,50), 0, 1
(30,51), 0, 1
(30,52), 0, 1
(30,53), 0, 1
(30,55), 0, 1
(30,56), 0, 1
(30,58), 0, 1
(30,59), 0, 1
(30,60), 0, 1
(30,61), 0, 1
(30,62), 0, 1
(30,63), 0, 1
(30,64), 0, 1
(30,65), 0, 1
(30,66), 0, 1
(30,67), 0, 1
(30,68), 0, 1
(30,69), 0, 1
(30,71), 0, 1
(30,72), 0, 1
(30,73), 0, 1
(30,74), 0, 1
(30,75), 0, 1
(30,76), 0, 1
(30,77), 0, 1
(30,78), 0, 1
(30,79), 0, 1
(30,83), 0, 1
(30,85), 0, 1
(30,86), 0, 1
(30,87), 0, 1
(30,89), 0, 1
(30,91), 0, 1
(31,11), 0, 1
(31,12), 0, 1
(31,28), 0, 1
(31,37), 0, 1
(31,38), 0, 1
(31,40), 0, 1
(31,60), 0, 1
(31,81), 0, 1
(31,90), 0, 1
(32,3), 0, 1
(32,12), 0, 1
(32,27), 0, 1
(32,31), 0, 1
(32,47), 0, 1
(32,73), 0, 1
(32,77), 0, 1
(32,89), 0, 1
(33,1), 0, 1
(33,2), 0, 1
(33,3), 0, 1
(33,5), 0, 1
(33,8), 0, 1
(33,9), 0, 1
(33,10), 0, 1
(33,11), 0, 1
(33,13), 0, 1
(33,15), 0, 1
(33,16), 0, 1
(33,17), 0, 1
(33,19), 0, 1
(33,20), 0, 1
(33,21), 0, 1
(33,24), 0, 1
(33,28), 0, 1
(33,31), 0, 1
(33,32), 0, 1
(33,34), 0, 1
(33,36), 0, 1
(33,37), 0, 1
(33,38), 0, 1
(33,39), 0, 1
(33,40), 0, 1
(33,41), 0, 1
(33,44), 0, 1
(33,46), 0, 1
(33,47), 0, 1
(33,49), 0, 1
(33,50), 0, 1
(33,51), 0, 1
(33,52), 0, 1
(33,53), 0, 1
(33,55), 0, 1
(33,56), 0, 1
(33,58), 0, 1
(33,59), 0, 1
(33,60), 0, 1
(33,61), 0, 1
(33,62), 0, 1
(33,63), 0, 1
(33,64), 0, 1
(33,65), 0, 1
(33,66), 0, 1
(33,67), 0, 1
(33,68), 0, 1
(33,69), 0, 1
(33,71), 0, 1
(33,72), 0, 1
(33,73), 0, 1
(33,74), 0, 1
(33,75), 0, 1
(33,76), 0, 1
(33,79), 0, 1
(33,81), 0, 1
(33,83), 0, 1
(33,85), 0, 1
(33,86), 0, 1
(33,87), 0, 1
(33,88), 0, 1
(33,89), 0, 1
(33,90), 0, 1
(34,3), 0, 1
(34,14), 0, 1
(34,31), 0, 1
(34,47), 0, 1
(34,73), 0, 1
(34,77), 0, 1
(34,89), 0, 1
(35,1), 0, 1
(35,2), 0, 1
(35,5), 0, 1
(35,7), 0, 1
(35,8), 0, 1
(35,9), 0, 1
(35,10), 0, 1
(35,11), 0, 1
(35,13), 0, 1
(35,14), 0, 1
(35,15), 0, 1
(35,16), 0, 1
(35,17), 0, 1
(35,19), 0, 1
(35,20), 0, 1
(35,21), 0, 1
(35,22), 0, 1
(35,23), 0, 1
(35,24), 0, 1
(35,28), 0, 1
(35,31), 0, 1
(35,32), 0, 1
(35,33), 0, 1
(35,34), 0, 1
(35,36), 0, 1
(35,37), 0, 1
(35,38), 0, 1
(35,39), 0, 1
(35,41), 0, 1
(35,42), 0, 1
(35,44), 0, 1
(35,47), 0, 1
(35,48), 0, 1
(35,50), 0, 1
(35,51), 0, 1
(35,52), 0, 1
(35,53), 0, 1
(35,56), 0, 1
(35,58), 0, 1
(35,59), 0, 1
(35,60), 0, 1
(35,61), 0, 1
(35,62), 0, 1
(35,63), 0, 1
(35,65), 0, 1
(35,66), 0, 1
(35,67), 0, 1
(35,68), 0, 1
(35,69), 0, 1
(35,70), 0, 1
(35,71), 0, 1
(35,72), 0, 1
(35,73), 0, 1
(35,74), 0, 1
(35,75), 0, 1
(35,76), 0, 1
(35,77), 0, 1
(35,78), 0, 1
(35,79), 0, 1
(35,81), 0, 1
(35,83), 0, 1
(35,85), 0, 1
(35,86), 0, 1
(35,87), 0, 1
(35,89), 0, 1
(35,90), 0, 1
(35,91), 0, 1
(36,3), 0, 1
(36,6), 0, 1
(36,12), 0, 1
(36,14), 0, 1
(36,31), 0, 1
(36,47), 0, 1
(36,73), 0, 1
(36,77), 0, 1
(36,89), 0, 1
(37,3), 0, 1
(37,14), 0, 1
(37,31), 0, 1
(37,47), 0, 1
(37,73), 0, 1
(37,89), 0, 1
(38,3), 0, 1
(38,31), 0, 1
(38,47), 0, 1
(38,73), 0, 1
(38,77), 0, 1
(38,89), 0, 1
(39,3), 0, 1
(39,31), 0, 1
(39,47), 0, 1
(39,73), 0, 1
(39,77), 0, 1
(39,89), 0, 1
(40,12), 0, 1
(41,3), 0, 1
(41,14), 0, 1
(41,31), 0, 1
(41,47), 0, 1
(41,73), 0, 1
(41,89), 0, 1
(42,11), 0, 1
(42,28), 0, 1
(42,37), 0, 1
(42,38), 0, 1
(42,40), 0, 1
(42,60), 0, 1
(42,71), 0, 1
(42,81), 0, 1
(42,90), 0, 1
(43,2), 0, 1
(43,3), 0, 1
(43,5), 0, 1
(43,7), 0, 1
(43,9), 0, 1
(43,11), 0, 1
(43,12), 0, 1
(43,13), 0, 1
(43,14), 0, 1
(43,15), 0, 1
(43,16), 0, 1
(43,17), 0, 1
(43,19), 0, 1
(43,20), 0, 1
(43,21), 0, 1
(43,22), 0, 1
(43,23), 0, 1
(43,24), 0, 1
(43,28), 0, 1
(43,31), 0, 1
(43,32), 0, 1
(43,34), 0, 1
(43,36), 0, 1
(43,37), 0, 1
(43,39), 0, 1
(43,41), 0, 1
(43,42), 0, 1
(43,44), 0, 1
(43,46), 0, 1
(43,47), 0, 1
(43,48), 0, 1
(43,50), 0, 1
(43,51), 0, 1
(43,52), 0, 1
(43,53), 0, 1
(43,55), 0, 1
(43,56), 0, 1
(43,58), 0, 1
(43,59), 0, 1
(43,62), 0, 1
(43,63), 0, 1
(43,64), 0, 1
(43,65), 0, 1
(43,66), 0, 1
(43,67), 0, 1
(43,68), 0, 1
(43,69), 0, 1
(43,71), 0, 1
(43,72), 0, 1
(43,73), 0, 1
(43,74), 0, 1
(43,75), 0, 1
(43,76), 0, 1
(43,77), 0, 1
(43,78), 0, 1
(43,79), 0, 1
(43,83), 0, 1
(43,86), 0, 1
(43,87), 0, 1
(43,89), 0, 1
(44,3), 0, 1
(44,12), 0, 1
(44,14), 0, 1
(44,31), 0, 1
(44,73), 0, 1
(44,77), 0, 1
(44,89), 0, 1
(45,1), 0, 1
(45,2), 0, 1
(45,3), 0, 1
(45,5), 0, 1
(45,7), 0, 1
(45,8), 0, 1
(45,9), 0, 1
(45,11), 0, 1
(45,12), 0, 1
(45,13), 0, 1
(45,14), 0, 1
(45,15), 0, 1
(45,16), 0, 1
(45,17), 0, 1
(45,19), 0, 1
(45,20), 0, 1
(45,21), 0, 1
(45,22), 0, 1
(45,24), 0, 1
(45,27), 0, 1
(45,28), 0, 1
(45,31), 0, 1
(45,32), 0, 1
(45,33), 0, 1
(45,34), 0, 1
(45,36), 0, 1
(45,37), 0, 1
(45,39), 0, 1
(45,41), 0, 1
(45,42), 0, 1
(45,44), 0, 1
(45,47), 0, 1
(45,50), 0, 1
(45,51), 0, 1
(45,52), 0, 1
(45,53), 0, 1
(45,55), 0, 1
(45,56), 0, 1
(45,58), 0, 1
(45,59), 0, 1
(45,60), 0, 1
(45,61), 0, 1
(45,62), 0, 1
(45,63), 0, 1
(45,64), 0, 1
(45,65), 0, 1
(45,66), 0, 1
(45,67), 0, 1
(45,68), 0, 1
(45,69), 0, 1
(45,71), 0, 1
(45,73), 0, 1
(45,74), 0, 1
(45,75), 0, 1
(45,76), 0, 1
(45,77), 0, 1
(45,78), 0, 1
(45,79), 0, 1
(45,82), 0, 1
(45,83), 0, 1
(45,86), 0, 1
(45,87), 0, 1
(45,89), 0, 1
(45,91), 0, 1
(46,3), 0, 1
(46,12), 0, 1
(46,27), 0, 1
(46,31), 0, 1
(46,73), 0, 1
(46,77), 0, 1
(46,89), 0, 1
(47,1), 0, 1
(47,2), 0, 1
(47,3), 0, 1
(47,5), 0, 1
(47,7), 0, 1
(47,8), 0, 1
(47,9), 0, 1
(47,11), 0, 1
(47,12), 0, 1
(47,13), 0, 1
(47,15), 0, 1
(47,16), 0, 1
(47,17), 0, 1
(47,19), 0, 1
(47,20), 0, 1
(47,21), 0, 1
(47,22), 0, 1
(47,23), 0, 1
(47,24), 0, 1
(47,28), 0, 1
(47,31), 0, 1
(47,32), 0, 1
(47,33), 0, 1
(47,34), 0, 1
(47,36), 0, 1
(47,37), 0, 1
(47,38), 0, 1
(47,40), 0, 1
(47,41), 0, 1
(47,42), 0, 1
(47,44), 0, 1
(47,46), 0, 1
(47,48), 0, 1
(47,50), 0, 1
(47,51), 0, 1
(47,52), 0, 1
(47,53), 0, 1
(47,55), 0, 1
(47,56), 0, 1
(47,57), 0, 1
(47,58), 0, 1
(47,59), 0, 1
(47,60), 0, 1
(47,61), 0, 1
(47,62), 0, 1
(47,63), 0, 1
(47,64), 0, 1
(47,65), 0, 1
(47,66), 0, 1
(47,68), 0, 1
(47,69), 0, 1
(47,71), 0, 1
(47,72), 0, 1
(47,73), 0, 1
(47,74), 0, 1
(47,75), 0, 1
(47,76), 0, 1
(47,77), 0, 1
(47,78), 0, 1
(47,79), 0, 1
(47,81), 0, 1
(47,83), 0, 1
(47,85), 0, 1
(47,86), 0, 1
(47,87), 0, 1
(47,89), 0, 1
(47,90), 0, 1
(47,91), 0, 1
(48,3), 0, 1
(48,6), 0, 1
(48,12), 0, 1
(48,31), 0, 1
(48,47), 0, 1
(48,73), 0, 1
(48,77), 0, 1
(48,89), 0, 1
(49,11), 0, 1
(49,12), 0, 1
(49,28), 0, 1
(49,37), 0, 1
(49,40), 0, 1
(49,60), 0, 1
(49,71), 0, 1
(49,81), 0, 1
(50,12), 0, 1
(51,11), 0, 1
(51,12), 0, 1
(51,28), 0, 1
(51,37), 0, 1
(51,38), 0, 1
(51,40), 0, 1
(51,60), 0, 1
(51,71), 0, 1
(51,81), 0, 1
(52,11), 0, 1
(52,28), 0, 1
(52,37), 0, 1
(52,38), 0, 1
(52,40), 0, 1
(52,60), 0, 1
(52,71), 0, 1
(52,90), 0, 1
(53,3), 0, 1
(53,12), 0, 1
(53,31), 0, 1
(53,47), 0, 1
(53,73), 0, 1
(53,89), 0, 1
(54,1), 0, 1
(54,2), 0, 1
(54,3), 0, 1
(54,5), 0, 1
(54,7), 0, 1
(54,8), 0, 1
(54,9), 0, 1
(54,10), 0, 1
(54,11), 0, 1
(54,12), 0, 1
(54,13), 0, 1
(54,15), 0, 1
(54,16), 0, 1
(54,17), 0, 1
(54,19), 0, 1
(54,20), 0, 1
(54,21), 0, 1
(54,22), 0, 1
(54,23), 0, 1
(54,24), 0, 1
(54,25), 0, 1
(54,28), 0, 1
(54,31), 0, 1
(54,32), 0, 1
(54,33), 0, 1
(54,34), 0, 1
(54,36), 0, 1
(54,37), 0, 1
(54,38), 0, 1
(54,39), 0, 1
(54,40), 0, 1
(54,41), 0, 1
(54,42), 0, 1
(54,43), 0, 1
(54,44), 0, 1
(54,46), 0, 1
(54,47), 0, 1
(54,48), 0, 1
(54,50), 0, 1
(54,51), 0, 1
(54,52), 0, 1
(54,53), 0, 1
(54,55), 0, 1
(54,56), 0, 1
(54,58), 0, 1
(54,59), 0, 1
(54,60), 0, 1
(54,61), 0, 1
(54,62), 0, 1
(54,63), 0, 1
(54,64), 0, 1
(54,65), 0, 1
(54,66), 0, 1
(54,67), 0, 1
(54,68), 0, 1
(54,71), 0, 1
(54,72), 0, 1
(54,73), 0, 1
(54,74), 0, 1
(54,75), 0, 1
(54,76), 0, 1
(54,77), 0, 1
(54,78), 0, 1
(54,79), 0, 1
(54,81), 0, 1
(54,82), 0, 1
(54,83), 0, 1
(54,86), 0, 1
(54,87), 0, 1
(54,89), 0, 1
(54,90), 0, 1
(54,91), 0, 1
(55,11), 0, 1
(55,28), 0, 1
(55,37), 0, 1
(55,38), 0, 1
(55,40), 0, 1
(55,60), 0, 1
(55,71), 0, 1
(55,90), 0, 1
(56,3), 0, 1
(56,12), 0, 1
(56,31), 0, 1
(56,47), 0, 1
(56,73), 0, 1
(56,77), 0, 1
(56,89), 0, 1
(57,3), 0, 1
(57,14), 0, 1
(57,77), 0, 1
(57,89), 0, 1
(58,3), 0, 1
(58,12), 0, 1
(58,14), 0, 1
(58,31), 0, 1
(58,47), 0, 1
(58,73), 0, 1
(58,89), 0, 1
(59,3), 0, 1
(59,14), 0, 1
(59,31), 0, 1
(59,77), 0, 1
(59,89), 0, 1
(60,3), 0, 1
(60,12), 0, 1
(60,31), 0, 1
(60,47), 0, 1
(60,73), 0, 1
(60,89), 0, 1
(61,3), 0, 1
(61,12), 0, 1
(61,31), 0, 1
(61,47), 0, 1
(61,73), 0, 1
(61,77), 0, 1
(61,89), 0, 1
(62,3), 0, 1
(62,6), 0, 1
(62,47), 0, 1
(62,73), 0, 1
(62,77), 0, 1
(62,89), 0, 1
(63,3), 0, 1
(63,12), 0, 1
(63,31), 0, 1
(63,47), 0, 1
(63,73), 0, 1
(63,89), 0, 1
(64,3), 0, 1
(64,31), 0, 1
(64,47), 0, 1
(64,73), 0, 1
(64,77), 0, 1
(64,89), 0, 1
(65,3), 0, 1
(65,12), 0, 1
(65,14), 0, 1
(65,31), 0, 1
(65,47), 0, 1
(65,73), 0, 1
(65,89), 0, 1
(66,3), 0, 1
(66,12), 0, 1
(66,31), 0, 1
(66,47), 0, 1
(66,73), 0, 1
(66,77), 0, 1
(66,89), 0, 1
(67,3), 0, 1
(67,12), 0, 1
(67,14), 0, 1
(67,31), 0, 1
(67,73), 0, 1
(67,77), 0, 1
(67,89), 0, 1
(68,11), 0, 1
(68,12), 0, 1
(68,28), 0, 1
(68,37), 0, 1
(68,38), 0, 1
(68,40), 0, 1
(68,71), 0, 1
(68,81), 0, 1
(69,3), 0, 1
(69,12), 0, 1
(69,14), 0, 1
(69,73), 0, 1
(69,77), 0, 1
(69,89), 0, 1
(70,0), 0, 1
(70,1), 0, 1
(70,2), 0, 1
(70,3), 0, 1
(70,5), 0, 1
(70,7), 0, 1
(70,8), 0, 1
(70,9), 0, 1
(70,10), 0, 1
(70,12), 0, 1
(70,13), 0, 1
(70,14), 0, 1
(70,15), 0, 1
(70,17), 0, 1
(70,18), 0, 1
(70,19), 0, 1
(70,20), 0, 1
(70,21), 0, 1
(70,22), 0, 1
(70,23), 0, 1
(70,24), 0, 1
(70,26), 0, 1
(70,28), 0, 1
(70,31), 0, 1
(70,32), 0, 1
(70,33), 0, 1
(70,34), 0, 1
(70,36), 0, 1
(70,37), 0, 1
(70,38), 0, 1
(70,39), 0, 1
(70,40), 0, 1
(70,41), 0, 1
(70,42), 0, 1
(70,44), 0, 1
(70,46), 0, 1
(70,48), 0, 1
(70,50), 0, 1
(70,51), 0, 1
(70,52), 0, 1
(70,53), 0, 1
(70,55), 0, 1
(70,56), 0, 1
(70,57), 0, 1
(70,58), 0, 1
(70,59), 0, 1
(70,60), 0, 1
(70,61), 0, 1
(70,62), 0, 1
(70,63), 0, 1
(70,64), 0, 1
(70,66), 0, 1
(70,67), 0, 1
(70,68), 0, 1
(70,69), 0, 1
(70,72), 0, 1
(70,73), 0, 1
(70,74), 0, 1
(70,75), 0, 1
(70,76), 0, 1
(70,78), 0, 1
(70,79), 0, 1
(70,83), 0, 1
(70,84), 0, 1
(70,85), 0, 1
(70,86), 0, 1
(70,87), 0, 1
(70,89), 0, 1
(70,90), 0, 1
(70,91), 0, 1
(71,3), 0, 1
(71,14), 0, 1
(71,31), 0, 1
(71,73), 0, 1
(71,77), 0, 1
(71,89), 0, 1
(72,11), 0, 1
(72,12), 0, 1
(72,28), 0, 1
(72,37), 0, 1
(72,38), 0, 1
(72,40), 0, 1
(72,60), 0, 1
(72,71), 0, 1
(72,81), 0, 1
(72,90), 0, 1
(73,0), 0, 1
(73,2), 0, 1
(73,3), 0, 1
(73,5), 0, 1
(73,7), 0, 1
(73,8), 0, 1
(73,9), 0, 1
(73,10), 0, 1
(73,11), 0, 1
(73,12), 0, 1
(73,13), 0, 1
(73,14), 0, 1
(73,16), 0, 1
(73,17), 0, 1
(73,19), 0, 1
(73,21), 0, 1
(73,22), 0, 1
(73,28), 0, 1
(73,29), 0, 1
(73,31), 0, 1
(73,32), 0, 1
(73,33), 0, 1
(73,34), 0, 1
(73,36), 0, 1
(73,37), 0, 1
(73,38), 0, 1
(73,39), 0, 1
(73,41), 0, 1
(73,42), 0, 1
(73,44), 0, 1
(73,46), 0, 1
(73,47), 0, 1
(73,48), 0, 1
(73,50), 0, 1
(73,51), 0, 1
(73,53), 0, 1
(73,56), 0, 1
(73,58), 0, 1
(73,59), 0, 1
(73,60), 0, 1
(73,61), 0, 1
(73,62), 0, 1
(73,63), 0, 1
(73,64), 0, 1
(73,65), 0, 1
(73,66), 0, 1
(73,67), 0, 1
(73,68), 0, 1
(73,69), 0, 1
(73,71), 0, 1
(73,72), 0, 1
(73,74), 0, 1
(73,75), 0, 1
(73,76), 0, 1
(73,78), 0, 1
(73,79), 0, 1
(73,83), 0, 1
(73,86), 0, 1
(73,87), 0, 1
(73,89), 0, 1
(73,91), 0, 1
(74,3), 0, 1
(74,12), 0, 1
(74,14), 0, 1
(74,47), 0, 1
(74,73), 0, 1
(74,77), 0, 1
(74,89), 0, 1
(75,11), 0, 1
(75,12), 0, 1
(75,28), 0, 1
(75,37), 0, 1
(75,38), 0, 1
(75,60), 0, 1
(75,70), 0, 1
(75,71), 0, 1
(75,81), 0, 1
(75,90), 0, 1
(76,11), 0, 1
(76,12), 0, 1
(76,28), 0, 1
(76,37), 0, 1
(76,38), 0, 1
(76,40), 0, 1
(76,60), 0, 1
(76,71), 0, 1
(76,81), 0, 1
(77,1), 0, 1
(77,2), 0, 1
(77,3), 0, 1
(77,5), 0, 1
(77,8), 0, 1
(77,9), 0, 1
(77,10), 0, 1
(77,11), 0, 1
(77,12), 0, 1
(77,13), 0, 1
(77,14), 0, 1
(77,15), 0, 1
(77,16), 0, 1
(77,17), 0, 1
(77,19), 0, 1
(77,20), 0, 1
(77,21), 0, 1
(77,22), 0, 1
(77,23), 0, 1
(77,24), 0, 1
(77,28), 0, 1
(77,30), 0, 1
(77,31), 0, 1
(77,32), 0, 1
(77,33), 0, 1
(77,34), 0, 1
(77,37), 0, 1
(77,38), 0, 1
(77,39), 0, 1
(77,40), 0, 1
(77,41), 0, 1
(77,42), 0, 1
(77,44), 0, 1
(77,46), 0, 1
(77,49), 0, 1
(77,50), 0, 1
(77,51), 0, 1
(77,52), 0, 1
(77,53), 0, 1
(77,55), 0, 1
(77,56), 0, 1
(77,58), 0, 1
(77,59), 0, 1
(77,60), 0, 1
(77,61), 0, 1
(77,62), 0, 1
(77,63), 0, 1
(77,64), 0, 1
(77,65), 0, 1
(77,66), 0, 1
(77,67), 0, 1
(77,68), 0, 1
(77,69), 0, 1
(77,71), 0, 1
(77,72), 0, 1
(77,73), 0, 1
(77,74), 0, 1
(77,75), 0, 1
(77,76), 0, 1
(77,78), 0, 1
(77,79), 0, 1
(77,81), 0, 1
(77,83), 0, 1
(77,86), 0, 1
(77,87), 0, 1
(77,89), 0, 1
(77,91), 0, 1
(78,3), 0, 1
(78,6), 0, 1
(78,12), 0, 1
(78,31), 0, 1
(78,47), 0, 1
(78,73), 0, 1
(78,77), 0, 1
(78,89), 0, 1
(79,11), 0, 1
(79,28), 0, 1
(79,37), 0, 1
(79,40), 0, 1
(79,60), 0, 1
(79,81), 0, 1
(79,90), 0, 1
(80,3), 0, 1
(80,6), 0, 1
(80,12), 0, 1
(80,14), 0, 1
(80,31), 0, 1
(80,73), 0, 1
(80,77), 0, 1
(80,89), 0, 1
(81,3), 0, 1
(81,12), 0, 1
(81,14), 0, 1
(81,31), 0, 1
(81,47), 0, 1
(81,73), 0, 1
(81,77), 0, 1
(81,89), 0, 1
(82,1), 0, 1
(82,3), 0, 1
(82,5), 0, 1
(82,8), 0, 1
(82,9), 0, 1
(82,10), 0, 1
(82,11), 0, 1
(82,12), 0, 1
(82,13), 0, 1
(82,17), 0, 1
(82,19), 0, 1
(82,20), 0, 1
(82,21), 0, 1
(82,22), 0, 1
(82,23), 0, 1
(82,24), 0, 1
(82,28), 0, 1
(82,31), 0, 1
(82,32), 0, 1
(82,33), 0, 1
(82,34), 0, 1
(82,36), 0, 1
(82,37), 0, 1
(82,38), 0, 1
(82,39), 0, 1
(82,40), 0, 1
(82,41), 0, 1
(82,42), 0, 1
(82,44), 0, 1
(82,46), 0, 1
(82,48), 0, 1
(82,50), 0, 1
(82,52), 0, 1
(82,53), 0, 1
(82,55), 0, 1
(82,58), 0, 1
(82,59), 0, 1
(82,60), 0, 1
(82,62), 0, 1
(82,63), 0, 1
(82,64), 0, 1
(82,66), 0, 1
(82,67), 0, 1
(82,68), 0, 1
(82,69), 0, 1
(82,72), 0, 1
(82,73), 0, 1
(82,74), 0, 1
(82,75), 0, 1
(82,76), 0, 1
(82,77), 0, 1
(82,78), 0, 1
(82,79), 0, 1
(82,81), 0, 1
(82,83), 0, 1
(82,85), 0, 1
(82,86), 0, 1
(82,89), 0, 1
(82,90), 0, 1
(82,91), 0, 1
(83,1), 0, 1
(83,2), 0, 1
(83,3), 0, 1
(83,7), 0, 1
(83,9), 0, 1
(83,10), 0, 1
(83,11), 0, 1
(83,12), 0, 1
(83,13), 0, 1
(83,14), 0, 1
(83,16), 0, 1
(83,19), 0, 1
(83,20), 0, 1
(83,21), 0, 1
(83,22), 0, 1
(83,24), 0, 1
(83,26), 0, 1
(83,28), 0, 1
(83,31), 0, 1
(83,32), 0, 1
(83,33), 0, 1
(83,36), 0, 1
(83,38), 0, 1
(83,39), 0, 1
(83,40), 0, 1
(83,41), 0, 1
(83,42), 0, 1
(83,44), 0, 1
(83,46), 0, 1
(83,47), 0, 1
(83,48), 0, 1
(83,50), 0, 1
(83,51), 0, 1
(83,52), 0, 1
(83,56), 0, 1
(83,58), 0, 1
(83,59), 0, 1
(83,60), 0, 1
(83,61), 0, 1
(83,62), 0, 1
(83,63), 0, 1
(83,66), 0, 1
(83,67), 0, 1
(83,68), 0, 1
(83,69), 0, 1
(83,72), 0, 1
(83,73), 0, 1
(83,74), 0, 1
(83,75), 0, 1
(83,76), 0, 1
(83,77), 0, 1
(83,78), 0, 1
(83,79), 0, 1
(83,81), 0, 1
(83,85), 0, 1
(83,86), 0, 1
(83,87), 0, 1
(83,89), 0, 1
(83,90), 0, 1
(83,91), 0, 1
(84,12), 0, 1
(84,31), 0, 1
(84,47), 0, 1
(84,73), 0, 1
(84,77), 0, 1
(84,89), 0, 1
(85,3), 0, 1
(85,12), 0, 1
(85,31), 0, 1
(85,47), 0, 1
(85,73), 0, 1
(85,77), 0, 1
(85,89), 0, 1
(86,3), 0, 1
(86,12), 0, 1
(86,31), 0, 1
(86,47), 0, 1
(86,73), 0, 1
(86,89), 0, 1
(87,11), 0, 1
(87,28), 0, 1
(87,38), 0, 1
(87,81), 0, 1
(87,90), 0, 1
(88,3), 0, 1
(88,12), 0, 1
(88,14), 0, 1
(88,31), 0, 1
(88,47), 0, 1
(88,73), 0, 1
(88,77), 0, 1
(88,89), 0, 1
(89,12), 0, 1
(90,12), 0, 1
(91,3), 0, 1
(91,12), 0, 1
(91,14), 0, 1
(91,31), 0, 1
(91,47), 0, 1
(91,73), 0, 1
(91,77), 0, 1
(91,89), 0, 1
(92,12), 0, 1
(93,1), 0, 1
(93,2), 0, 1
(93,3), 0, 1
(93,5), 0, 1
(93,8), 0, 1
(93,9), 0, 1
(93,10), 0, 1
(93,11), 0, 1
(93,13), 0, 1
(93,14), 0, 1
(93,15), 0, 1
(93,16), 0, 1
(93,17), 0, 1
(93,19), 0, 1
(93,20), 0, 1
(93,21), 0, 1
(93,22), 0, 1
(93,23), 0, 1
(93,24), 0, 1
(93,25), 0, 1
(93,28), 0, 1
(93,31), 0, 1
(93,32), 0, 1
(93,33), 0, 1
(93,34), 0, 1
(93,36), 0, 1
(93,37), 0, 1
(93,39), 0, 1
(93,42), 0, 1
(93,46), 0, 1
(93,48), 0, 1
(93,50), 0, 1
(93,51), 0, 1
(93,52), 0, 1
(93,53), 0, 1
(93,55), 0, 1
(93,57), 0, 1
(93,58), 0, 1
(93,59), 0, 1
(93,60), 0, 1
(93,62), 0, 1
(93,64), 0, 1
(93,65), 0, 1
(93,66), 0, 1
(93,67), 0, 1
(93,68), 0, 1
(93,69), 0, 1
(93,72), 0, 1
(93,73), 0, 1
(93,74), 0, 1
(93,75), 0, 1
(93,76), 0, 1
(93,77), 0, 1
(93,78), 0, 1
(93,79), 0, 1
(93,81), 0, 1
(93,83), 0, 1
(93,86), 0, 1
(93,87), 0, 1
(93,89), 0, 1
(93,90), 0, 1
(93,91), 0, 1
(93,92), 0, 1
(94,1), 0, 1
(94,2), 0, 1
(94,3), 0, 1
(94,5), 0, 1
(94,7), 0, 1
(94,8), 0, 1
(94,9), 0, 1
(94,10), 0, 1
(94,11), 0, 1
(94,12), 0, 1
(94,13), 0, 1
(94,14), 0, 1
(94,15), 0, 1
(94,16), 0, 1
(94,17), 0, 1
(94,19), 0, 1
(94,20), 0, 1
(94,21), 0, 1
(94,28), 0, 1
(94,32), 0, 1
(94,33), 0, 1
(94,34), 0, 1
(94,36), 0, 1
(94,37), 0, 1
(94,38), 0, 1
(94,39), 0, 1
(94,40), 0, 1
(94,41), 0, 1
(94,42), 0, 1
(94,44), 0, 1
(94,46), 0, 1
(94,47), 0, 1
(94,48), 0, 1
(94,50), 0, 1
(94,51), 0, 1
(94,52), 0, 1
(94,53), 0, 1
(94,55), 0, 1
(94,56), 0, 1
(94,58), 0, 1
(94,59), 0, 1
(94,60), 0, 1
(94,61), 0, 1
(94,62), 0, 1
(94,64), 0, 1
(94,65), 0, 1
(94,66), 0, 1
(94,67), 0, 1
(94,68), 0, 1
(94,69), 0, 1
(94,71), 0, 1
(94,73), 0, 1
(94,74), 0, 1
(94,75), 0, 1
(94,76), 0, 1
(94,77), 0, 1
(94,78), 0, 1
(94,79), 0, 1
(94,82), 0, 1
(94,83), 0, 1
(94,85), 0, 1
(94,86), 0, 1
(94,87), 0, 1
(94,89), 0, 1
(94,90), 0, 1
(94,91), 0, 1
(95,3), 0, 1
(95,6), 0, 1
(95,12), 0, 1
(95,31), 0, 1
(95,47), 0, 1
(95,73), 0, 1
(95,89), 0, 1
(96,11), 0, 1
(96,28), 0, 1
(96,37), 0, 1
(96,40), 0, 1
(96,60), 0, 1
(96,81), 0, 1
(96,90), 0, 1
(97,2), 0, 1
(97,3), 0, 1
(97,5), 0, 1
(97,8), 0, 1
(97,9), 0, 1
(97,10), 0, 1
(97,11), 0, 1
(97,12), 0, 1
(97,13), 0, 1
(97,14), 0, 1
(97,15), 0, 1
(97,16), 0, 1
(97,17), 0, 1
(97,19), 0, 1
(97,20), 0, 1
(97,21), 0, 1
(97,22), 0, 1
(97,23), 0, 1
(97,24), 0, 1
(97,25), 0, 1
(97,28), 0, 1
(97,29), 0, 1
(97,31), 0, 1
(97,32), 0, 1
(97,33), 0, 1
(97,34), 0, 1
(97,36), 0, 1
(97,37), 0, 1
(97,39), 0, 1
(97,40), 0, 1
(97,41), 0, 1
(97,42), 0, 1
(97,44), 0, 1
(97,46), 0, 1
(97,47), 0, 1
(97,48), 0, 1
(97,50), 0, 1
(97,51), 0, 1
(97,52), 0, 1
(97,53), 0, 1
(97,55), 0, 1
(97,58), 0, 1
(97,59), 0, 1
(97,61), 0, 1
(97,62), 0, 1
(97,63), 0, 1
(97,64), 0, 1
(97,65), 0, 1
(97,66), 0, 1
(97,68), 0, 1
(97,69), 0, 1
(97,71), 0, 1
(97,72), 0, 1
(97,73), 0, 1
(97,74), 0, 1
(97,75), 0, 1
(97,76), 0, 1
(97,77), 0, 1
(97,78), 0, 1
(97,79), 0, 1
(97,81), 0, 1
(97,83), 0, 1
(97,85), 0, 1
(97,86), 0, 1
(97,87), 0, 1
(97,89), 0, 1
(97,90), 0, 1
(97,91), 0, 1
(98,11), 0, 1
(98,12), 0, 1
(98,28), 0, 1
(98,37), 0, 1
(98,38), 0, 1
(98,40), 0, 1
(98,60), 0, 1
(99,11), 0, 1
(99,28), 0, 1
(99,37), 0, 1
(99,38), 0, 1
(99,40), 0, 1
(99,60), 0, 1
(99,70), 0, 1
(99,71), 0, 1
