Nr_Pairs = 94
Nr_NDD = 6
Nr_Arcs = 2369
0	0.925
1	0.32499999999999996
2	0.05
3	0.32499999999999996
4	0.05
5	0.05
6	0.925
7	0.2875000000000001
8	0.05
9	0.2875000000000001
10	0.1
11	0.05
12	0.05
13	0.05
14	0.2875000000000001
15	0.05
16	0.05
17	0.925
18	0.1
19	0.05
20	0.05
21	0.2875000000000001
22	0.05
23	0.9
24	0.32499999999999996
25	0.1
26	0.2875000000000001
27	0.2875000000000001
28	0.9
29	0.2875000000000001
30	0.1
31	0.05
32	0.9
33	0.9
34	0.2875000000000001
35	0.2875000000000001
36	0.1
37	0.1
38	0.2875000000000001
39	0.05
40	0.9
41	0.05
42	0.05
43	0.2875000000000001
44	0.05
45	0.05
46	0.05
47	0.32499999999999996
48	0.05
49	0.1
50	0.1
51	0.05
52	0.05
53	0.05
54	0.05
55	0.05
56	0.2875000000000001
57	0.2875000000000001
58	0.32499999999999996
59	0.05
60	0.05
61	0.9
62	0.9
63	0.2875000000000001
64	0.32499999999999996
65	0.1
66	0.1
67	0.925
68	0.925
69	0.05
70	0.05
71	0.05
72	0.2875000000000001
73	0.05
74	0.1
75	0.1
76	0.05
77	0.05
78	0.32499999999999996
79	0.05
80	0.05
81	0.05
82	0.05
83	0.2875000000000001
84	0.05
85	0.2875000000000001
86	0.05
87	0.05
88	0.1
89	0.05
90	0.05
91	0.2875000000000001
92	0.05
93	0.05
94	0.0
95	0.0
96	0.0
97	0.0
98	0.0
99	0.0
(0,9), 0, 1
(0,31), 0, 1
(0,49), 0, 1
(0,50), 0, 1
(0,61), 0, 1
(0,79), 0, 1
(1,2), 0, 1
(1,3), 0, 1
(1,5), 0, 1
(1,7), 0, 1
(1,8), 0, 1
(1,9), 0, 1
(1,10), 0, 1
(1,11), 0, 1
(1,12), 0, 1
(1,13), 0, 1
(1,15), 0, 1
(1,16), 0, 1
(1,18), 0, 1
(1,19), 0, 1
(1,20), 0, 1
(1,22), 0, 1
(1,24), 0, 1
(1,25), 0, 1
(1,26), 0, 1
(1,29), 0, 1
(1,30), 0, 1
(1,31), 0, 1
(1,33), 0, 1
(1,34), 0, 1
(1,35), 0, 1
(1,36), 0, 1
(1,38), 0, 1
(1,39), 0, 1
(1,41), 0, 1
(1,42), 0, 1
(1,43), 0, 1
(1,44), 0, 1
(1,45), 0, 1
(1,46), 0, 1
(1,48), 0, 1
(1,49), 0, 1
(1,50), 0, 1
(1,51), 0, 1
(1,53), 0, 1
(1,54), 0, 1
(1,55), 0, 1
(1,56), 0, 1
(1,57), 0, 1
(1,59), 0, 1
(1,60), 0, 1
(1,63), 0, 1
(1,64), 0, 1
(1,65), 0, 1
(1,66), 0, 1
(1,69), 0, 1
(1,70), 0, 1
(1,71), 0, 1
(1,73), 0, 1
(1,74), 0, 1
(1,75), 0, 1
(1,76), 0, 1
(1,77), 0, 1
(1,78), 0, 1
(1,79), 0, 1
(1,80), 0, 1
(1,82), 0, 1
(1,84), 0, 1
(1,85), 0, 1
(1,87), 0, 1
(1,88), 0, 1
(1,89), 0, 1
(1,90), 0, 1
(1,92), 0, 1
(1,93), 0, 1
(2,1), 0, 1
(2,9), 0, 1
(2,31), 0, 1
(2,49), 0, 1
(2,50), 0, 1
(3,1), 0, 1
(3,2), 0, 1
(3,4), 0, 1
(3,5), 0, 1
(3,6), 0, 1
(3,7), 0, 1
(3,8), 0, 1
(3,10), 0, 1
(3,11), 0, 1
(3,12), 0, 1
(3,13), 0, 1
(3,14), 0, 1
(3,15), 0, 1
(3,16), 0, 1
(3,18), 0, 1
(3,19), 0, 1
(3,20), 0, 1
(3,21), 0, 1
(3,22), 0, 1
(3,25), 0, 1
(3,26), 0, 1
(3,27), 0, 1
(3,29), 0, 1
(3,30), 0, 1
(3,31), 0, 1
(3,34), 0, 1
(3,35), 0, 1
(3,37), 0, 1
(3,39), 0, 1
(3,40), 0, 1
(3,41), 0, 1
(3,42), 0, 1
(3,43), 0, 1
(3,44), 0, 1
(3,45), 0, 1
(3,46), 0, 1
(3,47), 0, 1
(3,48), 0, 1
(3,49), 0, 1
(3,50), 0, 1
(3,51), 0, 1
(3,52), 0, 1
(3,53), 0, 1
(3,54), 0, 1
(3,55), 0, 1
(3,56), 0, 1
(3,57), 0, 1
(3,58), 0, 1
(3,59), 0, 1
(3,60), 0, 1
(3,64), 0, 1
(3,65), 0, 1
(3,66), 0, 1
(3,69), 0, 1
(3,70), 0, 1
(3,73), 0, 1
(3,74), 0, 1
(3,75), 0, 1
(3,76), 0, 1
(3,78), 0, 1
(3,79), 0, 1
(3,80), 0, 1
(3,81), 0, 1
(3,82), 0, 1
(3,83), 0, 1
(3,84), 0, 1
(3,85), 0, 1
(3,86), 0, 1
(3,87), 0, 1
(3,88), 0, 1
(3,89), 0, 1
(3,90), 0, 1
(3,92), 0, 1
(3,93), 0, 1
(4,1), 0, 1
(4,9), 0, 1
(4,31), 0, 1
(4,49), 0, 1
(4,50), 0, 1
(4,79), 0, 1
(5,1), 0, 1
(5,9), 0, 1
(5,31), 0, 1
(5,49), 0, 1
(5,50), 0, 1
(5,79), 0, 1
(6,2), 0, 1
(6,10), 0, 1
(6,11), 0, 1
(6,24), 0, 1
(6,26), 0, 1
(6,42), 0, 1
(6,45), 0, 1
(6,50), 0, 1
(6,51), 0, 1
(6,80), 0, 1
(6,85), 0, 1
(6,86), 0, 1
(6,88), 0, 1
(6,89), 0, 1
(6,91), 0, 1
(7,50), 0, 1
(8,2), 0, 1
(8,11), 0, 1
(8,26), 0, 1
(8,42), 0, 1
(8,45), 0, 1
(8,50), 0, 1
(8,77), 0, 1
(8,80), 0, 1
(8,83), 0, 1
(8,88), 0, 1
(8,89), 0, 1
(9,1), 0, 1
(9,2), 0, 1
(9,4), 0, 1
(9,5), 0, 1
(9,8), 0, 1
(9,10), 0, 1
(9,11), 0, 1
(9,12), 0, 1
(9,13), 0, 1
(9,14), 0, 1
(9,15), 0, 1
(9,16), 0, 1
(9,18), 0, 1
(9,19), 0, 1
(9,20), 0, 1
(9,21), 0, 1
(9,22), 0, 1
(9,24), 0, 1
(9,25), 0, 1
(9,26), 0, 1
(9,27), 0, 1
(9,29), 0, 1
(9,30), 0, 1
(9,33), 0, 1
(9,34), 0, 1
(9,35), 0, 1
(9,37), 0, 1
(9,38), 0, 1
(9,39), 0, 1
(9,41), 0, 1
(9,42), 0, 1
(9,43), 0, 1
(9,44), 0, 1
(9,45), 0, 1
(9,46), 0, 1
(9,48), 0, 1
(9,49), 0, 1
(9,50), 0, 1
(9,51), 0, 1
(9,52), 0, 1
(9,53), 0, 1
(9,54), 0, 1
(9,55), 0, 1
(9,56), 0, 1
(9,57), 0, 1
(9,58), 0, 1
(9,59), 0, 1
(9,60), 0, 1
(9,63), 0, 1
(9,65), 0, 1
(9,66), 0, 1
(9,69), 0, 1
(9,70), 0, 1
(9,71), 0, 1
(9,72), 0, 1
(9,73), 0, 1
(9,74), 0, 1
(9,76), 0, 1
(9,77), 0, 1
(9,79), 0, 1
(9,80), 0, 1
(9,81), 0, 1
(9,82), 0, 1
(9,83), 0, 1
(9,84), 0, 1
(9,86), 0, 1
(9,87), 0, 1
(9,88), 0, 1
(9,89), 0, 1
(9,90), 0, 1
(9,91), 0, 1
(9,92), 0, 1
(9,93), 0, 1
(10,1), 0, 1
(10,9), 0, 1
(10,31), 0, 1
(10,49), 0, 1
(10,50), 0, 1
(10,79), 0, 1
(11,50), 0, 1
(12,2), 0, 1
(12,10), 0, 1
(12,11), 0, 1
(12,26), 0, 1
(12,29), 0, 1
(12,50), 0, 1
(12,51), 0, 1
(12,77), 0, 1
(12,80), 0, 1
(12,83), 0, 1
(12,85), 0, 1
(12,86), 0, 1
(12,88), 0, 1
(12,89), 0, 1
(12,91), 0, 1
(13,50), 0, 1
(14,2), 0, 1
(14,10), 0, 1
(14,11), 0, 1
(14,26), 0, 1
(14,42), 0, 1
(14,45), 0, 1
(14,50), 0, 1
(14,51), 0, 1
(14,77), 0, 1
(14,80), 0, 1
(14,83), 0, 1
(14,86), 0, 1
(14,88), 0, 1
(14,89), 0, 1
(14,91), 0, 1
(15,2), 0, 1
(15,10), 0, 1
(15,11), 0, 1
(15,24), 0, 1
(15,26), 0, 1
(15,29), 0, 1
(15,42), 0, 1
(15,45), 0, 1
(15,50), 0, 1
(15,51), 0, 1
(15,77), 0, 1
(15,80), 0, 1
(15,83), 0, 1
(15,85), 0, 1
(15,86), 0, 1
(15,88), 0, 1
(15,89), 0, 1
(16,2), 0, 1
(16,11), 0, 1
(16,26), 0, 1
(16,42), 0, 1
(16,45), 0, 1
(16,50), 0, 1
(16,51), 0, 1
(16,77), 0, 1
(16,80), 0, 1
(16,83), 0, 1
(16,85), 0, 1
(16,86), 0, 1
(16,88), 0, 1
(16,89), 0, 1
(16,91), 0, 1
(17,1), 0, 1
(17,2), 0, 1
(17,3), 0, 1
(17,4), 0, 1
(17,5), 0, 1
(17,6), 0, 1
(17,8), 0, 1
(17,10), 0, 1
(17,11), 0, 1
(17,12), 0, 1
(17,13), 0, 1
(17,14), 0, 1
(17,15), 0, 1
(17,16), 0, 1
(17,18), 0, 1
(17,19), 0, 1
(17,20), 0, 1
(17,21), 0, 1
(17,22), 0, 1
(17,25), 0, 1
(17,26), 0, 1
(17,27), 0, 1
(17,29), 0, 1
(17,30), 0, 1
(17,31), 0, 1
(17,34), 0, 1
(17,35), 0, 1
(17,36), 0, 1
(17,37), 0, 1
(17,39), 0, 1
(17,41), 0, 1
(17,42), 0, 1
(17,43), 0, 1
(17,44), 0, 1
(17,46), 0, 1
(17,47), 0, 1
(17,49), 0, 1
(17,50), 0, 1
(17,52), 0, 1
(17,53), 0, 1
(17,55), 0, 1
(17,56), 0, 1
(17,58), 0, 1
(17,59), 0, 1
(17,60), 0, 1
(17,64), 0, 1
(17,65), 0, 1
(17,66), 0, 1
(17,69), 0, 1
(17,70), 0, 1
(17,71), 0, 1
(17,72), 0, 1
(17,73), 0, 1
(17,74), 0, 1
(17,76), 0, 1
(17,77), 0, 1
(17,78), 0, 1
(17,79), 0, 1
(17,80), 0, 1
(17,81), 0, 1
(17,82), 0, 1
(17,83), 0, 1
(17,84), 0, 1
(17,85), 0, 1
(17,86), 0, 1
(17,87), 0, 1
(17,89), 0, 1
(17,90), 0, 1
(17,91), 0, 1
(17,92), 0, 1
(17,93), 0, 1
(18,2), 0, 1
(18,10), 0, 1
(18,11), 0, 1
(18,24), 0, 1
(18,42), 0, 1
(18,45), 0, 1
(18,50), 0, 1
(18,51), 0, 1
(18,77), 0, 1
(18,80), 0, 1
(18,85), 0, 1
(18,86), 0, 1
(18,88), 0, 1
(18,89), 0, 1
(18,91), 0, 1
(19,1), 0, 1
(19,31), 0, 1
(19,49), 0, 1
(19,50), 0, 1
(19,79), 0, 1
(20,17), 0, 1
(20,33), 0, 1
(20,49), 0, 1
(20,50), 0, 1
(20,79), 0, 1
(21,2), 0, 1
(21,10), 0, 1
(21,11), 0, 1
(21,26), 0, 1
(21,42), 0, 1
(21,45), 0, 1
(21,50), 0, 1
(21,51), 0, 1
(21,77), 0, 1
(21,80), 0, 1
(21,86), 0, 1
(21,88), 0, 1
(21,89), 0, 1
(21,91), 0, 1
(22,2), 0, 1
(22,10), 0, 1
(22,11), 0, 1
(22,42), 0, 1
(22,45), 0, 1
(22,50), 0, 1
(22,51), 0, 1
(22,77), 0, 1
(22,80), 0, 1
(22,86), 0, 1
(22,88), 0, 1
(22,89), 0, 1
(22,91), 0, 1
(23,1), 0, 1
(23,2), 0, 1
(23,4), 0, 1
(23,5), 0, 1
(23,8), 0, 1
(23,9), 0, 1
(23,10), 0, 1
(23,11), 0, 1
(23,12), 0, 1
(23,13), 0, 1
(23,14), 0, 1
(23,15), 0, 1
(23,16), 0, 1
(23,18), 0, 1
(23,19), 0, 1
(23,20), 0, 1
(23,21), 0, 1
(23,22), 0, 1
(23,24), 0, 1
(23,25), 0, 1
(23,26), 0, 1
(23,27), 0, 1
(23,29), 0, 1
(23,30), 0, 1
(23,31), 0, 1
(23,35), 0, 1
(23,36), 0, 1
(23,37), 0, 1
(23,39), 0, 1
(23,41), 0, 1
(23,42), 0, 1
(23,43), 0, 1
(23,44), 0, 1
(23,45), 0, 1
(23,46), 0, 1
(23,47), 0, 1
(23,48), 0, 1
(23,49), 0, 1
(23,50), 0, 1
(23,52), 0, 1
(23,53), 0, 1
(23,55), 0, 1
(23,56), 0, 1
(23,57), 0, 1
(23,59), 0, 1
(23,60), 0, 1
(23,63), 0, 1
(23,65), 0, 1
(23,66), 0, 1
(23,69), 0, 1
(23,70), 0, 1
(23,71), 0, 1
(23,72), 0, 1
(23,73), 0, 1
(23,74), 0, 1
(23,75), 0, 1
(23,76), 0, 1
(23,77), 0, 1
(23,78), 0, 1
(23,79), 0, 1
(23,80), 0, 1
(23,81), 0, 1
(23,82), 0, 1
(23,84), 0, 1
(23,85), 0, 1
(23,86), 0, 1
(23,87), 0, 1
(23,88), 0, 1
(23,89), 0, 1
(23,90), 0, 1
(23,91), 0, 1
(23,92), 0, 1
(23,93), 0, 1
(24,2), 0, 1
(24,10), 0, 1
(24,11), 0, 1
(24,26), 0, 1
(24,29), 0, 1
(24,42), 0, 1
(24,45), 0, 1
(24,50), 0, 1
(24,51), 0, 1
(24,77), 0, 1
(24,80), 0, 1
(24,83), 0, 1
(24,86), 0, 1
(24,88), 0, 1
(24,89), 0, 1
(24,91), 0, 1
(25,2), 0, 1
(25,10), 0, 1
(25,11), 0, 1
(25,28), 0, 1
(25,29), 0, 1
(25,42), 0, 1
(25,45), 0, 1
(25,50), 0, 1
(25,51), 0, 1
(25,77), 0, 1
(25,80), 0, 1
(25,83), 0, 1
(25,85), 0, 1
(25,89), 0, 1
(25,91), 0, 1
(26,1), 0, 1
(26,2), 0, 1
(26,4), 0, 1
(26,5), 0, 1
(26,8), 0, 1
(26,9), 0, 1
(26,11), 0, 1
(26,12), 0, 1
(26,13), 0, 1
(26,15), 0, 1
(26,16), 0, 1
(26,18), 0, 1
(26,19), 0, 1
(26,20), 0, 1
(26,21), 0, 1
(26,22), 0, 1
(26,25), 0, 1
(26,27), 0, 1
(26,28), 0, 1
(26,30), 0, 1
(26,31), 0, 1
(26,34), 0, 1
(26,35), 0, 1
(26,36), 0, 1
(26,37), 0, 1
(26,38), 0, 1
(26,39), 0, 1
(26,41), 0, 1
(26,42), 0, 1
(26,43), 0, 1
(26,44), 0, 1
(26,45), 0, 1
(26,46), 0, 1
(26,48), 0, 1
(26,49), 0, 1
(26,52), 0, 1
(26,53), 0, 1
(26,54), 0, 1
(26,55), 0, 1
(26,56), 0, 1
(26,57), 0, 1
(26,58), 0, 1
(26,59), 0, 1
(26,60), 0, 1
(26,65), 0, 1
(26,69), 0, 1
(26,70), 0, 1
(26,71), 0, 1
(26,72), 0, 1
(26,73), 0, 1
(26,74), 0, 1
(26,75), 0, 1
(26,76), 0, 1
(26,77), 0, 1
(26,78), 0, 1
(26,79), 0, 1
(26,80), 0, 1
(26,81), 0, 1
(26,82), 0, 1
(26,83), 0, 1
(26,84), 0, 1
(26,85), 0, 1
(26,86), 0, 1
(26,87), 0, 1
(26,88), 0, 1
(26,89), 0, 1
(26,90), 0, 1
(26,91), 0, 1
(26,92), 0, 1
(26,93), 0, 1
(27,1), 0, 1
(27,2), 0, 1
(27,3), 0, 1
(27,4), 0, 1
(27,5), 0, 1
(27,8), 0, 1
(27,10), 0, 1
(27,11), 0, 1
(27,12), 0, 1
(27,13), 0, 1
(27,15), 0, 1
(27,16), 0, 1
(27,18), 0, 1
(27,20), 0, 1
(27,21), 0, 1
(27,22), 0, 1
(27,25), 0, 1
(27,29), 0, 1
(27,30), 0, 1
(27,31), 0, 1
(27,34), 0, 1
(27,35), 0, 1
(27,36), 0, 1
(27,37), 0, 1
(27,39), 0, 1
(27,41), 0, 1
(27,42), 0, 1
(27,43), 0, 1
(27,44), 0, 1
(27,45), 0, 1
(27,46), 0, 1
(27,47), 0, 1
(27,48), 0, 1
(27,49), 0, 1
(27,50), 0, 1
(27,51), 0, 1
(27,52), 0, 1
(27,53), 0, 1
(27,54), 0, 1
(27,55), 0, 1
(27,56), 0, 1
(27,57), 0, 1
(27,59), 0, 1
(27,60), 0, 1
(27,64), 0, 1
(27,65), 0, 1
(27,66), 0, 1
(27,67), 0, 1
(27,69), 0, 1
(27,70), 0, 1
(27,71), 0, 1
(27,72), 0, 1
(27,73), 0, 1
(27,74), 0, 1
(27,75), 0, 1
(27,76), 0, 1
(27,77), 0, 1
(27,78), 0, 1
(27,79), 0, 1
(27,80), 0, 1
(27,81), 0, 1
(27,82), 0, 1
(27,83), 0, 1
(27,84), 0, 1
(27,85), 0, 1
(27,86), 0, 1
(27,87), 0, 1
(27,88), 0, 1
(27,89), 0, 1
(27,90), 0, 1
(27,91), 0, 1
(27,92), 0, 1
(27,93), 0, 1
(28,2), 0, 1
(28,4), 0, 1
(28,5), 0, 1
(28,7), 0, 1
(28,9), 0, 1
(28,10), 0, 1
(28,11), 0, 1
(28,13), 0, 1
(28,15), 0, 1
(28,16), 0, 1
(28,18), 0, 1
(28,19), 0, 1
(28,20), 0, 1
(28,21), 0, 1
(28,22), 0, 1
(28,23), 0, 1
(28,24), 0, 1
(28,25), 0, 1
(28,26), 0, 1
(28,27), 0, 1
(28,29), 0, 1
(28,30), 0, 1
(28,31), 0, 1
(28,34), 0, 1
(28,35), 0, 1
(28,36), 0, 1
(28,37), 0, 1
(28,38), 0, 1
(28,39), 0, 1
(28,41), 0, 1
(28,42), 0, 1
(28,44), 0, 1
(28,46), 0, 1
(28,50), 0, 1
(28,51), 0, 1
(28,53), 0, 1
(28,54), 0, 1
(28,56), 0, 1
(28,57), 0, 1
(28,58), 0, 1
(28,59), 0, 1
(28,60), 0, 1
(28,63), 0, 1
(28,65), 0, 1
(28,66), 0, 1
(28,69), 0, 1
(28,70), 0, 1
(28,71), 0, 1
(28,72), 0, 1
(28,73), 0, 1
(28,74), 0, 1
(28,75), 0, 1
(28,76), 0, 1
(28,78), 0, 1
(28,79), 0, 1
(28,80), 0, 1
(28,81), 0, 1
(28,82), 0, 1
(28,84), 0, 1
(28,85), 0, 1
(28,86), 0, 1
(28,87), 0, 1
(28,88), 0, 1
(28,89), 0, 1
(28,90), 0, 1
(28,91), 0, 1
(28,92), 0, 1
(28,93), 0, 1
(29,50), 0, 1
(30,1), 0, 1
(30,31), 0, 1
(30,49), 0, 1
(30,50), 0, 1
(30,79), 0, 1
(31,2), 0, 1
(31,10), 0, 1
(31,11), 0, 1
(31,29), 0, 1
(31,45), 0, 1
(31,50), 0, 1
(31,51), 0, 1
(31,77), 0, 1
(31,80), 0, 1
(31,83), 0, 1
(31,85), 0, 1
(31,86), 0, 1
(31,88), 0, 1
(31,89), 0, 1
(31,91), 0, 1
(32,31), 0, 1
(32,49), 0, 1
(32,50), 0, 1
(32,79), 0, 1
(33,2), 0, 1
(33,10), 0, 1
(33,11), 0, 1
(33,24), 0, 1
(33,26), 0, 1
(33,28), 0, 1
(33,29), 0, 1
(33,42), 0, 1
(33,45), 0, 1
(33,50), 0, 1
(33,51), 0, 1
(33,77), 0, 1
(33,80), 0, 1
(33,85), 0, 1
(33,86), 0, 1
(33,88), 0, 1
(33,89), 0, 1
(34,2), 0, 1
(34,3), 0, 1
(34,4), 0, 1
(34,5), 0, 1
(34,8), 0, 1
(34,9), 0, 1
(34,10), 0, 1
(34,11), 0, 1
(34,12), 0, 1
(34,13), 0, 1
(34,14), 0, 1
(34,15), 0, 1
(34,16), 0, 1
(34,19), 0, 1
(34,20), 0, 1
(34,26), 0, 1
(34,27), 0, 1
(34,29), 0, 1
(34,30), 0, 1
(34,31), 0, 1
(34,32), 0, 1
(34,35), 0, 1
(34,36), 0, 1
(34,38), 0, 1
(34,39), 0, 1
(34,41), 0, 1
(34,42), 0, 1
(34,43), 0, 1
(34,44), 0, 1
(34,45), 0, 1
(34,46), 0, 1
(34,47), 0, 1
(34,48), 0, 1
(34,49), 0, 1
(34,50), 0, 1
(34,51), 0, 1
(34,53), 0, 1
(34,54), 0, 1
(34,55), 0, 1
(34,56), 0, 1
(34,57), 0, 1
(34,58), 0, 1
(34,59), 0, 1
(34,60), 0, 1
(34,65), 0, 1
(34,66), 0, 1
(34,69), 0, 1
(34,70), 0, 1
(34,71), 0, 1
(34,72), 0, 1
(34,73), 0, 1
(34,74), 0, 1
(34,75), 0, 1
(34,76), 0, 1
(34,77), 0, 1
(34,78), 0, 1
(34,79), 0, 1
(34,80), 0, 1
(34,81), 0, 1
(34,82), 0, 1
(34,83), 0, 1
(34,84), 0, 1
(34,85), 0, 1
(34,86), 0, 1
(34,88), 0, 1
(34,90), 0, 1
(34,91), 0, 1
(34,93), 0, 1
(35,2), 0, 1
(35,10), 0, 1
(35,11), 0, 1
(35,24), 0, 1
(35,26), 0, 1
(35,42), 0, 1
(35,45), 0, 1
(35,50), 0, 1
(35,51), 0, 1
(35,77), 0, 1
(35,80), 0, 1
(35,86), 0, 1
(35,88), 0, 1
(35,89), 0, 1
(35,91), 0, 1
(36,2), 0, 1
(36,10), 0, 1
(36,11), 0, 1
(36,29), 0, 1
(36,42), 0, 1
(36,45), 0, 1
(36,50), 0, 1
(36,51), 0, 1
(36,77), 0, 1
(36,80), 0, 1
(36,85), 0, 1
(36,86), 0, 1
(36,88), 0, 1
(36,89), 0, 1
(36,91), 0, 1
(37,2), 0, 1
(37,11), 0, 1
(37,24), 0, 1
(37,28), 0, 1
(37,42), 0, 1
(37,45), 0, 1
(37,50), 0, 1
(37,51), 0, 1
(37,77), 0, 1
(37,80), 0, 1
(37,83), 0, 1
(37,85), 0, 1
(37,86), 0, 1
(37,89), 0, 1
(37,91), 0, 1
(38,2), 0, 1
(38,10), 0, 1
(38,11), 0, 1
(38,24), 0, 1
(38,26), 0, 1
(38,42), 0, 1
(38,45), 0, 1
(38,50), 0, 1
(38,51), 0, 1
(38,77), 0, 1
(38,80), 0, 1
(38,85), 0, 1
(38,86), 0, 1
(38,88), 0, 1
(39,1), 0, 1
(39,9), 0, 1
(39,31), 0, 1
(39,49), 0, 1
(39,50), 0, 1
(39,79), 0, 1
(40,1), 0, 1
(40,9), 0, 1
(40,31), 0, 1
(40,49), 0, 1
(40,79), 0, 1
(41,1), 0, 1
(41,9), 0, 1
(41,17), 0, 1
(41,31), 0, 1
(41,33), 0, 1
(41,50), 0, 1
(41,61), 0, 1
(41,79), 0, 1
(42,50), 0, 1
(43,2), 0, 1
(43,10), 0, 1
(43,11), 0, 1
(43,24), 0, 1
(43,26), 0, 1
(43,29), 0, 1
(43,42), 0, 1
(43,45), 0, 1
(43,50), 0, 1
(43,51), 0, 1
(43,77), 0, 1
(43,80), 0, 1
(43,83), 0, 1
(43,85), 0, 1
(43,86), 0, 1
(43,88), 0, 1
(43,89), 0, 1
(43,91), 0, 1
(44,2), 0, 1
(44,10), 0, 1
(44,11), 0, 1
(44,24), 0, 1
(44,26), 0, 1
(44,29), 0, 1
(44,42), 0, 1
(44,45), 0, 1
(44,50), 0, 1
(44,51), 0, 1
(44,77), 0, 1
(44,80), 0, 1
(44,83), 0, 1
(44,86), 0, 1
(44,88), 0, 1
(44,89), 0, 1
(44,91), 0, 1
(45,1), 0, 1
(45,31), 0, 1
(45,49), 0, 1
(45,50), 0, 1
(45,79), 0, 1
(46,1), 0, 1
(46,9), 0, 1
(46,31), 0, 1
(46,49), 0, 1
(46,50), 0, 1
(46,79), 0, 1
(47,2), 0, 1
(47,10), 0, 1
(47,11), 0, 1
(47,24), 0, 1
(47,26), 0, 1
(47,42), 0, 1
(47,45), 0, 1
(47,51), 0, 1
(47,77), 0, 1
(47,83), 0, 1
(47,85), 0, 1
(47,86), 0, 1
(47,88), 0, 1
(47,91), 0, 1
(48,9), 0, 1
(48,17), 0, 1
(48,31), 0, 1
(48,49), 0, 1
(48,50), 0, 1
(48,79), 0, 1
(49,50), 0, 1
(50,2), 0, 1
(50,10), 0, 1
(50,11), 0, 1
(50,24), 0, 1
(50,26), 0, 1
(50,42), 0, 1
(50,45), 0, 1
(50,51), 0, 1
(50,77), 0, 1
(50,80), 0, 1
(50,83), 0, 1
(50,85), 0, 1
(50,86), 0, 1
(50,89), 0, 1
(51,1), 0, 1
(51,9), 0, 1
(51,17), 0, 1
(51,31), 0, 1
(51,49), 0, 1
(51,50), 0, 1
(51,79), 0, 1
(52,1), 0, 1
(52,31), 0, 1
(52,49), 0, 1
(52,50), 0, 1
(52,79), 0, 1
(53,2), 0, 1
(53,10), 0, 1
(53,11), 0, 1
(53,24), 0, 1
(53,26), 0, 1
(53,42), 0, 1
(53,45), 0, 1
(53,50), 0, 1
(53,51), 0, 1
(53,77), 0, 1
(53,80), 0, 1
(53,85), 0, 1
(53,86), 0, 1
(53,88), 0, 1
(53,89), 0, 1
(53,91), 0, 1
(54,2), 0, 1
(54,10), 0, 1
(54,11), 0, 1
(54,26), 0, 1
(54,29), 0, 1
(54,42), 0, 1
(54,45), 0, 1
(54,50), 0, 1
(54,77), 0, 1
(54,80), 0, 1
(54,86), 0, 1
(54,88), 0, 1
(54,89), 0, 1
(54,91), 0, 1
(56,1), 0, 1
(56,2), 0, 1
(56,4), 0, 1
(56,5), 0, 1
(56,7), 0, 1
(56,8), 0, 1
(56,9), 0, 1
(56,10), 0, 1
(56,11), 0, 1
(56,12), 0, 1
(56,13), 0, 1
(56,15), 0, 1
(56,16), 0, 1
(56,18), 0, 1
(56,19), 0, 1
(56,20), 0, 1
(56,22), 0, 1
(56,24), 0, 1
(56,25), 0, 1
(56,26), 0, 1
(56,27), 0, 1
(56,29), 0, 1
(56,30), 0, 1
(56,31), 0, 1
(56,34), 0, 1
(56,35), 0, 1
(56,36), 0, 1
(56,37), 0, 1
(56,39), 0, 1
(56,41), 0, 1
(56,42), 0, 1
(56,44), 0, 1
(56,45), 0, 1
(56,46), 0, 1
(56,47), 0, 1
(56,48), 0, 1
(56,49), 0, 1
(56,50), 0, 1
(56,51), 0, 1
(56,52), 0, 1
(56,53), 0, 1
(56,55), 0, 1
(56,59), 0, 1
(56,60), 0, 1
(56,63), 0, 1
(56,65), 0, 1
(56,66), 0, 1
(56,69), 0, 1
(56,70), 0, 1
(56,71), 0, 1
(56,72), 0, 1
(56,73), 0, 1
(56,74), 0, 1
(56,77), 0, 1
(56,78), 0, 1
(56,79), 0, 1
(56,80), 0, 1
(56,81), 0, 1
(56,82), 0, 1
(56,86), 0, 1
(56,87), 0, 1
(56,88), 0, 1
(56,89), 0, 1
(56,90), 0, 1
(56,91), 0, 1
(56,92), 0, 1
(56,93), 0, 1
(57,1), 0, 1
(57,9), 0, 1
(57,31), 0, 1
(57,49), 0, 1
(57,50), 0, 1
(57,79), 0, 1
(58,2), 0, 1
(58,10), 0, 1
(58,11), 0, 1
(58,24), 0, 1
(58,26), 0, 1
(58,42), 0, 1
(58,45), 0, 1
(58,77), 0, 1
(58,80), 0, 1
(58,85), 0, 1
(58,86), 0, 1
(58,88), 0, 1
(58,89), 0, 1
(58,91), 0, 1
(59,2), 0, 1
(59,10), 0, 1
(59,11), 0, 1
(59,29), 0, 1
(59,42), 0, 1
(59,45), 0, 1
(59,50), 0, 1
(59,51), 0, 1
(59,77), 0, 1
(59,80), 0, 1
(59,83), 0, 1
(59,85), 0, 1
(59,86), 0, 1
(59,89), 0, 1
(59,91), 0, 1
(60,1), 0, 1
(60,2), 0, 1
(60,3), 0, 1
(60,4), 0, 1
(60,7), 0, 1
(60,8), 0, 1
(60,9), 0, 1
(60,10), 0, 1
(60,11), 0, 1
(60,12), 0, 1
(60,13), 0, 1
(60,15), 0, 1
(60,16), 0, 1
(60,18), 0, 1
(60,19), 0, 1
(60,20), 0, 1
(60,21), 0, 1
(60,23), 0, 1
(60,25), 0, 1
(60,26), 0, 1
(60,30), 0, 1
(60,31), 0, 1
(60,34), 0, 1
(60,35), 0, 1
(60,36), 0, 1
(60,38), 0, 1
(60,39), 0, 1
(60,41), 0, 1
(60,42), 0, 1
(60,43), 0, 1
(60,44), 0, 1
(60,45), 0, 1
(60,46), 0, 1
(60,48), 0, 1
(60,49), 0, 1
(60,50), 0, 1
(60,51), 0, 1
(60,52), 0, 1
(60,53), 0, 1
(60,54), 0, 1
(60,55), 0, 1
(60,56), 0, 1
(60,58), 0, 1
(60,59), 0, 1
(60,63), 0, 1
(60,64), 0, 1
(60,67), 0, 1
(60,69), 0, 1
(60,70), 0, 1
(60,71), 0, 1
(60,72), 0, 1
(60,73), 0, 1
(60,74), 0, 1
(60,75), 0, 1
(60,76), 0, 1
(60,77), 0, 1
(60,78), 0, 1
(60,79), 0, 1
(60,80), 0, 1
(60,81), 0, 1
(60,82), 0, 1
(60,83), 0, 1
(60,84), 0, 1
(60,85), 0, 1
(60,86), 0, 1
(60,87), 0, 1
(60,88), 0, 1
(60,89), 0, 1
(60,90), 0, 1
(60,91), 0, 1
(60,92), 0, 1
(60,93), 0, 1
(61,1), 0, 1
(61,2), 0, 1
(61,4), 0, 1
(61,5), 0, 1
(61,8), 0, 1
(61,9), 0, 1
(61,10), 0, 1
(61,11), 0, 1
(61,12), 0, 1
(61,13), 0, 1
(61,14), 0, 1
(61,15), 0, 1
(61,16), 0, 1
(61,18), 0, 1
(61,19), 0, 1
(61,20), 0, 1
(61,21), 0, 1
(61,24), 0, 1
(61,25), 0, 1
(61,27), 0, 1
(61,29), 0, 1
(61,30), 0, 1
(61,31), 0, 1
(61,35), 0, 1
(61,36), 0, 1
(61,37), 0, 1
(61,38), 0, 1
(61,39), 0, 1
(61,41), 0, 1
(61,42), 0, 1
(61,43), 0, 1
(61,44), 0, 1
(61,45), 0, 1
(61,46), 0, 1
(61,47), 0, 1
(61,48), 0, 1
(61,49), 0, 1
(61,50), 0, 1
(61,51), 0, 1
(61,52), 0, 1
(61,53), 0, 1
(61,54), 0, 1
(61,55), 0, 1
(61,57), 0, 1
(61,58), 0, 1
(61,59), 0, 1
(61,60), 0, 1
(61,63), 0, 1
(61,64), 0, 1
(61,65), 0, 1
(61,66), 0, 1
(61,69), 0, 1
(61,70), 0, 1
(61,71), 0, 1
(61,72), 0, 1
(61,73), 0, 1
(61,74), 0, 1
(61,75), 0, 1
(61,76), 0, 1
(61,77), 0, 1
(61,78), 0, 1
(61,80), 0, 1
(61,81), 0, 1
(61,82), 0, 1
(61,83), 0, 1
(61,84), 0, 1
(61,85), 0, 1
(61,86), 0, 1
(61,87), 0, 1
(61,88), 0, 1
(61,90), 0, 1
(61,91), 0, 1
(61,92), 0, 1
(61,93), 0, 1
(62,1), 0, 1
(62,2), 0, 1
(62,3), 0, 1
(62,4), 0, 1
(62,5), 0, 1
(62,8), 0, 1
(62,9), 0, 1
(62,10), 0, 1
(62,11), 0, 1
(62,12), 0, 1
(62,13), 0, 1
(62,15), 0, 1
(62,16), 0, 1
(62,18), 0, 1
(62,19), 0, 1
(62,20), 0, 1
(62,21), 0, 1
(62,24), 0, 1
(62,25), 0, 1
(62,27), 0, 1
(62,29), 0, 1
(62,30), 0, 1
(62,31), 0, 1
(62,35), 0, 1
(62,37), 0, 1
(62,38), 0, 1
(62,39), 0, 1
(62,41), 0, 1
(62,42), 0, 1
(62,44), 0, 1
(62,45), 0, 1
(62,46), 0, 1
(62,47), 0, 1
(62,48), 0, 1
(62,49), 0, 1
(62,50), 0, 1
(62,51), 0, 1
(62,52), 0, 1
(62,53), 0, 1
(62,55), 0, 1
(62,56), 0, 1
(62,57), 0, 1
(62,59), 0, 1
(62,60), 0, 1
(62,63), 0, 1
(62,64), 0, 1
(62,65), 0, 1
(62,66), 0, 1
(62,69), 0, 1
(62,70), 0, 1
(62,71), 0, 1
(62,72), 0, 1
(62,73), 0, 1
(62,74), 0, 1
(62,75), 0, 1
(62,76), 0, 1
(62,77), 0, 1
(62,78), 0, 1
(62,79), 0, 1
(62,80), 0, 1
(62,81), 0, 1
(62,82), 0, 1
(62,84), 0, 1
(62,85), 0, 1
(62,86), 0, 1
(62,87), 0, 1
(62,88), 0, 1
(62,89), 0, 1
(62,90), 0, 1
(62,91), 0, 1
(62,92), 0, 1
(62,93), 0, 1
(63,49), 0, 1
(63,50), 0, 1
(63,79), 0, 1
(64,2), 0, 1
(64,10), 0, 1
(64,11), 0, 1
(64,24), 0, 1
(64,29), 0, 1
(64,42), 0, 1
(64,45), 0, 1
(64,50), 0, 1
(64,51), 0, 1
(64,80), 0, 1
(64,83), 0, 1
(64,85), 0, 1
(64,86), 0, 1
(64,89), 0, 1
(64,91), 0, 1
(65,2), 0, 1
(65,10), 0, 1
(65,11), 0, 1
(65,24), 0, 1
(65,42), 0, 1
(65,45), 0, 1
(65,50), 0, 1
(65,51), 0, 1
(65,77), 0, 1
(65,80), 0, 1
(65,83), 0, 1
(65,85), 0, 1
(65,86), 0, 1
(65,88), 0, 1
(65,89), 0, 1
(65,91), 0, 1
(66,2), 0, 1
(66,10), 0, 1
(66,11), 0, 1
(66,24), 0, 1
(66,26), 0, 1
(66,28), 0, 1
(66,42), 0, 1
(66,45), 0, 1
(66,50), 0, 1
(66,51), 0, 1
(66,77), 0, 1
(66,80), 0, 1
(66,85), 0, 1
(66,86), 0, 1
(66,88), 0, 1
(66,89), 0, 1
(66,91), 0, 1
(67,2), 0, 1
(67,3), 0, 1
(67,4), 0, 1
(67,8), 0, 1
(67,9), 0, 1
(67,10), 0, 1
(67,11), 0, 1
(67,12), 0, 1
(67,13), 0, 1
(67,14), 0, 1
(67,15), 0, 1
(67,16), 0, 1
(67,18), 0, 1
(67,19), 0, 1
(67,20), 0, 1
(67,21), 0, 1
(67,22), 0, 1
(67,25), 0, 1
(67,26), 0, 1
(67,27), 0, 1
(67,29), 0, 1
(67,30), 0, 1
(67,31), 0, 1
(67,32), 0, 1
(67,34), 0, 1
(67,35), 0, 1
(67,37), 0, 1
(67,38), 0, 1
(67,39), 0, 1
(67,41), 0, 1
(67,42), 0, 1
(67,43), 0, 1
(67,44), 0, 1
(67,45), 0, 1
(67,46), 0, 1
(67,47), 0, 1
(67,48), 0, 1
(67,50), 0, 1
(67,52), 0, 1
(67,53), 0, 1
(67,54), 0, 1
(67,55), 0, 1
(67,57), 0, 1
(67,59), 0, 1
(67,60), 0, 1
(67,63), 0, 1
(67,64), 0, 1
(67,65), 0, 1
(67,66), 0, 1
(67,69), 0, 1
(67,70), 0, 1
(67,71), 0, 1
(67,73), 0, 1
(67,74), 0, 1
(67,75), 0, 1
(67,76), 0, 1
(67,77), 0, 1
(67,79), 0, 1
(67,80), 0, 1
(67,81), 0, 1
(67,82), 0, 1
(67,83), 0, 1
(67,84), 0, 1
(67,85), 0, 1
(67,86), 0, 1
(67,87), 0, 1
(67,88), 0, 1
(67,89), 0, 1
(67,90), 0, 1
(67,91), 0, 1
(67,92), 0, 1
(67,93), 0, 1
(68,2), 0, 1
(68,10), 0, 1
(68,11), 0, 1
(68,29), 0, 1
(68,42), 0, 1
(68,45), 0, 1
(68,50), 0, 1
(68,51), 0, 1
(68,77), 0, 1
(68,80), 0, 1
(68,83), 0, 1
(68,85), 0, 1
(68,86), 0, 1
(68,88), 0, 1
(68,89), 0, 1
(68,91), 0, 1
(69,50), 0, 1
(70,1), 0, 1
(70,31), 0, 1
(70,49), 0, 1
(70,50), 0, 1
(70,79), 0, 1
(71,2), 0, 1
(71,10), 0, 1
(71,11), 0, 1
(71,29), 0, 1
(71,42), 0, 1
(71,45), 0, 1
(71,50), 0, 1
(71,51), 0, 1
(71,77), 0, 1
(71,80), 0, 1
(71,83), 0, 1
(71,85), 0, 1
(71,86), 0, 1
(71,88), 0, 1
(71,89), 0, 1
(71,91), 0, 1
(72,50), 0, 1
(73,2), 0, 1
(73,10), 0, 1
(73,11), 0, 1
(73,24), 0, 1
(73,29), 0, 1
(73,42), 0, 1
(73,45), 0, 1
(73,50), 0, 1
(73,51), 0, 1
(73,77), 0, 1
(73,80), 0, 1
(73,83), 0, 1
(73,86), 0, 1
(73,88), 0, 1
(73,89), 0, 1
(73,91), 0, 1
(74,10), 0, 1
(74,11), 0, 1
(74,24), 0, 1
(74,26), 0, 1
(74,42), 0, 1
(74,45), 0, 1
(74,50), 0, 1
(74,51), 0, 1
(74,77), 0, 1
(74,80), 0, 1
(74,86), 0, 1
(74,88), 0, 1
(74,89), 0, 1
(74,91), 0, 1
(75,2), 0, 1
(75,11), 0, 1
(75,24), 0, 1
(75,29), 0, 1
(75,42), 0, 1
(75,45), 0, 1
(75,50), 0, 1
(75,51), 0, 1
(75,77), 0, 1
(75,83), 0, 1
(75,85), 0, 1
(75,86), 0, 1
(75,88), 0, 1
(75,89), 0, 1
(75,91), 0, 1
(76,1), 0, 1
(76,2), 0, 1
(76,3), 0, 1
(76,4), 0, 1
(76,5), 0, 1
(76,7), 0, 1
(76,8), 0, 1
(76,9), 0, 1
(76,11), 0, 1
(76,12), 0, 1
(76,13), 0, 1
(76,14), 0, 1
(76,15), 0, 1
(76,16), 0, 1
(76,18), 0, 1
(76,19), 0, 1
(76,20), 0, 1
(76,22), 0, 1
(76,24), 0, 1
(76,25), 0, 1
(76,26), 0, 1
(76,27), 0, 1
(76,29), 0, 1
(76,30), 0, 1
(76,31), 0, 1
(76,32), 0, 1
(76,35), 0, 1
(76,37), 0, 1
(76,39), 0, 1
(76,40), 0, 1
(76,41), 0, 1
(76,42), 0, 1
(76,43), 0, 1
(76,45), 0, 1
(76,46), 0, 1
(76,47), 0, 1
(76,48), 0, 1
(76,50), 0, 1
(76,51), 0, 1
(76,52), 0, 1
(76,53), 0, 1
(76,54), 0, 1
(76,55), 0, 1
(76,56), 0, 1
(76,59), 0, 1
(76,60), 0, 1
(76,61), 0, 1
(76,63), 0, 1
(76,65), 0, 1
(76,66), 0, 1
(76,69), 0, 1
(76,70), 0, 1
(76,71), 0, 1
(76,72), 0, 1
(76,73), 0, 1
(76,74), 0, 1
(76,75), 0, 1
(76,77), 0, 1
(76,78), 0, 1
(76,79), 0, 1
(76,80), 0, 1
(76,81), 0, 1
(76,82), 0, 1
(76,84), 0, 1
(76,86), 0, 1
(76,87), 0, 1
(76,88), 0, 1
(76,90), 0, 1
(76,91), 0, 1
(76,92), 0, 1
(76,93), 0, 1
(77,1), 0, 1
(77,9), 0, 1
(77,31), 0, 1
(77,49), 0, 1
(77,50), 0, 1
(77,79), 0, 1
(78,1), 0, 1
(78,31), 0, 1
(78,49), 0, 1
(78,50), 0, 1
(78,79), 0, 1
(79,2), 0, 1
(79,10), 0, 1
(79,11), 0, 1
(79,26), 0, 1
(79,29), 0, 1
(79,42), 0, 1
(79,45), 0, 1
(79,50), 0, 1
(79,51), 0, 1
(79,77), 0, 1
(79,80), 0, 1
(79,85), 0, 1
(79,86), 0, 1
(79,88), 0, 1
(79,89), 0, 1
(80,10), 0, 1
(80,11), 0, 1
(80,26), 0, 1
(80,29), 0, 1
(80,42), 0, 1
(80,45), 0, 1
(80,50), 0, 1
(80,51), 0, 1
(80,77), 0, 1
(80,83), 0, 1
(80,86), 0, 1
(80,88), 0, 1
(80,89), 0, 1
(80,91), 0, 1
(81,9), 0, 1
(81,31), 0, 1
(81,49), 0, 1
(81,50), 0, 1
(81,79), 0, 1
(82,1), 0, 1
(82,2), 0, 1
(82,3), 0, 1
(82,4), 0, 1
(82,5), 0, 1
(82,7), 0, 1
(82,8), 0, 1
(82,9), 0, 1
(82,10), 0, 1
(82,11), 0, 1
(82,12), 0, 1
(82,13), 0, 1
(82,14), 0, 1
(82,15), 0, 1
(82,18), 0, 1
(82,19), 0, 1
(82,20), 0, 1
(82,22), 0, 1
(82,24), 0, 1
(82,25), 0, 1
(82,26), 0, 1
(82,27), 0, 1
(82,29), 0, 1
(82,31), 0, 1
(82,34), 0, 1
(82,35), 0, 1
(82,36), 0, 1
(82,38), 0, 1
(82,39), 0, 1
(82,41), 0, 1
(82,42), 0, 1
(82,43), 0, 1
(82,44), 0, 1
(82,46), 0, 1
(82,47), 0, 1
(82,48), 0, 1
(82,49), 0, 1
(82,50), 0, 1
(82,52), 0, 1
(82,53), 0, 1
(82,54), 0, 1
(82,55), 0, 1
(82,56), 0, 1
(82,58), 0, 1
(82,59), 0, 1
(82,60), 0, 1
(82,64), 0, 1
(82,65), 0, 1
(82,66), 0, 1
(82,69), 0, 1
(82,70), 0, 1
(82,71), 0, 1
(82,72), 0, 1
(82,73), 0, 1
(82,74), 0, 1
(82,75), 0, 1
(82,76), 0, 1
(82,77), 0, 1
(82,79), 0, 1
(82,80), 0, 1
(82,81), 0, 1
(82,84), 0, 1
(82,86), 0, 1
(82,88), 0, 1
(82,89), 0, 1
(82,90), 0, 1
(82,91), 0, 1
(82,92), 0, 1
(82,93), 0, 1
(83,1), 0, 1
(83,2), 0, 1
(83,3), 0, 1
(83,4), 0, 1
(83,5), 0, 1
(83,8), 0, 1
(83,9), 0, 1
(83,10), 0, 1
(83,11), 0, 1
(83,12), 0, 1
(83,13), 0, 1
(83,14), 0, 1
(83,15), 0, 1
(83,16), 0, 1
(83,18), 0, 1
(83,19), 0, 1
(83,20), 0, 1
(83,21), 0, 1
(83,22), 0, 1
(83,24), 0, 1
(83,26), 0, 1
(83,27), 0, 1
(83,29), 0, 1
(83,30), 0, 1
(83,31), 0, 1
(83,36), 0, 1
(83,37), 0, 1
(83,38), 0, 1
(83,39), 0, 1
(83,41), 0, 1
(83,42), 0, 1
(83,43), 0, 1
(83,44), 0, 1
(83,45), 0, 1
(83,46), 0, 1
(83,48), 0, 1
(83,49), 0, 1
(83,50), 0, 1
(83,51), 0, 1
(83,52), 0, 1
(83,53), 0, 1
(83,54), 0, 1
(83,55), 0, 1
(83,56), 0, 1
(83,57), 0, 1
(83,58), 0, 1
(83,59), 0, 1
(83,60), 0, 1
(83,63), 0, 1
(83,64), 0, 1
(83,65), 0, 1
(83,66), 0, 1
(83,69), 0, 1
(83,70), 0, 1
(83,71), 0, 1
(83,72), 0, 1
(83,73), 0, 1
(83,74), 0, 1
(83,75), 0, 1
(83,76), 0, 1
(83,77), 0, 1
(83,79), 0, 1
(83,80), 0, 1
(83,81), 0, 1
(83,82), 0, 1
(83,84), 0, 1
(83,86), 0, 1
(83,87), 0, 1
(83,88), 0, 1
(83,89), 0, 1
(83,90), 0, 1
(83,91), 0, 1
(83,92), 0, 1
(83,93), 0, 1
(84,2), 0, 1
(84,10), 0, 1
(84,11), 0, 1
(84,24), 0, 1
(84,26), 0, 1
(84,29), 0, 1
(84,42), 0, 1
(84,45), 0, 1
(84,50), 0, 1
(84,51), 0, 1
(84,77), 0, 1
(84,80), 0, 1
(84,83), 0, 1
(84,85), 0, 1
(84,86), 0, 1
(84,88), 0, 1
(84,89), 0, 1
(84,91), 0, 1
(85,2), 0, 1
(85,10), 0, 1
(85,11), 0, 1
(85,24), 0, 1
(85,26), 0, 1
(85,42), 0, 1
(85,45), 0, 1
(85,50), 0, 1
(85,51), 0, 1
(85,77), 0, 1
(85,80), 0, 1
(85,83), 0, 1
(85,86), 0, 1
(85,88), 0, 1
(85,89), 0, 1
(86,1), 0, 1
(86,31), 0, 1
(86,49), 0, 1
(86,50), 0, 1
(86,79), 0, 1
(87,2), 0, 1
(87,10), 0, 1
(87,11), 0, 1
(87,24), 0, 1
(87,42), 0, 1
(87,45), 0, 1
(87,51), 0, 1
(87,77), 0, 1
(87,80), 0, 1
(87,83), 0, 1
(87,85), 0, 1
(87,86), 0, 1
(87,88), 0, 1
(87,89), 0, 1
(87,91), 0, 1
(88,2), 0, 1
(88,10), 0, 1
(88,11), 0, 1
(88,26), 0, 1
(88,29), 0, 1
(88,42), 0, 1
(88,45), 0, 1
(88,50), 0, 1
(88,51), 0, 1
(88,77), 0, 1
(88,80), 0, 1
(88,83), 0, 1
(88,85), 0, 1
(88,86), 0, 1
(88,89), 0, 1
(88,91), 0, 1
(89,1), 0, 1
(89,9), 0, 1
(89,31), 0, 1
(89,49), 0, 1
(89,50), 0, 1
(89,79), 0, 1
(90,2), 0, 1
(90,10), 0, 1
(90,11), 0, 1
(90,24), 0, 1
(90,26), 0, 1
(90,29), 0, 1
(90,42), 0, 1
(90,45), 0, 1
(90,50), 0, 1
(90,51), 0, 1
(90,77), 0, 1
(90,80), 0, 1
(90,83), 0, 1
(90,86), 0, 1
(90,88), 0, 1
(90,89), 0, 1
(90,91), 0, 1
(91,2), 0, 1
(91,10), 0, 1
(91,11), 0, 1
(91,26), 0, 1
(91,29), 0, 1
(91,50), 0, 1
(91,51), 0, 1
(91,77), 0, 1
(91,80), 0, 1
(91,85), 0, 1
(91,86), 0, 1
(91,88), 0, 1
(91,89), 0, 1
(92,2), 0, 1
(92,10), 0, 1
(92,11), 0, 1
(92,24), 0, 1
(92,26), 0, 1
(92,29), 0, 1
(92,45), 0, 1
(92,50), 0, 1
(92,51), 0, 1
(92,77), 0, 1
(92,80), 0, 1
(92,86), 0, 1
(92,88), 0, 1
(92,89), 0, 1
(92,91), 0, 1
(93,2), 0, 1
(93,10), 0, 1
(93,11), 0, 1
(93,24), 0, 1
(93,26), 0, 1
(93,42), 0, 1
(93,45), 0, 1
(93,50), 0, 1
(93,51), 0, 1
(93,77), 0, 1
(93,80), 0, 1
(93,86), 0, 1
(93,88), 0, 1
(93,89), 0, 1
(93,91), 0, 1
(94,1), 0, 1
(94,2), 0, 1
(94,3), 0, 1
(94,4), 0, 1
(94,5), 0, 1
(94,8), 0, 1
(94,10), 0, 1
(94,11), 0, 1
(94,12), 0, 1
(94,13), 0, 1
(94,16), 0, 1
(94,18), 0, 1
(94,19), 0, 1
(94,20), 0, 1
(94,21), 0, 1
(94,22), 0, 1
(94,24), 0, 1
(94,25), 0, 1
(94,26), 0, 1
(94,28), 0, 1
(94,29), 0, 1
(94,30), 0, 1
(94,31), 0, 1
(94,34), 0, 1
(94,35), 0, 1
(94,36), 0, 1
(94,37), 0, 1
(94,38), 0, 1
(94,39), 0, 1
(94,41), 0, 1
(94,42), 0, 1
(94,44), 0, 1
(94,45), 0, 1
(94,46), 0, 1
(94,47), 0, 1
(94,48), 0, 1
(94,49), 0, 1
(94,50), 0, 1
(94,51), 0, 1
(94,52), 0, 1
(94,53), 0, 1
(94,54), 0, 1
(94,55), 0, 1
(94,56), 0, 1
(94,58), 0, 1
(94,59), 0, 1
(94,60), 0, 1
(94,62), 0, 1
(94,64), 0, 1
(94,65), 0, 1
(94,66), 0, 1
(94,69), 0, 1
(94,70), 0, 1
(94,71), 0, 1
(94,72), 0, 1
(94,73), 0, 1
(94,74), 0, 1
(94,75), 0, 1
(94,76), 0, 1
(94,77), 0, 1
(94,79), 0, 1
(94,80), 0, 1
(94,81), 0, 1
(94,82), 0, 1
(94,84), 0, 1
(94,85), 0, 1
(94,86), 0, 1
(94,87), 0, 1
(94,88), 0, 1
(94,89), 0, 1
(94,90), 0, 1
(94,92), 0, 1
(94,93), 0, 1
(95,9), 0, 1
(95,31), 0, 1
(95,49), 0, 1
(95,50), 0, 1
(95,79), 0, 1
(96,1), 0, 1
(96,2), 0, 1
(96,3), 0, 1
(96,4), 0, 1
(96,5), 0, 1
(96,9), 0, 1
(96,10), 0, 1
(96,11), 0, 1
(96,12), 0, 1
(96,13), 0, 1
(96,15), 0, 1
(96,16), 0, 1
(96,18), 0, 1
(96,19), 0, 1
(96,20), 0, 1
(96,21), 0, 1
(96,22), 0, 1
(96,24), 0, 1
(96,25), 0, 1
(96,26), 0, 1
(96,30), 0, 1
(96,31), 0, 1
(96,33), 0, 1
(96,34), 0, 1
(96,35), 0, 1
(96,36), 0, 1
(96,37), 0, 1
(96,38), 0, 1
(96,39), 0, 1
(96,40), 0, 1
(96,41), 0, 1
(96,42), 0, 1
(96,44), 0, 1
(96,45), 0, 1
(96,46), 0, 1
(96,47), 0, 1
(96,48), 0, 1
(96,49), 0, 1
(96,50), 0, 1
(96,51), 0, 1
(96,52), 0, 1
(96,53), 0, 1
(96,54), 0, 1
(96,55), 0, 1
(96,56), 0, 1
(96,57), 0, 1
(96,58), 0, 1
(96,59), 0, 1
(96,60), 0, 1
(96,63), 0, 1
(96,66), 0, 1
(96,69), 0, 1
(96,70), 0, 1
(96,71), 0, 1
(96,72), 0, 1
(96,73), 0, 1
(96,74), 0, 1
(96,75), 0, 1
(96,76), 0, 1
(96,77), 0, 1
(96,79), 0, 1
(96,80), 0, 1
(96,82), 0, 1
(96,83), 0, 1
(96,84), 0, 1
(96,85), 0, 1
(96,86), 0, 1
(96,87), 0, 1
(96,88), 0, 1
(96,89), 0, 1
(96,91), 0, 1
(96,93), 0, 1
(97,1), 0, 1
(97,2), 0, 1
(97,4), 0, 1
(97,5), 0, 1
(97,8), 0, 1
(97,10), 0, 1
(97,11), 0, 1
(97,12), 0, 1
(97,13), 0, 1
(97,14), 0, 1
(97,15), 0, 1
(97,16), 0, 1
(97,18), 0, 1
(97,19), 0, 1
(97,20), 0, 1
(97,21), 0, 1
(97,22), 0, 1
(97,24), 0, 1
(97,25), 0, 1
(97,26), 0, 1
(97,27), 0, 1
(97,29), 0, 1
(97,30), 0, 1
(97,31), 0, 1
(97,32), 0, 1
(97,36), 0, 1
(97,38), 0, 1
(97,39), 0, 1
(97,41), 0, 1
(97,42), 0, 1
(97,43), 0, 1
(97,44), 0, 1
(97,45), 0, 1
(97,47), 0, 1
(97,48), 0, 1
(97,49), 0, 1
(97,50), 0, 1
(97,51), 0, 1
(97,52), 0, 1
(97,53), 0, 1
(97,54), 0, 1
(97,55), 0, 1
(97,57), 0, 1
(97,58), 0, 1
(97,59), 0, 1
(97,60), 0, 1
(97,63), 0, 1
(97,65), 0, 1
(97,66), 0, 1
(97,69), 0, 1
(97,70), 0, 1
(97,71), 0, 1
(97,72), 0, 1
(97,73), 0, 1
(97,74), 0, 1
(97,75), 0, 1
(97,76), 0, 1
(97,77), 0, 1
(97,78), 0, 1
(97,79), 0, 1
(97,80), 0, 1
(97,81), 0, 1
(97,82), 0, 1
(97,83), 0, 1
(97,84), 0, 1
(97,86), 0, 1
(97,87), 0, 1
(97,88), 0, 1
(97,89), 0, 1
(97,90), 0, 1
(97,92), 0, 1
(97,93), 0, 1
(98,2), 0, 1
(98,3), 0, 1
(98,4), 0, 1
(98,5), 0, 1
(98,7), 0, 1
(98,8), 0, 1
(98,10), 0, 1
(98,11), 0, 1
(98,12), 0, 1
(98,13), 0, 1
(98,15), 0, 1
(98,16), 0, 1
(98,19), 0, 1
(98,20), 0, 1
(98,21), 0, 1
(98,22), 0, 1
(98,25), 0, 1
(98,27), 0, 1
(98,28), 0, 1
(98,29), 0, 1
(98,30), 0, 1
(98,31), 0, 1
(98,35), 0, 1
(98,36), 0, 1
(98,37), 0, 1
(98,38), 0, 1
(98,39), 0, 1
(98,41), 0, 1
(98,42), 0, 1
(98,43), 0, 1
(98,44), 0, 1
(98,45), 0, 1
(98,47), 0, 1
(98,48), 0, 1
(98,49), 0, 1
(98,50), 0, 1
(98,51), 0, 1
(98,52), 0, 1
(98,53), 0, 1
(98,54), 0, 1
(98,55), 0, 1
(98,56), 0, 1
(98,59), 0, 1
(98,60), 0, 1
(98,63), 0, 1
(98,64), 0, 1
(98,65), 0, 1
(98,66), 0, 1
(98,69), 0, 1
(98,70), 0, 1
(98,71), 0, 1
(98,73), 0, 1
(98,74), 0, 1
(98,75), 0, 1
(98,76), 0, 1
(98,77), 0, 1
(98,79), 0, 1
(98,80), 0, 1
(98,81), 0, 1
(98,82), 0, 1
(98,83), 0, 1
(98,84), 0, 1
(98,85), 0, 1
(98,86), 0, 1
(98,87), 0, 1
(98,88), 0, 1
(98,89), 0, 1
(98,90), 0, 1
(98,91), 0, 1
(98,92), 0, 1
(98,93), 0, 1
(99,1), 0, 1
(99,2), 0, 1
(99,4), 0, 1
(99,5), 0, 1
(99,7), 0, 1
(99,8), 0, 1
(99,10), 0, 1
(99,11), 0, 1
(99,12), 0, 1
(99,13), 0, 1
(99,16), 0, 1
(99,18), 0, 1
(99,19), 0, 1
(99,20), 0, 1
(99,21), 0, 1
(99,22), 0, 1
(99,24), 0, 1
(99,25), 0, 1
(99,26), 0, 1
(99,27), 0, 1
(99,28), 0, 1
(99,29), 0, 1
(99,30), 0, 1
(99,31), 0, 1
(99,35), 0, 1
(99,36), 0, 1
(99,37), 0, 1
(99,38), 0, 1
(99,39), 0, 1
(99,41), 0, 1
(99,42), 0, 1
(99,43), 0, 1
(99,44), 0, 1
(99,45), 0, 1
(99,46), 0, 1
(99,47), 0, 1
(99,48), 0, 1
(99,49), 0, 1
(99,52), 0, 1
(99,53), 0, 1
(99,54), 0, 1
(99,55), 0, 1
(99,57), 0, 1
(99,58), 0, 1
(99,60), 0, 1
(99,64), 0, 1
(99,65), 0, 1
(99,66), 0, 1
(99,69), 0, 1
(99,70), 0, 1
(99,71), 0, 1
(99,72), 0, 1
(99,75), 0, 1
(99,76), 0, 1
(99,77), 0, 1
(99,79), 0, 1
(99,81), 0, 1
(99,82), 0, 1
(99,83), 0, 1
(99,84), 0, 1
(99,85), 0, 1
(99,86), 0, 1
(99,87), 0, 1
(99,88), 0, 1
(99,89), 0, 1
(99,90), 0, 1
(99,91), 0, 1
(99,92), 0, 1
(99,93), 0, 1
