Nr_Pairs = 93
Nr_NDD = 7
Nr_Arcs = 1705
0	0.9
1	0.05
2	0.05
3	0.9
4	0.9
5	0.2875000000000001
6	0.9
7	0.05
8	0.2875000000000001
9	0.2875000000000001
10	0.9
11	0.1
12	0.925
13	0.05
14	0.2875000000000001
15	0.9
16	0.05
17	0.1
18	0.05
19	0.05
20	0.2875000000000001
21	0.05
22	0.05
23	0.05
24	0.2875000000000001
25	0.32499999999999996
26	0.925
27	0.1
28	0.1
29	0.05
30	0.2875000000000001
31	0.1
32	0.1
33	0.05
34	0.05
35	0.2875000000000001
36	0.2875000000000001
37	0.1
38	0.05
39	0.2875000000000001
40	0.1
41	0.05
42	0.9
43	0.2875000000000001
44	0.32499999999999996
45	0.2875000000000001
46	0.05
47	0.9
48	0.05
49	0.2875000000000001
50	0.32499999999999996
51	0.1
52	0.2875000000000001
53	0.05
54	0.05
55	0.9
56	0.2875000000000001
57	0.1
58	0.05
59	0.1
60	0.05
61	0.05
62	0.05
63	0.925
64	0.05
65	0.925
66	0.9
67	0.1
68	0.05
69	0.1
70	0.2875000000000001
71	0.05
72	0.9
73	0.1
74	0.05
75	0.05
76	0.9
77	0.1
78	0.05
79	0.05
80	0.05
81	0.05
82	0.9
83	0.05
84	0.1
85	0.05
86	0.2875000000000001
87	0.05
88	0.05
89	0.05
90	0.1
91	0.9
92	0.32499999999999996
93	0.0
94	0.0
95	0.0
96	0.0
97	0.0
98	0.0
99	0.0
(0,1), 0, 1
(0,2), 0, 1
(0,5), 0, 1
(0,7), 0, 1
(0,8), 0, 1
(0,11), 0, 1
(0,13), 0, 1
(0,14), 0, 1
(0,16), 0, 1
(0,17), 0, 1
(0,18), 0, 1
(0,19), 0, 1
(0,20), 0, 1
(0,21), 0, 1
(0,22), 0, 1
(0,24), 0, 1
(0,25), 0, 1
(0,26), 0, 1
(0,27), 0, 1
(0,28), 0, 1
(0,30), 0, 1
(0,31), 0, 1
(0,32), 0, 1
(0,33), 0, 1
(0,34), 0, 1
(0,35), 0, 1
(0,37), 0, 1
(0,38), 0, 1
(0,39), 0, 1
(0,41), 0, 1
(0,43), 0, 1
(0,45), 0, 1
(0,46), 0, 1
(0,48), 0, 1
(0,49), 0, 1
(0,50), 0, 1
(0,51), 0, 1
(0,52), 0, 1
(0,53), 0, 1
(0,54), 0, 1
(0,55), 0, 1
(0,56), 0, 1
(0,57), 0, 1
(0,58), 0, 1
(0,59), 0, 1
(0,60), 0, 1
(0,61), 0, 1
(0,62), 0, 1
(0,64), 0, 1
(0,67), 0, 1
(0,68), 0, 1
(0,69), 0, 1
(0,70), 0, 1
(0,71), 0, 1
(0,73), 0, 1
(0,74), 0, 1
(0,75), 0, 1
(0,78), 0, 1
(0,79), 0, 1
(0,80), 0, 1
(0,81), 0, 1
(0,83), 0, 1
(0,84), 0, 1
(0,85), 0, 1
(0,87), 0, 1
(0,88), 0, 1
(0,89), 0, 1
(0,90), 0, 1
(0,92), 0, 1
(1,14), 0, 1
(1,23), 0, 1
(1,25), 0, 1
(1,29), 0, 1
(1,34), 0, 1
(1,35), 0, 1
(1,50), 0, 1
(1,92), 0, 1
(3,14), 0, 1
(3,23), 0, 1
(3,25), 0, 1
(3,29), 0, 1
(3,34), 0, 1
(3,35), 0, 1
(3,72), 0, 1
(3,92), 0, 1
(4,14), 0, 1
(4,23), 0, 1
(4,25), 0, 1
(4,29), 0, 1
(4,34), 0, 1
(4,35), 0, 1
(4,50), 0, 1
(4,92), 0, 1
(5,22), 0, 1
(5,27), 0, 1
(5,30), 0, 1
(5,33), 0, 1
(5,44), 0, 1
(5,57), 0, 1
(5,88), 0, 1
(6,14), 0, 1
(6,23), 0, 1
(6,25), 0, 1
(6,29), 0, 1
(6,34), 0, 1
(6,35), 0, 1
(6,50), 0, 1
(6,82), 0, 1
(7,22), 0, 1
(7,27), 0, 1
(7,30), 0, 1
(7,33), 0, 1
(7,44), 0, 1
(7,88), 0, 1
(8,14), 0, 1
(8,25), 0, 1
(8,29), 0, 1
(8,34), 0, 1
(8,92), 0, 1
(9,14), 0, 1
(9,23), 0, 1
(9,25), 0, 1
(9,29), 0, 1
(9,34), 0, 1
(9,35), 0, 1
(9,50), 0, 1
(9,92), 0, 1
(10,2), 0, 1
(10,5), 0, 1
(10,7), 0, 1
(10,8), 0, 1
(10,9), 0, 1
(10,11), 0, 1
(10,13), 0, 1
(10,16), 0, 1
(10,17), 0, 1
(10,18), 0, 1
(10,19), 0, 1
(10,20), 0, 1
(10,21), 0, 1
(10,22), 0, 1
(10,23), 0, 1
(10,24), 0, 1
(10,25), 0, 1
(10,27), 0, 1
(10,28), 0, 1
(10,29), 0, 1
(10,31), 0, 1
(10,32), 0, 1
(10,33), 0, 1
(10,34), 0, 1
(10,35), 0, 1
(10,37), 0, 1
(10,38), 0, 1
(10,40), 0, 1
(10,41), 0, 1
(10,45), 0, 1
(10,46), 0, 1
(10,48), 0, 1
(10,49), 0, 1
(10,50), 0, 1
(10,51), 0, 1
(10,52), 0, 1
(10,53), 0, 1
(10,54), 0, 1
(10,56), 0, 1
(10,57), 0, 1
(10,58), 0, 1
(10,60), 0, 1
(10,61), 0, 1
(10,62), 0, 1
(10,63), 0, 1
(10,64), 0, 1
(10,67), 0, 1
(10,68), 0, 1
(10,69), 0, 1
(10,71), 0, 1
(10,72), 0, 1
(10,73), 0, 1
(10,74), 0, 1
(10,75), 0, 1
(10,77), 0, 1
(10,78), 0, 1
(10,79), 0, 1
(10,80), 0, 1
(10,81), 0, 1
(10,83), 0, 1
(10,84), 0, 1
(10,85), 0, 1
(10,86), 0, 1
(10,87), 0, 1
(10,88), 0, 1
(10,89), 0, 1
(10,90), 0, 1
(10,92), 0, 1
(11,22), 0, 1
(11,25), 0, 1
(11,27), 0, 1
(11,33), 0, 1
(11,44), 0, 1
(11,88), 0, 1
(12,1), 0, 1
(12,2), 0, 1
(12,3), 0, 1
(12,5), 0, 1
(12,7), 0, 1
(12,11), 0, 1
(12,13), 0, 1
(12,14), 0, 1
(12,15), 0, 1
(12,16), 0, 1
(12,17), 0, 1
(12,18), 0, 1
(12,19), 0, 1
(12,20), 0, 1
(12,22), 0, 1
(12,23), 0, 1
(12,24), 0, 1
(12,25), 0, 1
(12,27), 0, 1
(12,28), 0, 1
(12,30), 0, 1
(12,31), 0, 1
(12,32), 0, 1
(12,33), 0, 1
(12,34), 0, 1
(12,35), 0, 1
(12,37), 0, 1
(12,38), 0, 1
(12,39), 0, 1
(12,42), 0, 1
(12,43), 0, 1
(12,44), 0, 1
(12,45), 0, 1
(12,46), 0, 1
(12,48), 0, 1
(12,50), 0, 1
(12,53), 0, 1
(12,54), 0, 1
(12,57), 0, 1
(12,59), 0, 1
(12,60), 0, 1
(12,61), 0, 1
(12,62), 0, 1
(12,64), 0, 1
(12,67), 0, 1
(12,68), 0, 1
(12,69), 0, 1
(12,70), 0, 1
(12,71), 0, 1
(12,73), 0, 1
(12,74), 0, 1
(12,75), 0, 1
(12,77), 0, 1
(12,78), 0, 1
(12,79), 0, 1
(12,80), 0, 1
(12,83), 0, 1
(12,84), 0, 1
(12,85), 0, 1
(12,86), 0, 1
(12,87), 0, 1
(12,88), 0, 1
(12,89), 0, 1
(12,90), 0, 1
(12,91), 0, 1
(12,92), 0, 1
(13,22), 0, 1
(13,25), 0, 1
(13,27), 0, 1
(13,33), 0, 1
(13,57), 0, 1
(13,88), 0, 1
(14,25), 0, 1
(14,29), 0, 1
(14,34), 0, 1
(14,50), 0, 1
(14,92), 0, 1
(15,14), 0, 1
(15,23), 0, 1
(15,29), 0, 1
(15,34), 0, 1
(15,50), 0, 1
(16,23), 0, 1
(16,29), 0, 1
(16,34), 0, 1
(16,35), 0, 1
(16,42), 0, 1
(16,50), 0, 1
(16,92), 0, 1
(17,14), 0, 1
(17,23), 0, 1
(17,25), 0, 1
(17,34), 0, 1
(17,35), 0, 1
(17,50), 0, 1
(17,82), 0, 1
(17,92), 0, 1
(18,1), 0, 1
(18,2), 0, 1
(18,5), 0, 1
(18,7), 0, 1
(18,8), 0, 1
(18,11), 0, 1
(18,13), 0, 1
(18,14), 0, 1
(18,16), 0, 1
(18,17), 0, 1
(18,19), 0, 1
(18,21), 0, 1
(18,22), 0, 1
(18,23), 0, 1
(18,24), 0, 1
(18,27), 0, 1
(18,28), 0, 1
(18,29), 0, 1
(18,30), 0, 1
(18,31), 0, 1
(18,32), 0, 1
(18,33), 0, 1
(18,34), 0, 1
(18,36), 0, 1
(18,37), 0, 1
(18,38), 0, 1
(18,39), 0, 1
(18,40), 0, 1
(18,41), 0, 1
(18,43), 0, 1
(18,46), 0, 1
(18,48), 0, 1
(18,50), 0, 1
(18,51), 0, 1
(18,52), 0, 1
(18,53), 0, 1
(18,54), 0, 1
(18,57), 0, 1
(18,58), 0, 1
(18,60), 0, 1
(18,61), 0, 1
(18,62), 0, 1
(18,67), 0, 1
(18,68), 0, 1
(18,69), 0, 1
(18,70), 0, 1
(18,71), 0, 1
(18,73), 0, 1
(18,74), 0, 1
(18,75), 0, 1
(18,77), 0, 1
(18,79), 0, 1
(18,83), 0, 1
(18,84), 0, 1
(18,85), 0, 1
(18,87), 0, 1
(18,88), 0, 1
(18,89), 0, 1
(18,90), 0, 1
(19,23), 0, 1
(19,25), 0, 1
(19,29), 0, 1
(19,34), 0, 1
(19,35), 0, 1
(19,50), 0, 1
(19,92), 0, 1
(20,0), 0, 1
(20,2), 0, 1
(20,5), 0, 1
(20,7), 0, 1
(20,9), 0, 1
(20,10), 0, 1
(20,11), 0, 1
(20,13), 0, 1
(20,14), 0, 1
(20,15), 0, 1
(20,16), 0, 1
(20,17), 0, 1
(20,18), 0, 1
(20,21), 0, 1
(20,22), 0, 1
(20,23), 0, 1
(20,24), 0, 1
(20,25), 0, 1
(20,27), 0, 1
(20,28), 0, 1
(20,29), 0, 1
(20,30), 0, 1
(20,31), 0, 1
(20,32), 0, 1
(20,33), 0, 1
(20,34), 0, 1
(20,36), 0, 1
(20,37), 0, 1
(20,39), 0, 1
(20,40), 0, 1
(20,41), 0, 1
(20,43), 0, 1
(20,44), 0, 1
(20,46), 0, 1
(20,48), 0, 1
(20,49), 0, 1
(20,50), 0, 1
(20,51), 0, 1
(20,52), 0, 1
(20,53), 0, 1
(20,54), 0, 1
(20,55), 0, 1
(20,57), 0, 1
(20,58), 0, 1
(20,59), 0, 1
(20,60), 0, 1
(20,61), 0, 1
(20,62), 0, 1
(20,64), 0, 1
(20,66), 0, 1
(20,67), 0, 1
(20,68), 0, 1
(20,69), 0, 1
(20,70), 0, 1
(20,71), 0, 1
(20,74), 0, 1
(20,75), 0, 1
(20,77), 0, 1
(20,78), 0, 1
(20,80), 0, 1
(20,83), 0, 1
(20,84), 0, 1
(20,85), 0, 1
(20,86), 0, 1
(20,87), 0, 1
(20,88), 0, 1
(20,89), 0, 1
(20,90), 0, 1
(20,92), 0, 1
(21,14), 0, 1
(21,25), 0, 1
(21,29), 0, 1
(21,34), 0, 1
(21,35), 0, 1
(21,92), 0, 1
(22,14), 0, 1
(22,23), 0, 1
(22,29), 0, 1
(22,34), 0, 1
(22,35), 0, 1
(22,91), 0, 1
(23,5), 0, 1
(23,22), 0, 1
(23,30), 0, 1
(23,33), 0, 1
(23,44), 0, 1
(23,57), 0, 1
(23,88), 0, 1
(24,23), 0, 1
(24,29), 0, 1
(24,34), 0, 1
(24,35), 0, 1
(24,50), 0, 1
(24,66), 0, 1
(24,91), 0, 1
(24,92), 0, 1
(25,14), 0, 1
(25,23), 0, 1
(25,29), 0, 1
(25,34), 0, 1
(25,50), 0, 1
(25,66), 0, 1
(25,82), 0, 1
(25,92), 0, 1
(26,1), 0, 1
(26,2), 0, 1
(26,4), 0, 1
(26,5), 0, 1
(26,6), 0, 1
(26,7), 0, 1
(26,8), 0, 1
(26,9), 0, 1
(26,11), 0, 1
(26,13), 0, 1
(26,14), 0, 1
(26,16), 0, 1
(26,17), 0, 1
(26,18), 0, 1
(26,19), 0, 1
(26,21), 0, 1
(26,22), 0, 1
(26,24), 0, 1
(26,27), 0, 1
(26,28), 0, 1
(26,29), 0, 1
(26,30), 0, 1
(26,31), 0, 1
(26,32), 0, 1
(26,33), 0, 1
(26,36), 0, 1
(26,37), 0, 1
(26,38), 0, 1
(26,39), 0, 1
(26,40), 0, 1
(26,41), 0, 1
(26,43), 0, 1
(26,44), 0, 1
(26,45), 0, 1
(26,46), 0, 1
(26,48), 0, 1
(26,49), 0, 1
(26,51), 0, 1
(26,53), 0, 1
(26,54), 0, 1
(26,56), 0, 1
(26,57), 0, 1
(26,58), 0, 1
(26,59), 0, 1
(26,60), 0, 1
(26,61), 0, 1
(26,62), 0, 1
(26,64), 0, 1
(26,66), 0, 1
(26,67), 0, 1
(26,68), 0, 1
(26,69), 0, 1
(26,71), 0, 1
(26,73), 0, 1
(26,75), 0, 1
(26,77), 0, 1
(26,78), 0, 1
(26,79), 0, 1
(26,80), 0, 1
(26,81), 0, 1
(26,83), 0, 1
(26,85), 0, 1
(26,86), 0, 1
(26,87), 0, 1
(26,88), 0, 1
(26,89), 0, 1
(26,90), 0, 1
(26,92), 0, 1
(27,25), 0, 1
(28,5), 0, 1
(28,22), 0, 1
(28,27), 0, 1
(28,30), 0, 1
(28,33), 0, 1
(28,44), 0, 1
(28,57), 0, 1
(28,88), 0, 1
(29,5), 0, 1
(29,22), 0, 1
(29,27), 0, 1
(29,30), 0, 1
(29,33), 0, 1
(29,57), 0, 1
(29,88), 0, 1
(30,5), 0, 1
(30,22), 0, 1
(30,25), 0, 1
(30,27), 0, 1
(30,33), 0, 1
(30,57), 0, 1
(30,88), 0, 1
(31,25), 0, 1
(33,25), 0, 1
(33,29), 0, 1
(33,34), 0, 1
(33,35), 0, 1
(33,50), 0, 1
(33,92), 0, 1
(34,5), 0, 1
(34,22), 0, 1
(34,27), 0, 1
(34,30), 0, 1
(34,33), 0, 1
(34,88), 0, 1
(35,22), 0, 1
(35,27), 0, 1
(35,30), 0, 1
(35,33), 0, 1
(35,44), 0, 1
(35,57), 0, 1
(35,88), 0, 1
(36,14), 0, 1
(36,23), 0, 1
(36,25), 0, 1
(36,29), 0, 1
(36,34), 0, 1
(36,35), 0, 1
(37,0), 0, 1
(37,14), 0, 1
(37,23), 0, 1
(37,25), 0, 1
(37,29), 0, 1
(37,34), 0, 1
(37,35), 0, 1
(37,72), 0, 1
(38,14), 0, 1
(38,23), 0, 1
(38,29), 0, 1
(38,34), 0, 1
(38,35), 0, 1
(38,50), 0, 1
(38,92), 0, 1
(39,23), 0, 1
(39,25), 0, 1
(39,29), 0, 1
(39,35), 0, 1
(39,42), 0, 1
(39,50), 0, 1
(40,1), 0, 1
(40,2), 0, 1
(40,5), 0, 1
(40,7), 0, 1
(40,8), 0, 1
(40,9), 0, 1
(40,11), 0, 1
(40,13), 0, 1
(40,16), 0, 1
(40,17), 0, 1
(40,19), 0, 1
(40,20), 0, 1
(40,21), 0, 1
(40,22), 0, 1
(40,23), 0, 1
(40,24), 0, 1
(40,25), 0, 1
(40,27), 0, 1
(40,28), 0, 1
(40,29), 0, 1
(40,30), 0, 1
(40,31), 0, 1
(40,32), 0, 1
(40,33), 0, 1
(40,34), 0, 1
(40,35), 0, 1
(40,37), 0, 1
(40,38), 0, 1
(40,41), 0, 1
(40,42), 0, 1
(40,43), 0, 1
(40,44), 0, 1
(40,48), 0, 1
(40,49), 0, 1
(40,50), 0, 1
(40,51), 0, 1
(40,53), 0, 1
(40,54), 0, 1
(40,57), 0, 1
(40,58), 0, 1
(40,59), 0, 1
(40,60), 0, 1
(40,61), 0, 1
(40,62), 0, 1
(40,64), 0, 1
(40,67), 0, 1
(40,68), 0, 1
(40,69), 0, 1
(40,71), 0, 1
(40,73), 0, 1
(40,74), 0, 1
(40,75), 0, 1
(40,77), 0, 1
(40,78), 0, 1
(40,79), 0, 1
(40,80), 0, 1
(40,81), 0, 1
(40,83), 0, 1
(40,84), 0, 1
(40,85), 0, 1
(40,86), 0, 1
(40,87), 0, 1
(40,88), 0, 1
(40,89), 0, 1
(40,90), 0, 1
(41,25), 0, 1
(42,5), 0, 1
(42,22), 0, 1
(42,25), 0, 1
(42,30), 0, 1
(42,33), 0, 1
(42,57), 0, 1
(42,88), 0, 1
(43,0), 0, 1
(43,1), 0, 1
(43,2), 0, 1
(43,5), 0, 1
(43,7), 0, 1
(43,8), 0, 1
(43,9), 0, 1
(43,11), 0, 1
(43,13), 0, 1
(43,14), 0, 1
(43,16), 0, 1
(43,17), 0, 1
(43,18), 0, 1
(43,19), 0, 1
(43,23), 0, 1
(43,24), 0, 1
(43,27), 0, 1
(43,28), 0, 1
(43,29), 0, 1
(43,30), 0, 1
(43,31), 0, 1
(43,32), 0, 1
(43,33), 0, 1
(43,34), 0, 1
(43,35), 0, 1
(43,36), 0, 1
(43,37), 0, 1
(43,38), 0, 1
(43,39), 0, 1
(43,40), 0, 1
(43,41), 0, 1
(43,44), 0, 1
(43,45), 0, 1
(43,46), 0, 1
(43,48), 0, 1
(43,49), 0, 1
(43,51), 0, 1
(43,53), 0, 1
(43,54), 0, 1
(43,56), 0, 1
(43,57), 0, 1
(43,58), 0, 1
(43,59), 0, 1
(43,60), 0, 1
(43,61), 0, 1
(43,62), 0, 1
(43,64), 0, 1
(43,67), 0, 1
(43,68), 0, 1
(43,69), 0, 1
(43,70), 0, 1
(43,71), 0, 1
(43,73), 0, 1
(43,74), 0, 1
(43,75), 0, 1
(43,77), 0, 1
(43,78), 0, 1
(43,79), 0, 1
(43,80), 0, 1
(43,81), 0, 1
(43,82), 0, 1
(43,83), 0, 1
(43,85), 0, 1
(43,86), 0, 1
(43,87), 0, 1
(43,88), 0, 1
(43,89), 0, 1
(43,90), 0, 1
(43,92), 0, 1
(44,14), 0, 1
(44,23), 0, 1
(44,25), 0, 1
(44,29), 0, 1
(44,34), 0, 1
(44,35), 0, 1
(44,50), 0, 1
(44,92), 0, 1
(45,25), 0, 1
(46,23), 0, 1
(46,25), 0, 1
(46,29), 0, 1
(46,34), 0, 1
(46,35), 0, 1
(46,42), 0, 1
(46,50), 0, 1
(46,82), 0, 1
(46,92), 0, 1
(47,0), 0, 1
(47,14), 0, 1
(47,23), 0, 1
(47,25), 0, 1
(47,29), 0, 1
(47,34), 0, 1
(47,35), 0, 1
(47,50), 0, 1
(48,5), 0, 1
(48,22), 0, 1
(48,27), 0, 1
(48,30), 0, 1
(48,33), 0, 1
(48,44), 0, 1
(48,57), 0, 1
(48,88), 0, 1
(49,5), 0, 1
(49,22), 0, 1
(49,25), 0, 1
(49,27), 0, 1
(49,30), 0, 1
(49,33), 0, 1
(49,44), 0, 1
(49,57), 0, 1
(49,88), 0, 1
(50,25), 0, 1
(51,14), 0, 1
(51,23), 0, 1
(51,29), 0, 1
(51,34), 0, 1
(51,35), 0, 1
(51,42), 0, 1
(51,50), 0, 1
(51,92), 0, 1
(52,14), 0, 1
(52,23), 0, 1
(52,25), 0, 1
(52,29), 0, 1
(52,34), 0, 1
(53,14), 0, 1
(53,23), 0, 1
(53,29), 0, 1
(53,34), 0, 1
(53,35), 0, 1
(53,50), 0, 1
(54,23), 0, 1
(54,25), 0, 1
(54,29), 0, 1
(54,34), 0, 1
(54,35), 0, 1
(54,50), 0, 1
(55,23), 0, 1
(55,25), 0, 1
(55,29), 0, 1
(55,34), 0, 1
(55,35), 0, 1
(55,92), 0, 1
(56,14), 0, 1
(56,25), 0, 1
(56,29), 0, 1
(56,34), 0, 1
(56,35), 0, 1
(56,50), 0, 1
(56,92), 0, 1
(57,23), 0, 1
(57,29), 0, 1
(57,34), 0, 1
(58,23), 0, 1
(58,29), 0, 1
(58,34), 0, 1
(58,50), 0, 1
(58,92), 0, 1
(59,23), 0, 1
(59,25), 0, 1
(59,29), 0, 1
(59,34), 0, 1
(59,35), 0, 1
(59,50), 0, 1
(60,5), 0, 1
(60,22), 0, 1
(60,25), 0, 1
(60,27), 0, 1
(60,30), 0, 1
(60,33), 0, 1
(60,44), 0, 1
(60,57), 0, 1
(60,88), 0, 1
(61,14), 0, 1
(61,23), 0, 1
(61,25), 0, 1
(61,29), 0, 1
(61,50), 0, 1
(61,92), 0, 1
(62,23), 0, 1
(62,29), 0, 1
(62,34), 0, 1
(62,35), 0, 1
(62,50), 0, 1
(62,92), 0, 1
(63,25), 0, 1
(64,0), 0, 1
(64,23), 0, 1
(64,25), 0, 1
(64,29), 0, 1
(64,34), 0, 1
(64,50), 0, 1
(64,72), 0, 1
(64,82), 0, 1
(64,92), 0, 1
(65,1), 0, 1
(65,2), 0, 1
(65,7), 0, 1
(65,9), 0, 1
(65,11), 0, 1
(65,13), 0, 1
(65,14), 0, 1
(65,15), 0, 1
(65,16), 0, 1
(65,17), 0, 1
(65,18), 0, 1
(65,19), 0, 1
(65,20), 0, 1
(65,21), 0, 1
(65,22), 0, 1
(65,23), 0, 1
(65,24), 0, 1
(65,25), 0, 1
(65,27), 0, 1
(65,29), 0, 1
(65,31), 0, 1
(65,32), 0, 1
(65,33), 0, 1
(65,34), 0, 1
(65,35), 0, 1
(65,36), 0, 1
(65,37), 0, 1
(65,38), 0, 1
(65,39), 0, 1
(65,40), 0, 1
(65,41), 0, 1
(65,43), 0, 1
(65,44), 0, 1
(65,45), 0, 1
(65,48), 0, 1
(65,49), 0, 1
(65,51), 0, 1
(65,54), 0, 1
(65,56), 0, 1
(65,57), 0, 1
(65,58), 0, 1
(65,59), 0, 1
(65,60), 0, 1
(65,61), 0, 1
(65,62), 0, 1
(65,67), 0, 1
(65,68), 0, 1
(65,69), 0, 1
(65,70), 0, 1
(65,71), 0, 1
(65,74), 0, 1
(65,75), 0, 1
(65,77), 0, 1
(65,78), 0, 1
(65,79), 0, 1
(65,80), 0, 1
(65,81), 0, 1
(65,82), 0, 1
(65,83), 0, 1
(65,85), 0, 1
(65,86), 0, 1
(65,87), 0, 1
(65,88), 0, 1
(65,89), 0, 1
(65,90), 0, 1
(66,14), 0, 1
(66,23), 0, 1
(66,25), 0, 1
(66,29), 0, 1
(66,34), 0, 1
(66,35), 0, 1
(66,92), 0, 1
(67,1), 0, 1
(67,6), 0, 1
(67,7), 0, 1
(67,8), 0, 1
(67,9), 0, 1
(67,11), 0, 1
(67,13), 0, 1
(67,16), 0, 1
(67,18), 0, 1
(67,19), 0, 1
(67,20), 0, 1
(67,21), 0, 1
(67,22), 0, 1
(67,23), 0, 1
(67,26), 0, 1
(67,27), 0, 1
(67,28), 0, 1
(67,29), 0, 1
(67,30), 0, 1
(67,31), 0, 1
(67,32), 0, 1
(67,33), 0, 1
(67,34), 0, 1
(67,35), 0, 1
(67,36), 0, 1
(67,37), 0, 1
(67,38), 0, 1
(67,39), 0, 1
(67,40), 0, 1
(67,41), 0, 1
(67,43), 0, 1
(67,44), 0, 1
(67,46), 0, 1
(67,48), 0, 1
(67,49), 0, 1
(67,50), 0, 1
(67,51), 0, 1
(67,53), 0, 1
(67,54), 0, 1
(67,56), 0, 1
(67,57), 0, 1
(67,58), 0, 1
(67,59), 0, 1
(67,60), 0, 1
(67,61), 0, 1
(67,62), 0, 1
(67,68), 0, 1
(67,69), 0, 1
(67,70), 0, 1
(67,71), 0, 1
(67,73), 0, 1
(67,74), 0, 1
(67,75), 0, 1
(67,77), 0, 1
(67,78), 0, 1
(67,79), 0, 1
(67,80), 0, 1
(67,82), 0, 1
(67,83), 0, 1
(67,84), 0, 1
(67,85), 0, 1
(67,86), 0, 1
(67,87), 0, 1
(67,88), 0, 1
(67,89), 0, 1
(67,90), 0, 1
(67,92), 0, 1
(68,23), 0, 1
(68,25), 0, 1
(68,29), 0, 1
(68,34), 0, 1
(68,35), 0, 1
(68,50), 0, 1
(69,14), 0, 1
(69,23), 0, 1
(69,29), 0, 1
(69,35), 0, 1
(69,42), 0, 1
(69,92), 0, 1
(70,14), 0, 1
(70,23), 0, 1
(70,25), 0, 1
(70,29), 0, 1
(70,35), 0, 1
(70,50), 0, 1
(70,92), 0, 1
(71,25), 0, 1
(72,23), 0, 1
(72,25), 0, 1
(72,29), 0, 1
(72,34), 0, 1
(72,50), 0, 1
(72,92), 0, 1
(73,0), 0, 1
(73,1), 0, 1
(73,2), 0, 1
(73,5), 0, 1
(73,9), 0, 1
(73,13), 0, 1
(73,16), 0, 1
(73,17), 0, 1
(73,18), 0, 1
(73,19), 0, 1
(73,20), 0, 1
(73,21), 0, 1
(73,22), 0, 1
(73,23), 0, 1
(73,25), 0, 1
(73,27), 0, 1
(73,28), 0, 1
(73,29), 0, 1
(73,30), 0, 1
(73,31), 0, 1
(73,32), 0, 1
(73,33), 0, 1
(73,36), 0, 1
(73,37), 0, 1
(73,38), 0, 1
(73,40), 0, 1
(73,41), 0, 1
(73,42), 0, 1
(73,44), 0, 1
(73,45), 0, 1
(73,46), 0, 1
(73,48), 0, 1
(73,50), 0, 1
(73,51), 0, 1
(73,52), 0, 1
(73,53), 0, 1
(73,54), 0, 1
(73,56), 0, 1
(73,57), 0, 1
(73,58), 0, 1
(73,59), 0, 1
(73,60), 0, 1
(73,61), 0, 1
(73,62), 0, 1
(73,64), 0, 1
(73,67), 0, 1
(73,68), 0, 1
(73,69), 0, 1
(73,70), 0, 1
(73,71), 0, 1
(73,74), 0, 1
(73,75), 0, 1
(73,77), 0, 1
(73,78), 0, 1
(73,79), 0, 1
(73,80), 0, 1
(73,81), 0, 1
(73,83), 0, 1
(73,84), 0, 1
(73,85), 0, 1
(73,86), 0, 1
(73,87), 0, 1
(73,88), 0, 1
(73,89), 0, 1
(73,90), 0, 1
(73,92), 0, 1
(74,23), 0, 1
(74,25), 0, 1
(74,29), 0, 1
(74,35), 0, 1
(74,92), 0, 1
(75,14), 0, 1
(75,23), 0, 1
(75,25), 0, 1
(75,29), 0, 1
(75,34), 0, 1
(75,50), 0, 1
(75,92), 0, 1
(76,5), 0, 1
(76,22), 0, 1
(76,25), 0, 1
(76,30), 0, 1
(76,33), 0, 1
(76,57), 0, 1
(76,88), 0, 1
(77,14), 0, 1
(77,23), 0, 1
(77,25), 0, 1
(77,29), 0, 1
(77,34), 0, 1
(77,35), 0, 1
(77,50), 0, 1
(77,92), 0, 1
(78,14), 0, 1
(78,29), 0, 1
(78,50), 0, 1
(78,92), 0, 1
(79,14), 0, 1
(79,25), 0, 1
(79,29), 0, 1
(79,34), 0, 1
(79,35), 0, 1
(79,50), 0, 1
(79,92), 0, 1
(80,0), 0, 1
(80,23), 0, 1
(80,25), 0, 1
(80,29), 0, 1
(80,34), 0, 1
(80,35), 0, 1
(80,50), 0, 1
(80,92), 0, 1
(81,14), 0, 1
(81,23), 0, 1
(81,29), 0, 1
(81,34), 0, 1
(81,92), 0, 1
(82,1), 0, 1
(82,2), 0, 1
(82,5), 0, 1
(82,7), 0, 1
(82,8), 0, 1
(82,9), 0, 1
(82,13), 0, 1
(82,14), 0, 1
(82,16), 0, 1
(82,17), 0, 1
(82,18), 0, 1
(82,19), 0, 1
(82,20), 0, 1
(82,21), 0, 1
(82,22), 0, 1
(82,23), 0, 1
(82,27), 0, 1
(82,28), 0, 1
(82,29), 0, 1
(82,31), 0, 1
(82,32), 0, 1
(82,33), 0, 1
(82,34), 0, 1
(82,35), 0, 1
(82,36), 0, 1
(82,38), 0, 1
(82,39), 0, 1
(82,40), 0, 1
(82,41), 0, 1
(82,46), 0, 1
(82,48), 0, 1
(82,49), 0, 1
(82,50), 0, 1
(82,51), 0, 1
(82,53), 0, 1
(82,54), 0, 1
(82,56), 0, 1
(82,57), 0, 1
(82,58), 0, 1
(82,59), 0, 1
(82,60), 0, 1
(82,61), 0, 1
(82,62), 0, 1
(82,64), 0, 1
(82,66), 0, 1
(82,67), 0, 1
(82,68), 0, 1
(82,69), 0, 1
(82,70), 0, 1
(82,71), 0, 1
(82,73), 0, 1
(82,74), 0, 1
(82,75), 0, 1
(82,77), 0, 1
(82,78), 0, 1
(82,79), 0, 1
(82,80), 0, 1
(82,81), 0, 1
(82,83), 0, 1
(82,84), 0, 1
(82,85), 0, 1
(82,87), 0, 1
(82,88), 0, 1
(82,89), 0, 1
(82,90), 0, 1
(83,14), 0, 1
(83,23), 0, 1
(83,25), 0, 1
(83,29), 0, 1
(83,34), 0, 1
(83,35), 0, 1
(83,72), 0, 1
(83,91), 0, 1
(84,14), 0, 1
(84,23), 0, 1
(84,29), 0, 1
(84,34), 0, 1
(84,92), 0, 1
(85,22), 0, 1
(85,25), 0, 1
(85,27), 0, 1
(85,30), 0, 1
(85,33), 0, 1
(85,44), 0, 1
(85,57), 0, 1
(85,88), 0, 1
(86,1), 0, 1
(86,2), 0, 1
(86,7), 0, 1
(86,8), 0, 1
(86,9), 0, 1
(86,11), 0, 1
(86,13), 0, 1
(86,14), 0, 1
(86,16), 0, 1
(86,17), 0, 1
(86,18), 0, 1
(86,19), 0, 1
(86,21), 0, 1
(86,22), 0, 1
(86,23), 0, 1
(86,24), 0, 1
(86,25), 0, 1
(86,27), 0, 1
(86,28), 0, 1
(86,29), 0, 1
(86,30), 0, 1
(86,31), 0, 1
(86,32), 0, 1
(86,33), 0, 1
(86,34), 0, 1
(86,35), 0, 1
(86,36), 0, 1
(86,38), 0, 1
(86,39), 0, 1
(86,40), 0, 1
(86,41), 0, 1
(86,43), 0, 1
(86,45), 0, 1
(86,46), 0, 1
(86,47), 0, 1
(86,48), 0, 1
(86,50), 0, 1
(86,51), 0, 1
(86,52), 0, 1
(86,53), 0, 1
(86,54), 0, 1
(86,56), 0, 1
(86,57), 0, 1
(86,58), 0, 1
(86,59), 0, 1
(86,60), 0, 1
(86,61), 0, 1
(86,62), 0, 1
(86,64), 0, 1
(86,67), 0, 1
(86,68), 0, 1
(86,69), 0, 1
(86,70), 0, 1
(86,71), 0, 1
(86,73), 0, 1
(86,74), 0, 1
(86,75), 0, 1
(86,76), 0, 1
(86,77), 0, 1
(86,78), 0, 1
(86,79), 0, 1
(86,80), 0, 1
(86,83), 0, 1
(86,84), 0, 1
(86,85), 0, 1
(86,87), 0, 1
(86,88), 0, 1
(86,89), 0, 1
(86,90), 0, 1
(87,22), 0, 1
(87,25), 0, 1
(87,27), 0, 1
(87,30), 0, 1
(87,33), 0, 1
(87,44), 0, 1
(87,57), 0, 1
(87,88), 0, 1
(88,14), 0, 1
(88,23), 0, 1
(88,25), 0, 1
(88,29), 0, 1
(88,35), 0, 1
(88,50), 0, 1
(89,22), 0, 1
(89,25), 0, 1
(89,27), 0, 1
(89,30), 0, 1
(89,33), 0, 1
(89,88), 0, 1
(90,5), 0, 1
(90,22), 0, 1
(90,25), 0, 1
(90,27), 0, 1
(90,30), 0, 1
(90,33), 0, 1
(90,57), 0, 1
(90,66), 0, 1
(90,88), 0, 1
(91,2), 0, 1
(91,5), 0, 1
(91,7), 0, 1
(91,8), 0, 1
(91,9), 0, 1
(91,11), 0, 1
(91,13), 0, 1
(91,14), 0, 1
(91,16), 0, 1
(91,17), 0, 1
(91,18), 0, 1
(91,19), 0, 1
(91,20), 0, 1
(91,21), 0, 1
(91,22), 0, 1
(91,27), 0, 1
(91,28), 0, 1
(91,29), 0, 1
(91,30), 0, 1
(91,31), 0, 1
(91,32), 0, 1
(91,33), 0, 1
(91,34), 0, 1
(91,35), 0, 1
(91,36), 0, 1
(91,37), 0, 1
(91,38), 0, 1
(91,39), 0, 1
(91,40), 0, 1
(91,41), 0, 1
(91,43), 0, 1
(91,44), 0, 1
(91,46), 0, 1
(91,48), 0, 1
(91,49), 0, 1
(91,50), 0, 1
(91,51), 0, 1
(91,52), 0, 1
(91,53), 0, 1
(91,54), 0, 1
(91,57), 0, 1
(91,58), 0, 1
(91,59), 0, 1
(91,60), 0, 1
(91,61), 0, 1
(91,62), 0, 1
(91,64), 0, 1
(91,67), 0, 1
(91,68), 0, 1
(91,70), 0, 1
(91,71), 0, 1
(91,73), 0, 1
(91,74), 0, 1
(91,75), 0, 1
(91,77), 0, 1
(91,78), 0, 1
(91,79), 0, 1
(91,80), 0, 1
(91,81), 0, 1
(91,83), 0, 1
(91,84), 0, 1
(91,85), 0, 1
(91,86), 0, 1
(91,87), 0, 1
(91,88), 0, 1
(91,90), 0, 1
(91,92), 0, 1
(92,22), 0, 1
(92,25), 0, 1
(92,27), 0, 1
(92,30), 0, 1
(92,33), 0, 1
(92,44), 0, 1
(92,57), 0, 1
(92,66), 0, 1
(93,14), 0, 1
(93,23), 0, 1
(93,25), 0, 1
(93,29), 0, 1
(93,34), 0, 1
(93,35), 0, 1
(93,42), 0, 1
(93,82), 0, 1
(94,0), 0, 1
(94,1), 0, 1
(94,2), 0, 1
(94,5), 0, 1
(94,7), 0, 1
(94,8), 0, 1
(94,9), 0, 1
(94,11), 0, 1
(94,13), 0, 1
(94,14), 0, 1
(94,16), 0, 1
(94,17), 0, 1
(94,18), 0, 1
(94,19), 0, 1
(94,20), 0, 1
(94,22), 0, 1
(94,23), 0, 1
(94,24), 0, 1
(94,25), 0, 1
(94,27), 0, 1
(94,28), 0, 1
(94,29), 0, 1
(94,30), 0, 1
(94,31), 0, 1
(94,32), 0, 1
(94,33), 0, 1
(94,34), 0, 1
(94,35), 0, 1
(94,36), 0, 1
(94,37), 0, 1
(94,38), 0, 1
(94,41), 0, 1
(94,43), 0, 1
(94,44), 0, 1
(94,48), 0, 1
(94,49), 0, 1
(94,51), 0, 1
(94,53), 0, 1
(94,54), 0, 1
(94,56), 0, 1
(94,57), 0, 1
(94,58), 0, 1
(94,59), 0, 1
(94,60), 0, 1
(94,61), 0, 1
(94,62), 0, 1
(94,64), 0, 1
(94,66), 0, 1
(94,67), 0, 1
(94,68), 0, 1
(94,69), 0, 1
(94,70), 0, 1
(94,71), 0, 1
(94,72), 0, 1
(94,73), 0, 1
(94,74), 0, 1
(94,75), 0, 1
(94,77), 0, 1
(94,78), 0, 1
(94,79), 0, 1
(94,80), 0, 1
(94,81), 0, 1
(94,83), 0, 1
(94,84), 0, 1
(94,85), 0, 1
(94,87), 0, 1
(94,88), 0, 1
(94,89), 0, 1
(94,90), 0, 1
(95,1), 0, 1
(95,2), 0, 1
(95,5), 0, 1
(95,6), 0, 1
(95,7), 0, 1
(95,9), 0, 1
(95,10), 0, 1
(95,11), 0, 1
(95,13), 0, 1
(95,14), 0, 1
(95,16), 0, 1
(95,17), 0, 1
(95,18), 0, 1
(95,19), 0, 1
(95,22), 0, 1
(95,23), 0, 1
(95,24), 0, 1
(95,25), 0, 1
(95,28), 0, 1
(95,29), 0, 1
(95,30), 0, 1
(95,31), 0, 1
(95,33), 0, 1
(95,34), 0, 1
(95,36), 0, 1
(95,38), 0, 1
(95,39), 0, 1
(95,40), 0, 1
(95,41), 0, 1
(95,44), 0, 1
(95,46), 0, 1
(95,48), 0, 1
(95,50), 0, 1
(95,51), 0, 1
(95,53), 0, 1
(95,54), 0, 1
(95,55), 0, 1
(95,56), 0, 1
(95,57), 0, 1
(95,58), 0, 1
(95,59), 0, 1
(95,60), 0, 1
(95,61), 0, 1
(95,62), 0, 1
(95,64), 0, 1
(95,67), 0, 1
(95,68), 0, 1
(95,69), 0, 1
(95,71), 0, 1
(95,73), 0, 1
(95,75), 0, 1
(95,76), 0, 1
(95,77), 0, 1
(95,78), 0, 1
(95,79), 0, 1
(95,80), 0, 1
(95,81), 0, 1
(95,83), 0, 1
(95,84), 0, 1
(95,85), 0, 1
(95,86), 0, 1
(95,87), 0, 1
(95,88), 0, 1
(95,89), 0, 1
(95,90), 0, 1
(95,92), 0, 1
(96,14), 0, 1
(96,23), 0, 1
(96,29), 0, 1
(96,34), 0, 1
(96,35), 0, 1
(96,72), 0, 1
(97,1), 0, 1
(97,2), 0, 1
(97,5), 0, 1
(97,7), 0, 1
(97,8), 0, 1
(97,9), 0, 1
(97,13), 0, 1
(97,14), 0, 1
(97,16), 0, 1
(97,17), 0, 1
(97,18), 0, 1
(97,19), 0, 1
(97,20), 0, 1
(97,23), 0, 1
(97,24), 0, 1
(97,27), 0, 1
(97,28), 0, 1
(97,29), 0, 1
(97,31), 0, 1
(97,32), 0, 1
(97,33), 0, 1
(97,34), 0, 1
(97,35), 0, 1
(97,36), 0, 1
(97,37), 0, 1
(97,38), 0, 1
(97,40), 0, 1
(97,41), 0, 1
(97,44), 0, 1
(97,45), 0, 1
(97,46), 0, 1
(97,48), 0, 1
(97,50), 0, 1
(97,51), 0, 1
(97,52), 0, 1
(97,53), 0, 1
(97,54), 0, 1
(97,55), 0, 1
(97,56), 0, 1
(97,57), 0, 1
(97,58), 0, 1
(97,59), 0, 1
(97,60), 0, 1
(97,61), 0, 1
(97,62), 0, 1
(97,64), 0, 1
(97,68), 0, 1
(97,69), 0, 1
(97,70), 0, 1
(97,71), 0, 1
(97,72), 0, 1
(97,73), 0, 1
(97,74), 0, 1
(97,75), 0, 1
(97,77), 0, 1
(97,78), 0, 1
(97,79), 0, 1
(97,81), 0, 1
(97,83), 0, 1
(97,84), 0, 1
(97,85), 0, 1
(97,87), 0, 1
(97,88), 0, 1
(97,89), 0, 1
(97,90), 0, 1
(98,1), 0, 1
(98,2), 0, 1
(98,5), 0, 1
(98,7), 0, 1
(98,8), 0, 1
(98,9), 0, 1
(98,11), 0, 1
(98,13), 0, 1
(98,14), 0, 1
(98,16), 0, 1
(98,18), 0, 1
(98,19), 0, 1
(98,20), 0, 1
(98,21), 0, 1
(98,22), 0, 1
(98,23), 0, 1
(98,24), 0, 1
(98,25), 0, 1
(98,27), 0, 1
(98,28), 0, 1
(98,29), 0, 1
(98,31), 0, 1
(98,32), 0, 1
(98,33), 0, 1
(98,35), 0, 1
(98,36), 0, 1
(98,37), 0, 1
(98,38), 0, 1
(98,39), 0, 1
(98,40), 0, 1
(98,41), 0, 1
(98,43), 0, 1
(98,44), 0, 1
(98,45), 0, 1
(98,46), 0, 1
(98,47), 0, 1
(98,48), 0, 1
(98,49), 0, 1
(98,51), 0, 1
(98,54), 0, 1
(98,57), 0, 1
(98,58), 0, 1
(98,59), 0, 1
(98,60), 0, 1
(98,61), 0, 1
(98,62), 0, 1
(98,64), 0, 1
(98,67), 0, 1
(98,68), 0, 1
(98,69), 0, 1
(98,70), 0, 1
(98,71), 0, 1
(98,73), 0, 1
(98,74), 0, 1
(98,75), 0, 1
(98,76), 0, 1
(98,77), 0, 1
(98,78), 0, 1
(98,79), 0, 1
(98,81), 0, 1
(98,83), 0, 1
(98,84), 0, 1
(98,85), 0, 1
(98,86), 0, 1
(98,87), 0, 1
(98,88), 0, 1
(98,89), 0, 1
(98,90), 0, 1
(98,92), 0, 1
(99,22), 0, 1
(99,25), 0, 1
(99,27), 0, 1
(99,33), 0, 1
(99,44), 0, 1
(99,88), 0, 1
