Nr_Pairs = 94
Nr_NDD = 6
Nr_Arcs = 2167
0	0.925
1	0.1
2	0.32499999999999996
3	0.925
4	0.05
5	0.05
6	0.05
7	0.1
8	0.32499999999999996
9	0.1
10	0.1
11	0.1
12	0.05
13	0.9
14	0.05
15	0.1
16	0.9
17	0.1
18	0.2875000000000001
19	0.9
20	0.05
21	0.2875000000000001
22	0.05
23	0.2875000000000001
24	0.05
25	0.9
26	0.2875000000000001
27	0.05
28	0.9
29	0.05
30	0.9
31	0.2875000000000001
32	0.9
33	0.05
34	0.1
35	0.05
36	0.05
37	0.05
38	0.05
39	0.9
40	0.1
41	0.05
42	0.1
43	0.05
44	0.9
45	0.1
46	0.05
47	0.1
48	0.05
49	0.2875000000000001
50	0.9
51	0.2875000000000001
52	0.1
53	0.9
54	0.925
55	0.05
56	0.2875000000000001
57	0.2875000000000001
58	0.05
59	0.1
60	0.05
61	0.05
62	0.1
63	0.9
64	0.05
65	0.05
66	0.05
67	0.32499999999999996
68	0.05
69	0.925
70	0.9
71	0.05
72	0.2875000000000001
73	0.2875000000000001
74	0.9
75	0.9
76	0.05
77	0.9
78	0.1
79	0.05
80	0.05
81	0.05
82	0.05
83	0.2875000000000001
84	0.925
85	0.1
86	0.05
87	0.05
88	0.05
89	0.05
90	0.1
91	0.1
92	0.05
93	0.1
94	0.0
95	0.0
96	0.0
97	0.0
98	0.0
99	0.0
(0,1), 0, 1
(0,2), 0, 1
(0,4), 0, 1
(0,5), 0, 1
(0,6), 0, 1
(0,7), 0, 1
(0,8), 0, 1
(0,9), 0, 1
(0,10), 0, 1
(0,11), 0, 1
(0,12), 0, 1
(0,14), 0, 1
(0,15), 0, 1
(0,17), 0, 1
(0,18), 0, 1
(0,20), 0, 1
(0,21), 0, 1
(0,22), 0, 1
(0,23), 0, 1
(0,24), 0, 1
(0,27), 0, 1
(0,29), 0, 1
(0,31), 0, 1
(0,33), 0, 1
(0,34), 0, 1
(0,35), 0, 1
(0,36), 0, 1
(0,37), 0, 1
(0,38), 0, 1
(0,40), 0, 1
(0,41), 0, 1
(0,42), 0, 1
(0,43), 0, 1
(0,45), 0, 1
(0,46), 0, 1
(0,47), 0, 1
(0,48), 0, 1
(0,52), 0, 1
(0,55), 0, 1
(0,56), 0, 1
(0,58), 0, 1
(0,59), 0, 1
(0,61), 0, 1
(0,62), 0, 1
(0,64), 0, 1
(0,65), 0, 1
(0,66), 0, 1
(0,68), 0, 1
(0,71), 0, 1
(0,72), 0, 1
(0,76), 0, 1
(0,78), 0, 1
(0,79), 0, 1
(0,80), 0, 1
(0,81), 0, 1
(0,82), 0, 1
(0,83), 0, 1
(0,84), 0, 1
(0,85), 0, 1
(0,86), 0, 1
(0,87), 0, 1
(0,88), 0, 1
(0,89), 0, 1
(0,90), 0, 1
(0,92), 0, 1
(0,93), 0, 1
(1,11), 0, 1
(1,22), 0, 1
(1,24), 0, 1
(1,27), 0, 1
(1,38), 0, 1
(1,42), 0, 1
(1,57), 0, 1
(2,1), 0, 1
(2,4), 0, 1
(2,5), 0, 1
(2,6), 0, 1
(2,7), 0, 1
(2,8), 0, 1
(2,9), 0, 1
(2,10), 0, 1
(2,11), 0, 1
(2,12), 0, 1
(2,14), 0, 1
(2,15), 0, 1
(2,18), 0, 1
(2,20), 0, 1
(2,21), 0, 1
(2,22), 0, 1
(2,23), 0, 1
(2,24), 0, 1
(2,26), 0, 1
(2,27), 0, 1
(2,29), 0, 1
(2,31), 0, 1
(2,33), 0, 1
(2,34), 0, 1
(2,35), 0, 1
(2,36), 0, 1
(2,37), 0, 1
(2,38), 0, 1
(2,40), 0, 1
(2,41), 0, 1
(2,42), 0, 1
(2,43), 0, 1
(2,45), 0, 1
(2,46), 0, 1
(2,47), 0, 1
(2,48), 0, 1
(2,49), 0, 1
(2,51), 0, 1
(2,55), 0, 1
(2,56), 0, 1
(2,57), 0, 1
(2,58), 0, 1
(2,59), 0, 1
(2,60), 0, 1
(2,61), 0, 1
(2,62), 0, 1
(2,64), 0, 1
(2,65), 0, 1
(2,66), 0, 1
(2,68), 0, 1
(2,76), 0, 1
(2,78), 0, 1
(2,79), 0, 1
(2,80), 0, 1
(2,81), 0, 1
(2,82), 0, 1
(2,83), 0, 1
(2,85), 0, 1
(2,86), 0, 1
(2,87), 0, 1
(2,88), 0, 1
(2,89), 0, 1
(2,90), 0, 1
(2,92), 0, 1
(2,93), 0, 1
(3,1), 0, 1
(3,4), 0, 1
(3,5), 0, 1
(3,6), 0, 1
(3,7), 0, 1
(3,8), 0, 1
(3,9), 0, 1
(3,11), 0, 1
(3,12), 0, 1
(3,14), 0, 1
(3,15), 0, 1
(3,18), 0, 1
(3,20), 0, 1
(3,21), 0, 1
(3,22), 0, 1
(3,23), 0, 1
(3,24), 0, 1
(3,26), 0, 1
(3,27), 0, 1
(3,29), 0, 1
(3,31), 0, 1
(3,32), 0, 1
(3,33), 0, 1
(3,34), 0, 1
(3,36), 0, 1
(3,37), 0, 1
(3,38), 0, 1
(3,39), 0, 1
(3,40), 0, 1
(3,41), 0, 1
(3,42), 0, 1
(3,43), 0, 1
(3,45), 0, 1
(3,46), 0, 1
(3,47), 0, 1
(3,48), 0, 1
(3,49), 0, 1
(3,51), 0, 1
(3,52), 0, 1
(3,56), 0, 1
(3,57), 0, 1
(3,58), 0, 1
(3,59), 0, 1
(3,60), 0, 1
(3,61), 0, 1
(3,62), 0, 1
(3,64), 0, 1
(3,65), 0, 1
(3,66), 0, 1
(3,67), 0, 1
(3,68), 0, 1
(3,71), 0, 1
(3,73), 0, 1
(3,76), 0, 1
(3,79), 0, 1
(3,81), 0, 1
(3,82), 0, 1
(3,83), 0, 1
(3,85), 0, 1
(3,86), 0, 1
(3,87), 0, 1
(3,88), 0, 1
(3,89), 0, 1
(3,91), 0, 1
(3,92), 0, 1
(3,93), 0, 1
(4,11), 0, 1
(4,22), 0, 1
(4,24), 0, 1
(4,27), 0, 1
(4,38), 0, 1
(4,39), 0, 1
(4,42), 0, 1
(4,57), 0, 1
(4,93), 0, 1
(5,11), 0, 1
(5,22), 0, 1
(5,24), 0, 1
(5,27), 0, 1
(5,38), 0, 1
(5,42), 0, 1
(5,57), 0, 1
(5,93), 0, 1
(6,11), 0, 1
(6,24), 0, 1
(6,27), 0, 1
(6,38), 0, 1
(6,42), 0, 1
(6,57), 0, 1
(7,14), 0, 1
(7,17), 0, 1
(7,34), 0, 1
(7,51), 0, 1
(7,61), 0, 1
(7,87), 0, 1
(7,93), 0, 1
(8,1), 0, 1
(8,2), 0, 1
(8,4), 0, 1
(8,5), 0, 1
(8,6), 0, 1
(8,7), 0, 1
(8,9), 0, 1
(8,10), 0, 1
(8,12), 0, 1
(8,14), 0, 1
(8,17), 0, 1
(8,20), 0, 1
(8,21), 0, 1
(8,22), 0, 1
(8,24), 0, 1
(8,26), 0, 1
(8,27), 0, 1
(8,29), 0, 1
(8,31), 0, 1
(8,33), 0, 1
(8,34), 0, 1
(8,35), 0, 1
(8,36), 0, 1
(8,37), 0, 1
(8,38), 0, 1
(8,40), 0, 1
(8,41), 0, 1
(8,42), 0, 1
(8,43), 0, 1
(8,46), 0, 1
(8,47), 0, 1
(8,48), 0, 1
(8,49), 0, 1
(8,51), 0, 1
(8,52), 0, 1
(8,55), 0, 1
(8,57), 0, 1
(8,58), 0, 1
(8,59), 0, 1
(8,60), 0, 1
(8,61), 0, 1
(8,62), 0, 1
(8,64), 0, 1
(8,65), 0, 1
(8,66), 0, 1
(8,67), 0, 1
(8,68), 0, 1
(8,71), 0, 1
(8,72), 0, 1
(8,75), 0, 1
(8,76), 0, 1
(8,78), 0, 1
(8,79), 0, 1
(8,80), 0, 1
(8,81), 0, 1
(8,82), 0, 1
(8,83), 0, 1
(8,85), 0, 1
(8,86), 0, 1
(8,87), 0, 1
(8,88), 0, 1
(8,89), 0, 1
(8,90), 0, 1
(8,91), 0, 1
(8,92), 0, 1
(8,93), 0, 1
(9,93), 0, 1
(10,1), 0, 1
(10,4), 0, 1
(10,5), 0, 1
(10,6), 0, 1
(10,7), 0, 1
(10,8), 0, 1
(10,9), 0, 1
(10,12), 0, 1
(10,14), 0, 1
(10,15), 0, 1
(10,17), 0, 1
(10,18), 0, 1
(10,20), 0, 1
(10,21), 0, 1
(10,22), 0, 1
(10,24), 0, 1
(10,26), 0, 1
(10,27), 0, 1
(10,29), 0, 1
(10,31), 0, 1
(10,33), 0, 1
(10,34), 0, 1
(10,35), 0, 1
(10,36), 0, 1
(10,37), 0, 1
(10,38), 0, 1
(10,40), 0, 1
(10,41), 0, 1
(10,42), 0, 1
(10,43), 0, 1
(10,45), 0, 1
(10,46), 0, 1
(10,48), 0, 1
(10,49), 0, 1
(10,51), 0, 1
(10,52), 0, 1
(10,55), 0, 1
(10,56), 0, 1
(10,57), 0, 1
(10,58), 0, 1
(10,59), 0, 1
(10,60), 0, 1
(10,61), 0, 1
(10,62), 0, 1
(10,64), 0, 1
(10,65), 0, 1
(10,66), 0, 1
(10,67), 0, 1
(10,68), 0, 1
(10,71), 0, 1
(10,72), 0, 1
(10,73), 0, 1
(10,75), 0, 1
(10,76), 0, 1
(10,78), 0, 1
(10,79), 0, 1
(10,80), 0, 1
(10,81), 0, 1
(10,82), 0, 1
(10,83), 0, 1
(10,85), 0, 1
(10,86), 0, 1
(10,87), 0, 1
(10,88), 0, 1
(10,89), 0, 1
(10,90), 0, 1
(10,91), 0, 1
(10,92), 0, 1
(10,93), 0, 1
(11,17), 0, 1
(11,28), 0, 1
(11,34), 0, 1
(11,39), 0, 1
(11,51), 0, 1
(11,61), 0, 1
(11,72), 0, 1
(11,87), 0, 1
(11,93), 0, 1
(12,11), 0, 1
(12,22), 0, 1
(12,24), 0, 1
(12,27), 0, 1
(12,38), 0, 1
(12,39), 0, 1
(12,42), 0, 1
(12,57), 0, 1
(12,93), 0, 1
(13,93), 0, 1
(14,93), 0, 1
(15,93), 0, 1
(16,11), 0, 1
(16,22), 0, 1
(16,24), 0, 1
(16,25), 0, 1
(16,27), 0, 1
(16,38), 0, 1
(16,42), 0, 1
(16,57), 0, 1
(16,93), 0, 1
(17,22), 0, 1
(17,24), 0, 1
(17,27), 0, 1
(17,38), 0, 1
(17,42), 0, 1
(17,57), 0, 1
(17,93), 0, 1
(18,93), 0, 1
(19,1), 0, 1
(19,4), 0, 1
(19,5), 0, 1
(19,6), 0, 1
(19,7), 0, 1
(19,9), 0, 1
(19,10), 0, 1
(19,11), 0, 1
(19,12), 0, 1
(19,14), 0, 1
(19,15), 0, 1
(19,17), 0, 1
(19,18), 0, 1
(19,22), 0, 1
(19,23), 0, 1
(19,24), 0, 1
(19,27), 0, 1
(19,28), 0, 1
(19,29), 0, 1
(19,31), 0, 1
(19,33), 0, 1
(19,34), 0, 1
(19,35), 0, 1
(19,36), 0, 1
(19,37), 0, 1
(19,38), 0, 1
(19,39), 0, 1
(19,40), 0, 1
(19,41), 0, 1
(19,42), 0, 1
(19,43), 0, 1
(19,45), 0, 1
(19,46), 0, 1
(19,47), 0, 1
(19,48), 0, 1
(19,52), 0, 1
(19,53), 0, 1
(19,55), 0, 1
(19,57), 0, 1
(19,58), 0, 1
(19,59), 0, 1
(19,60), 0, 1
(19,61), 0, 1
(19,64), 0, 1
(19,65), 0, 1
(19,66), 0, 1
(19,68), 0, 1
(19,71), 0, 1
(19,76), 0, 1
(19,78), 0, 1
(19,79), 0, 1
(19,80), 0, 1
(19,81), 0, 1
(19,82), 0, 1
(19,83), 0, 1
(19,85), 0, 1
(19,86), 0, 1
(19,87), 0, 1
(19,88), 0, 1
(19,89), 0, 1
(19,90), 0, 1
(19,91), 0, 1
(19,92), 0, 1
(19,93), 0, 1
(20,14), 0, 1
(20,17), 0, 1
(20,21), 0, 1
(20,34), 0, 1
(20,51), 0, 1
(20,72), 0, 1
(20,87), 0, 1
(20,93), 0, 1
(21,1), 0, 1
(21,2), 0, 1
(21,5), 0, 1
(21,6), 0, 1
(21,7), 0, 1
(21,8), 0, 1
(21,9), 0, 1
(21,10), 0, 1
(21,11), 0, 1
(21,12), 0, 1
(21,14), 0, 1
(21,15), 0, 1
(21,17), 0, 1
(21,18), 0, 1
(21,20), 0, 1
(21,22), 0, 1
(21,23), 0, 1
(21,24), 0, 1
(21,26), 0, 1
(21,27), 0, 1
(21,28), 0, 1
(21,29), 0, 1
(21,31), 0, 1
(21,33), 0, 1
(21,34), 0, 1
(21,35), 0, 1
(21,36), 0, 1
(21,37), 0, 1
(21,38), 0, 1
(21,40), 0, 1
(21,41), 0, 1
(21,42), 0, 1
(21,43), 0, 1
(21,45), 0, 1
(21,47), 0, 1
(21,48), 0, 1
(21,49), 0, 1
(21,51), 0, 1
(21,52), 0, 1
(21,55), 0, 1
(21,56), 0, 1
(21,57), 0, 1
(21,58), 0, 1
(21,59), 0, 1
(21,60), 0, 1
(21,61), 0, 1
(21,62), 0, 1
(21,64), 0, 1
(21,65), 0, 1
(21,66), 0, 1
(21,67), 0, 1
(21,68), 0, 1
(21,71), 0, 1
(21,72), 0, 1
(21,73), 0, 1
(21,76), 0, 1
(21,78), 0, 1
(21,79), 0, 1
(21,80), 0, 1
(21,81), 0, 1
(21,82), 0, 1
(21,86), 0, 1
(21,87), 0, 1
(21,88), 0, 1
(21,89), 0, 1
(21,90), 0, 1
(21,91), 0, 1
(21,92), 0, 1
(21,93), 0, 1
(22,14), 0, 1
(22,21), 0, 1
(22,34), 0, 1
(22,61), 0, 1
(22,72), 0, 1
(22,87), 0, 1
(22,93), 0, 1
(23,11), 0, 1
(23,22), 0, 1
(23,24), 0, 1
(23,27), 0, 1
(23,38), 0, 1
(23,42), 0, 1
(23,57), 0, 1
(23,93), 0, 1
(24,14), 0, 1
(24,17), 0, 1
(24,21), 0, 1
(24,34), 0, 1
(24,51), 0, 1
(24,61), 0, 1
(24,72), 0, 1
(24,87), 0, 1
(24,93), 0, 1
(25,11), 0, 1
(25,24), 0, 1
(25,27), 0, 1
(25,42), 0, 1
(25,57), 0, 1
(25,93), 0, 1
(26,1), 0, 1
(26,2), 0, 1
(26,3), 0, 1
(26,4), 0, 1
(26,6), 0, 1
(26,7), 0, 1
(26,8), 0, 1
(26,9), 0, 1
(26,10), 0, 1
(26,11), 0, 1
(26,12), 0, 1
(26,14), 0, 1
(26,15), 0, 1
(26,17), 0, 1
(26,19), 0, 1
(26,20), 0, 1
(26,21), 0, 1
(26,22), 0, 1
(26,23), 0, 1
(26,24), 0, 1
(26,25), 0, 1
(26,27), 0, 1
(26,29), 0, 1
(26,31), 0, 1
(26,34), 0, 1
(26,35), 0, 1
(26,36), 0, 1
(26,37), 0, 1
(26,38), 0, 1
(26,40), 0, 1
(26,41), 0, 1
(26,42), 0, 1
(26,43), 0, 1
(26,45), 0, 1
(26,46), 0, 1
(26,47), 0, 1
(26,48), 0, 1
(26,49), 0, 1
(26,52), 0, 1
(26,55), 0, 1
(26,56), 0, 1
(26,58), 0, 1
(26,59), 0, 1
(26,60), 0, 1
(26,61), 0, 1
(26,62), 0, 1
(26,64), 0, 1
(26,65), 0, 1
(26,66), 0, 1
(26,68), 0, 1
(26,71), 0, 1
(26,72), 0, 1
(26,73), 0, 1
(26,76), 0, 1
(26,78), 0, 1
(26,79), 0, 1
(26,80), 0, 1
(26,81), 0, 1
(26,82), 0, 1
(26,83), 0, 1
(26,85), 0, 1
(26,87), 0, 1
(26,88), 0, 1
(26,89), 0, 1
(26,90), 0, 1
(26,91), 0, 1
(26,92), 0, 1
(26,93), 0, 1
(27,93), 0, 1
(28,17), 0, 1
(28,21), 0, 1
(28,34), 0, 1
(28,51), 0, 1
(28,61), 0, 1
(28,87), 0, 1
(28,93), 0, 1
(29,11), 0, 1
(29,22), 0, 1
(29,24), 0, 1
(29,27), 0, 1
(29,30), 0, 1
(29,38), 0, 1
(29,42), 0, 1
(29,57), 0, 1
(30,1), 0, 1
(30,2), 0, 1
(30,4), 0, 1
(30,5), 0, 1
(30,6), 0, 1
(30,7), 0, 1
(30,9), 0, 1
(30,11), 0, 1
(30,12), 0, 1
(30,14), 0, 1
(30,15), 0, 1
(30,17), 0, 1
(30,20), 0, 1
(30,21), 0, 1
(30,23), 0, 1
(30,24), 0, 1
(30,26), 0, 1
(30,27), 0, 1
(30,29), 0, 1
(30,32), 0, 1
(30,33), 0, 1
(30,34), 0, 1
(30,35), 0, 1
(30,36), 0, 1
(30,37), 0, 1
(30,38), 0, 1
(30,40), 0, 1
(30,41), 0, 1
(30,42), 0, 1
(30,43), 0, 1
(30,45), 0, 1
(30,46), 0, 1
(30,47), 0, 1
(30,48), 0, 1
(30,49), 0, 1
(30,51), 0, 1
(30,52), 0, 1
(30,55), 0, 1
(30,56), 0, 1
(30,57), 0, 1
(30,58), 0, 1
(30,59), 0, 1
(30,60), 0, 1
(30,61), 0, 1
(30,62), 0, 1
(30,64), 0, 1
(30,65), 0, 1
(30,66), 0, 1
(30,67), 0, 1
(30,68), 0, 1
(30,71), 0, 1
(30,72), 0, 1
(30,73), 0, 1
(30,76), 0, 1
(30,78), 0, 1
(30,79), 0, 1
(30,80), 0, 1
(30,81), 0, 1
(30,82), 0, 1
(30,83), 0, 1
(30,85), 0, 1
(30,87), 0, 1
(30,88), 0, 1
(30,89), 0, 1
(30,91), 0, 1
(30,92), 0, 1
(31,14), 0, 1
(31,17), 0, 1
(31,21), 0, 1
(31,34), 0, 1
(31,61), 0, 1
(31,72), 0, 1
(31,87), 0, 1
(31,93), 0, 1
(32,1), 0, 1
(32,5), 0, 1
(32,6), 0, 1
(32,7), 0, 1
(32,8), 0, 1
(32,9), 0, 1
(32,10), 0, 1
(32,11), 0, 1
(32,12), 0, 1
(32,14), 0, 1
(32,15), 0, 1
(32,17), 0, 1
(32,18), 0, 1
(32,20), 0, 1
(32,21), 0, 1
(32,22), 0, 1
(32,23), 0, 1
(32,24), 0, 1
(32,27), 0, 1
(32,29), 0, 1
(32,31), 0, 1
(32,33), 0, 1
(32,34), 0, 1
(32,35), 0, 1
(32,36), 0, 1
(32,37), 0, 1
(32,38), 0, 1
(32,40), 0, 1
(32,41), 0, 1
(32,42), 0, 1
(32,43), 0, 1
(32,45), 0, 1
(32,46), 0, 1
(32,47), 0, 1
(32,48), 0, 1
(32,50), 0, 1
(32,52), 0, 1
(32,53), 0, 1
(32,55), 0, 1
(32,58), 0, 1
(32,59), 0, 1
(32,60), 0, 1
(32,61), 0, 1
(32,62), 0, 1
(32,64), 0, 1
(32,65), 0, 1
(32,66), 0, 1
(32,67), 0, 1
(32,68), 0, 1
(32,71), 0, 1
(32,72), 0, 1
(32,73), 0, 1
(32,74), 0, 1
(32,76), 0, 1
(32,78), 0, 1
(32,79), 0, 1
(32,80), 0, 1
(32,81), 0, 1
(32,82), 0, 1
(32,83), 0, 1
(32,85), 0, 1
(32,86), 0, 1
(32,87), 0, 1
(32,88), 0, 1
(32,89), 0, 1
(32,90), 0, 1
(32,91), 0, 1
(32,92), 0, 1
(32,93), 0, 1
(33,11), 0, 1
(33,22), 0, 1
(33,24), 0, 1
(33,27), 0, 1
(33,38), 0, 1
(33,42), 0, 1
(33,57), 0, 1
(33,93), 0, 1
(34,11), 0, 1
(34,22), 0, 1
(34,24), 0, 1
(34,27), 0, 1
(34,38), 0, 1
(34,39), 0, 1
(34,42), 0, 1
(34,57), 0, 1
(34,93), 0, 1
(35,14), 0, 1
(35,17), 0, 1
(35,21), 0, 1
(35,34), 0, 1
(35,51), 0, 1
(35,61), 0, 1
(35,72), 0, 1
(35,87), 0, 1
(35,93), 0, 1
(36,11), 0, 1
(36,22), 0, 1
(36,24), 0, 1
(36,27), 0, 1
(36,38), 0, 1
(36,42), 0, 1
(36,57), 0, 1
(36,93), 0, 1
(37,11), 0, 1
(37,22), 0, 1
(37,24), 0, 1
(37,27), 0, 1
(37,30), 0, 1
(37,38), 0, 1
(37,42), 0, 1
(38,14), 0, 1
(38,17), 0, 1
(38,21), 0, 1
(38,34), 0, 1
(38,51), 0, 1
(38,61), 0, 1
(38,87), 0, 1
(38,93), 0, 1
(39,1), 0, 1
(39,4), 0, 1
(39,5), 0, 1
(39,6), 0, 1
(39,7), 0, 1
(39,8), 0, 1
(39,9), 0, 1
(39,10), 0, 1
(39,11), 0, 1
(39,12), 0, 1
(39,14), 0, 1
(39,15), 0, 1
(39,18), 0, 1
(39,20), 0, 1
(39,21), 0, 1
(39,22), 0, 1
(39,23), 0, 1
(39,24), 0, 1
(39,26), 0, 1
(39,27), 0, 1
(39,28), 0, 1
(39,31), 0, 1
(39,33), 0, 1
(39,34), 0, 1
(39,35), 0, 1
(39,36), 0, 1
(39,37), 0, 1
(39,38), 0, 1
(39,40), 0, 1
(39,41), 0, 1
(39,42), 0, 1
(39,43), 0, 1
(39,45), 0, 1
(39,46), 0, 1
(39,47), 0, 1
(39,48), 0, 1
(39,49), 0, 1
(39,51), 0, 1
(39,55), 0, 1
(39,58), 0, 1
(39,59), 0, 1
(39,60), 0, 1
(39,61), 0, 1
(39,62), 0, 1
(39,64), 0, 1
(39,65), 0, 1
(39,66), 0, 1
(39,67), 0, 1
(39,68), 0, 1
(39,71), 0, 1
(39,72), 0, 1
(39,73), 0, 1
(39,76), 0, 1
(39,78), 0, 1
(39,79), 0, 1
(39,80), 0, 1
(39,81), 0, 1
(39,82), 0, 1
(39,83), 0, 1
(39,85), 0, 1
(39,86), 0, 1
(39,87), 0, 1
(39,89), 0, 1
(39,90), 0, 1
(39,91), 0, 1
(39,92), 0, 1
(39,93), 0, 1
(40,14), 0, 1
(40,17), 0, 1
(40,21), 0, 1
(40,34), 0, 1
(40,44), 0, 1
(40,51), 0, 1
(40,61), 0, 1
(40,87), 0, 1
(40,93), 0, 1
(41,11), 0, 1
(41,22), 0, 1
(41,24), 0, 1
(41,27), 0, 1
(41,38), 0, 1
(41,39), 0, 1
(41,42), 0, 1
(41,93), 0, 1
(42,11), 0, 1
(42,22), 0, 1
(42,24), 0, 1
(42,27), 0, 1
(42,38), 0, 1
(42,57), 0, 1
(42,93), 0, 1
(43,11), 0, 1
(43,22), 0, 1
(43,24), 0, 1
(43,27), 0, 1
(43,38), 0, 1
(43,42), 0, 1
(43,57), 0, 1
(43,93), 0, 1
(44,4), 0, 1
(44,5), 0, 1
(44,6), 0, 1
(44,7), 0, 1
(44,8), 0, 1
(44,9), 0, 1
(44,10), 0, 1
(44,11), 0, 1
(44,12), 0, 1
(44,14), 0, 1
(44,17), 0, 1
(44,18), 0, 1
(44,20), 0, 1
(44,21), 0, 1
(44,22), 0, 1
(44,23), 0, 1
(44,24), 0, 1
(44,27), 0, 1
(44,29), 0, 1
(44,30), 0, 1
(44,31), 0, 1
(44,33), 0, 1
(44,34), 0, 1
(44,36), 0, 1
(44,37), 0, 1
(44,38), 0, 1
(44,40), 0, 1
(44,41), 0, 1
(44,42), 0, 1
(44,43), 0, 1
(44,45), 0, 1
(44,46), 0, 1
(44,47), 0, 1
(44,48), 0, 1
(44,51), 0, 1
(44,52), 0, 1
(44,55), 0, 1
(44,57), 0, 1
(44,58), 0, 1
(44,59), 0, 1
(44,60), 0, 1
(44,61), 0, 1
(44,64), 0, 1
(44,65), 0, 1
(44,66), 0, 1
(44,67), 0, 1
(44,68), 0, 1
(44,71), 0, 1
(44,73), 0, 1
(44,76), 0, 1
(44,77), 0, 1
(44,78), 0, 1
(44,79), 0, 1
(44,80), 0, 1
(44,81), 0, 1
(44,82), 0, 1
(44,83), 0, 1
(44,85), 0, 1
(44,87), 0, 1
(44,88), 0, 1
(44,89), 0, 1
(44,90), 0, 1
(44,91), 0, 1
(44,92), 0, 1
(44,93), 0, 1
(45,11), 0, 1
(45,22), 0, 1
(45,24), 0, 1
(45,25), 0, 1
(45,27), 0, 1
(45,38), 0, 1
(45,42), 0, 1
(45,57), 0, 1
(45,93), 0, 1
(46,11), 0, 1
(46,22), 0, 1
(46,24), 0, 1
(46,27), 0, 1
(46,38), 0, 1
(46,42), 0, 1
(46,57), 0, 1
(46,93), 0, 1
(47,4), 0, 1
(47,5), 0, 1
(47,6), 0, 1
(47,7), 0, 1
(47,8), 0, 1
(47,9), 0, 1
(47,10), 0, 1
(47,11), 0, 1
(47,12), 0, 1
(47,14), 0, 1
(47,15), 0, 1
(47,17), 0, 1
(47,18), 0, 1
(47,20), 0, 1
(47,21), 0, 1
(47,22), 0, 1
(47,26), 0, 1
(47,27), 0, 1
(47,29), 0, 1
(47,31), 0, 1
(47,33), 0, 1
(47,34), 0, 1
(47,35), 0, 1
(47,36), 0, 1
(47,37), 0, 1
(47,38), 0, 1
(47,40), 0, 1
(47,41), 0, 1
(47,42), 0, 1
(47,43), 0, 1
(47,45), 0, 1
(47,46), 0, 1
(47,48), 0, 1
(47,49), 0, 1
(47,51), 0, 1
(47,52), 0, 1
(47,55), 0, 1
(47,57), 0, 1
(47,58), 0, 1
(47,59), 0, 1
(47,60), 0, 1
(47,61), 0, 1
(47,62), 0, 1
(47,64), 0, 1
(47,65), 0, 1
(47,66), 0, 1
(47,67), 0, 1
(47,68), 0, 1
(47,71), 0, 1
(47,72), 0, 1
(47,73), 0, 1
(47,76), 0, 1
(47,78), 0, 1
(47,79), 0, 1
(47,80), 0, 1
(47,81), 0, 1
(47,82), 0, 1
(47,83), 0, 1
(47,85), 0, 1
(47,86), 0, 1
(47,87), 0, 1
(47,88), 0, 1
(47,89), 0, 1
(47,90), 0, 1
(47,91), 0, 1
(47,92), 0, 1
(47,93), 0, 1
(48,14), 0, 1
(48,17), 0, 1
(48,21), 0, 1
(48,34), 0, 1
(48,51), 0, 1
(48,61), 0, 1
(48,87), 0, 1
(48,93), 0, 1
(49,11), 0, 1
(49,22), 0, 1
(49,24), 0, 1
(49,27), 0, 1
(49,38), 0, 1
(49,42), 0, 1
(49,93), 0, 1
(50,39), 0, 1
(50,93), 0, 1
(51,2), 0, 1
(51,4), 0, 1
(51,5), 0, 1
(51,6), 0, 1
(51,7), 0, 1
(51,9), 0, 1
(51,10), 0, 1
(51,11), 0, 1
(51,12), 0, 1
(51,14), 0, 1
(51,15), 0, 1
(51,20), 0, 1
(51,21), 0, 1
(51,22), 0, 1
(51,23), 0, 1
(51,24), 0, 1
(51,25), 0, 1
(51,26), 0, 1
(51,27), 0, 1
(51,29), 0, 1
(51,31), 0, 1
(51,33), 0, 1
(51,34), 0, 1
(51,35), 0, 1
(51,36), 0, 1
(51,37), 0, 1
(51,38), 0, 1
(51,40), 0, 1
(51,41), 0, 1
(51,42), 0, 1
(51,43), 0, 1
(51,45), 0, 1
(51,46), 0, 1
(51,47), 0, 1
(51,48), 0, 1
(51,49), 0, 1
(51,50), 0, 1
(51,52), 0, 1
(51,55), 0, 1
(51,56), 0, 1
(51,58), 0, 1
(51,59), 0, 1
(51,60), 0, 1
(51,61), 0, 1
(51,64), 0, 1
(51,65), 0, 1
(51,66), 0, 1
(51,67), 0, 1
(51,68), 0, 1
(51,71), 0, 1
(51,73), 0, 1
(51,76), 0, 1
(51,78), 0, 1
(51,79), 0, 1
(51,80), 0, 1
(51,81), 0, 1
(51,82), 0, 1
(51,83), 0, 1
(51,85), 0, 1
(51,86), 0, 1
(51,87), 0, 1
(51,88), 0, 1
(51,89), 0, 1
(51,90), 0, 1
(51,91), 0, 1
(51,92), 0, 1
(51,93), 0, 1
(52,11), 0, 1
(52,22), 0, 1
(52,24), 0, 1
(52,27), 0, 1
(52,38), 0, 1
(52,42), 0, 1
(52,57), 0, 1
(52,93), 0, 1
(53,11), 0, 1
(53,22), 0, 1
(53,24), 0, 1
(53,27), 0, 1
(53,38), 0, 1
(53,42), 0, 1
(53,57), 0, 1
(54,1), 0, 1
(54,2), 0, 1
(54,4), 0, 1
(54,5), 0, 1
(54,6), 0, 1
(54,8), 0, 1
(54,9), 0, 1
(54,10), 0, 1
(54,11), 0, 1
(54,12), 0, 1
(54,14), 0, 1
(54,15), 0, 1
(54,17), 0, 1
(54,18), 0, 1
(54,20), 0, 1
(54,22), 0, 1
(54,23), 0, 1
(54,24), 0, 1
(54,26), 0, 1
(54,27), 0, 1
(54,29), 0, 1
(54,31), 0, 1
(54,33), 0, 1
(54,34), 0, 1
(54,35), 0, 1
(54,36), 0, 1
(54,37), 0, 1
(54,38), 0, 1
(54,40), 0, 1
(54,41), 0, 1
(54,42), 0, 1
(54,43), 0, 1
(54,45), 0, 1
(54,46), 0, 1
(54,47), 0, 1
(54,48), 0, 1
(54,49), 0, 1
(54,51), 0, 1
(54,52), 0, 1
(54,55), 0, 1
(54,56), 0, 1
(54,57), 0, 1
(54,58), 0, 1
(54,59), 0, 1
(54,60), 0, 1
(54,61), 0, 1
(54,62), 0, 1
(54,64), 0, 1
(54,65), 0, 1
(54,66), 0, 1
(54,67), 0, 1
(54,68), 0, 1
(54,71), 0, 1
(54,72), 0, 1
(54,73), 0, 1
(54,78), 0, 1
(54,79), 0, 1
(54,80), 0, 1
(54,81), 0, 1
(54,82), 0, 1
(54,83), 0, 1
(54,85), 0, 1
(54,86), 0, 1
(54,87), 0, 1
(54,88), 0, 1
(54,89), 0, 1
(54,90), 0, 1
(54,92), 0, 1
(54,93), 0, 1
(55,14), 0, 1
(55,17), 0, 1
(55,21), 0, 1
(55,34), 0, 1
(55,61), 0, 1
(55,72), 0, 1
(55,87), 0, 1
(55,93), 0, 1
(56,11), 0, 1
(56,22), 0, 1
(56,24), 0, 1
(56,25), 0, 1
(56,38), 0, 1
(56,42), 0, 1
(56,57), 0, 1
(56,93), 0, 1
(57,14), 0, 1
(57,17), 0, 1
(57,21), 0, 1
(57,34), 0, 1
(57,51), 0, 1
(57,61), 0, 1
(57,72), 0, 1
(57,87), 0, 1
(57,93), 0, 1
(58,1), 0, 1
(58,4), 0, 1
(58,5), 0, 1
(58,6), 0, 1
(58,7), 0, 1
(58,8), 0, 1
(58,9), 0, 1
(58,10), 0, 1
(58,11), 0, 1
(58,12), 0, 1
(58,14), 0, 1
(58,15), 0, 1
(58,17), 0, 1
(58,18), 0, 1
(58,20), 0, 1
(58,21), 0, 1
(58,22), 0, 1
(58,24), 0, 1
(58,27), 0, 1
(58,29), 0, 1
(58,30), 0, 1
(58,31), 0, 1
(58,33), 0, 1
(58,34), 0, 1
(58,35), 0, 1
(58,36), 0, 1
(58,37), 0, 1
(58,38), 0, 1
(58,40), 0, 1
(58,41), 0, 1
(58,42), 0, 1
(58,43), 0, 1
(58,46), 0, 1
(58,48), 0, 1
(58,56), 0, 1
(58,57), 0, 1
(58,60), 0, 1
(58,61), 0, 1
(58,62), 0, 1
(58,64), 0, 1
(58,65), 0, 1
(58,66), 0, 1
(58,67), 0, 1
(58,68), 0, 1
(58,71), 0, 1
(58,72), 0, 1
(58,76), 0, 1
(58,78), 0, 1
(58,79), 0, 1
(58,80), 0, 1
(58,81), 0, 1
(58,83), 0, 1
(58,85), 0, 1
(58,86), 0, 1
(58,87), 0, 1
(58,88), 0, 1
(58,89), 0, 1
(58,90), 0, 1
(58,91), 0, 1
(58,92), 0, 1
(58,93), 0, 1
(59,11), 0, 1
(59,22), 0, 1
(59,24), 0, 1
(59,27), 0, 1
(59,38), 0, 1
(59,42), 0, 1
(59,57), 0, 1
(59,93), 0, 1
(60,0), 0, 1
(60,1), 0, 1
(60,2), 0, 1
(60,4), 0, 1
(60,5), 0, 1
(60,6), 0, 1
(60,7), 0, 1
(60,8), 0, 1
(60,10), 0, 1
(60,14), 0, 1
(60,15), 0, 1
(60,17), 0, 1
(60,18), 0, 1
(60,20), 0, 1
(60,21), 0, 1
(60,22), 0, 1
(60,23), 0, 1
(60,24), 0, 1
(60,26), 0, 1
(60,27), 0, 1
(60,29), 0, 1
(60,31), 0, 1
(60,33), 0, 1
(60,34), 0, 1
(60,35), 0, 1
(60,36), 0, 1
(60,37), 0, 1
(60,38), 0, 1
(60,41), 0, 1
(60,43), 0, 1
(60,45), 0, 1
(60,46), 0, 1
(60,47), 0, 1
(60,48), 0, 1
(60,49), 0, 1
(60,51), 0, 1
(60,55), 0, 1
(60,57), 0, 1
(60,58), 0, 1
(60,59), 0, 1
(60,61), 0, 1
(60,62), 0, 1
(60,64), 0, 1
(60,65), 0, 1
(60,66), 0, 1
(60,68), 0, 1
(60,71), 0, 1
(60,72), 0, 1
(60,76), 0, 1
(60,78), 0, 1
(60,79), 0, 1
(60,80), 0, 1
(60,81), 0, 1
(60,82), 0, 1
(60,83), 0, 1
(60,85), 0, 1
(60,86), 0, 1
(60,87), 0, 1
(60,89), 0, 1
(60,91), 0, 1
(60,92), 0, 1
(60,93), 0, 1
(61,22), 0, 1
(61,24), 0, 1
(61,27), 0, 1
(61,38), 0, 1
(61,42), 0, 1
(61,57), 0, 1
(61,93), 0, 1
(62,11), 0, 1
(62,22), 0, 1
(62,24), 0, 1
(62,38), 0, 1
(62,42), 0, 1
(62,93), 0, 1
(63,14), 0, 1
(63,17), 0, 1
(63,21), 0, 1
(63,34), 0, 1
(63,51), 0, 1
(63,61), 0, 1
(63,72), 0, 1
(63,93), 0, 1
(64,11), 0, 1
(64,22), 0, 1
(64,24), 0, 1
(64,27), 0, 1
(64,38), 0, 1
(64,42), 0, 1
(64,57), 0, 1
(64,93), 0, 1
(65,14), 0, 1
(65,17), 0, 1
(65,34), 0, 1
(65,51), 0, 1
(65,61), 0, 1
(65,72), 0, 1
(65,87), 0, 1
(65,93), 0, 1
(66,11), 0, 1
(66,22), 0, 1
(66,24), 0, 1
(66,27), 0, 1
(66,30), 0, 1
(66,38), 0, 1
(66,42), 0, 1
(66,57), 0, 1
(66,93), 0, 1
(67,11), 0, 1
(67,22), 0, 1
(67,24), 0, 1
(67,27), 0, 1
(67,38), 0, 1
(67,42), 0, 1
(67,93), 0, 1
(68,22), 0, 1
(68,24), 0, 1
(68,27), 0, 1
(68,38), 0, 1
(68,39), 0, 1
(68,42), 0, 1
(68,57), 0, 1
(68,93), 0, 1
(69,0), 0, 1
(69,1), 0, 1
(69,4), 0, 1
(69,5), 0, 1
(69,6), 0, 1
(69,7), 0, 1
(69,8), 0, 1
(69,9), 0, 1
(69,10), 0, 1
(69,11), 0, 1
(69,12), 0, 1
(69,14), 0, 1
(69,15), 0, 1
(69,16), 0, 1
(69,17), 0, 1
(69,18), 0, 1
(69,20), 0, 1
(69,22), 0, 1
(69,23), 0, 1
(69,24), 0, 1
(69,27), 0, 1
(69,29), 0, 1
(69,31), 0, 1
(69,33), 0, 1
(69,34), 0, 1
(69,35), 0, 1
(69,36), 0, 1
(69,37), 0, 1
(69,38), 0, 1
(69,41), 0, 1
(69,42), 0, 1
(69,45), 0, 1
(69,46), 0, 1
(69,48), 0, 1
(69,52), 0, 1
(69,55), 0, 1
(69,57), 0, 1
(69,59), 0, 1
(69,60), 0, 1
(69,61), 0, 1
(69,62), 0, 1
(69,64), 0, 1
(69,65), 0, 1
(69,66), 0, 1
(69,68), 0, 1
(69,71), 0, 1
(69,73), 0, 1
(69,76), 0, 1
(69,78), 0, 1
(69,79), 0, 1
(69,80), 0, 1
(69,81), 0, 1
(69,82), 0, 1
(69,85), 0, 1
(69,86), 0, 1
(69,87), 0, 1
(69,88), 0, 1
(69,89), 0, 1
(69,90), 0, 1
(69,91), 0, 1
(69,92), 0, 1
(70,1), 0, 1
(70,2), 0, 1
(70,4), 0, 1
(70,5), 0, 1
(70,6), 0, 1
(70,7), 0, 1
(70,9), 0, 1
(70,10), 0, 1
(70,11), 0, 1
(70,12), 0, 1
(70,14), 0, 1
(70,15), 0, 1
(70,17), 0, 1
(70,18), 0, 1
(70,20), 0, 1
(70,21), 0, 1
(70,22), 0, 1
(70,23), 0, 1
(70,24), 0, 1
(70,27), 0, 1
(70,29), 0, 1
(70,31), 0, 1
(70,33), 0, 1
(70,34), 0, 1
(70,36), 0, 1
(70,37), 0, 1
(70,38), 0, 1
(70,39), 0, 1
(70,40), 0, 1
(70,41), 0, 1
(70,43), 0, 1
(70,46), 0, 1
(70,47), 0, 1
(70,48), 0, 1
(70,51), 0, 1
(70,52), 0, 1
(70,55), 0, 1
(70,56), 0, 1
(70,57), 0, 1
(70,58), 0, 1
(70,59), 0, 1
(70,60), 0, 1
(70,61), 0, 1
(70,62), 0, 1
(70,65), 0, 1
(70,66), 0, 1
(70,68), 0, 1
(70,71), 0, 1
(70,72), 0, 1
(70,73), 0, 1
(70,78), 0, 1
(70,79), 0, 1
(70,80), 0, 1
(70,81), 0, 1
(70,82), 0, 1
(70,83), 0, 1
(70,86), 0, 1
(70,89), 0, 1
(70,90), 0, 1
(70,91), 0, 1
(70,92), 0, 1
(70,93), 0, 1
(71,11), 0, 1
(71,22), 0, 1
(71,24), 0, 1
(71,27), 0, 1
(71,38), 0, 1
(71,42), 0, 1
(71,57), 0, 1
(71,93), 0, 1
(72,11), 0, 1
(72,22), 0, 1
(72,24), 0, 1
(72,27), 0, 1
(72,38), 0, 1
(72,42), 0, 1
(72,57), 0, 1
(72,93), 0, 1
(73,11), 0, 1
(73,22), 0, 1
(73,27), 0, 1
(73,38), 0, 1
(73,42), 0, 1
(73,93), 0, 1
(74,11), 0, 1
(74,22), 0, 1
(74,24), 0, 1
(74,27), 0, 1
(74,42), 0, 1
(74,57), 0, 1
(74,93), 0, 1
(75,1), 0, 1
(75,4), 0, 1
(75,5), 0, 1
(75,6), 0, 1
(75,7), 0, 1
(75,9), 0, 1
(75,10), 0, 1
(75,11), 0, 1
(75,12), 0, 1
(75,14), 0, 1
(75,15), 0, 1
(75,17), 0, 1
(75,20), 0, 1
(75,22), 0, 1
(75,23), 0, 1
(75,26), 0, 1
(75,27), 0, 1
(75,29), 0, 1
(75,33), 0, 1
(75,34), 0, 1
(75,35), 0, 1
(75,36), 0, 1
(75,37), 0, 1
(75,38), 0, 1
(75,40), 0, 1
(75,41), 0, 1
(75,42), 0, 1
(75,43), 0, 1
(75,44), 0, 1
(75,45), 0, 1
(75,46), 0, 1
(75,47), 0, 1
(75,48), 0, 1
(75,49), 0, 1
(75,51), 0, 1
(75,52), 0, 1
(75,55), 0, 1
(75,56), 0, 1
(75,57), 0, 1
(75,58), 0, 1
(75,59), 0, 1
(75,60), 0, 1
(75,61), 0, 1
(75,62), 0, 1
(75,64), 0, 1
(75,65), 0, 1
(75,66), 0, 1
(75,68), 0, 1
(75,71), 0, 1
(75,72), 0, 1
(75,73), 0, 1
(75,76), 0, 1
(75,79), 0, 1
(75,80), 0, 1
(75,81), 0, 1
(75,82), 0, 1
(75,83), 0, 1
(75,85), 0, 1
(75,86), 0, 1
(75,87), 0, 1
(75,88), 0, 1
(75,89), 0, 1
(75,90), 0, 1
(75,91), 0, 1
(75,92), 0, 1
(76,14), 0, 1
(76,17), 0, 1
(76,21), 0, 1
(76,34), 0, 1
(76,61), 0, 1
(76,72), 0, 1
(76,87), 0, 1
(76,93), 0, 1
(77,11), 0, 1
(77,22), 0, 1
(77,24), 0, 1
(77,25), 0, 1
(77,27), 0, 1
(77,38), 0, 1
(77,93), 0, 1
(78,11), 0, 1
(78,22), 0, 1
(78,24), 0, 1
(78,27), 0, 1
(78,30), 0, 1
(78,42), 0, 1
(78,57), 0, 1
(78,93), 0, 1
(79,11), 0, 1
(79,22), 0, 1
(79,24), 0, 1
(79,27), 0, 1
(79,38), 0, 1
(79,42), 0, 1
(79,57), 0, 1
(79,93), 0, 1
(80,22), 0, 1
(80,24), 0, 1
(80,27), 0, 1
(80,38), 0, 1
(80,39), 0, 1
(80,42), 0, 1
(80,57), 0, 1
(80,93), 0, 1
(81,11), 0, 1
(81,22), 0, 1
(81,27), 0, 1
(81,38), 0, 1
(81,42), 0, 1
(81,57), 0, 1
(81,93), 0, 1
(82,11), 0, 1
(82,22), 0, 1
(82,24), 0, 1
(82,27), 0, 1
(82,38), 0, 1
(82,42), 0, 1
(82,93), 0, 1
(83,11), 0, 1
(83,22), 0, 1
(83,24), 0, 1
(83,27), 0, 1
(83,38), 0, 1
(83,57), 0, 1
(84,14), 0, 1
(84,17), 0, 1
(84,28), 0, 1
(84,34), 0, 1
(84,61), 0, 1
(84,87), 0, 1
(84,93), 0, 1
(85,93), 0, 1
(86,4), 0, 1
(86,5), 0, 1
(86,7), 0, 1
(86,8), 0, 1
(86,9), 0, 1
(86,11), 0, 1
(86,12), 0, 1
(86,14), 0, 1
(86,15), 0, 1
(86,17), 0, 1
(86,18), 0, 1
(86,20), 0, 1
(86,21), 0, 1
(86,22), 0, 1
(86,23), 0, 1
(86,24), 0, 1
(86,26), 0, 1
(86,29), 0, 1
(86,33), 0, 1
(86,34), 0, 1
(86,35), 0, 1
(86,36), 0, 1
(86,37), 0, 1
(86,38), 0, 1
(86,40), 0, 1
(86,41), 0, 1
(86,43), 0, 1
(86,45), 0, 1
(86,48), 0, 1
(86,49), 0, 1
(86,51), 0, 1
(86,52), 0, 1
(86,55), 0, 1
(86,57), 0, 1
(86,58), 0, 1
(86,59), 0, 1
(86,60), 0, 1
(86,61), 0, 1
(86,62), 0, 1
(86,64), 0, 1
(86,65), 0, 1
(86,66), 0, 1
(86,67), 0, 1
(86,68), 0, 1
(86,71), 0, 1
(86,72), 0, 1
(86,73), 0, 1
(86,76), 0, 1
(86,78), 0, 1
(86,79), 0, 1
(86,80), 0, 1
(86,81), 0, 1
(86,83), 0, 1
(86,85), 0, 1
(86,87), 0, 1
(86,88), 0, 1
(86,89), 0, 1
(86,90), 0, 1
(86,91), 0, 1
(86,92), 0, 1
(86,93), 0, 1
(87,11), 0, 1
(87,22), 0, 1
(87,24), 0, 1
(87,27), 0, 1
(87,38), 0, 1
(87,42), 0, 1
(87,57), 0, 1
(87,93), 0, 1
(88,14), 0, 1
(88,17), 0, 1
(88,21), 0, 1
(88,34), 0, 1
(88,61), 0, 1
(88,72), 0, 1
(88,93), 0, 1
(89,11), 0, 1
(89,24), 0, 1
(89,27), 0, 1
(89,38), 0, 1
(89,42), 0, 1
(89,57), 0, 1
(89,93), 0, 1
(90,11), 0, 1
(90,22), 0, 1
(90,24), 0, 1
(90,27), 0, 1
(90,30), 0, 1
(90,38), 0, 1
(90,42), 0, 1
(90,57), 0, 1
(90,93), 0, 1
(91,14), 0, 1
(91,17), 0, 1
(91,21), 0, 1
(91,51), 0, 1
(91,61), 0, 1
(91,72), 0, 1
(91,87), 0, 1
(91,93), 0, 1
(92,1), 0, 1
(92,2), 0, 1
(92,4), 0, 1
(92,5), 0, 1
(92,6), 0, 1
(92,7), 0, 1
(92,8), 0, 1
(92,10), 0, 1
(92,11), 0, 1
(92,12), 0, 1
(92,14), 0, 1
(92,15), 0, 1
(92,16), 0, 1
(92,17), 0, 1
(92,18), 0, 1
(92,20), 0, 1
(92,23), 0, 1
(92,24), 0, 1
(92,26), 0, 1
(92,27), 0, 1
(92,29), 0, 1
(92,31), 0, 1
(92,33), 0, 1
(92,35), 0, 1
(92,36), 0, 1
(92,37), 0, 1
(92,38), 0, 1
(92,41), 0, 1
(92,42), 0, 1
(92,43), 0, 1
(92,45), 0, 1
(92,46), 0, 1
(92,47), 0, 1
(92,48), 0, 1
(92,49), 0, 1
(92,52), 0, 1
(92,53), 0, 1
(92,55), 0, 1
(92,58), 0, 1
(92,59), 0, 1
(92,60), 0, 1
(92,61), 0, 1
(92,62), 0, 1
(92,64), 0, 1
(92,65), 0, 1
(92,66), 0, 1
(92,67), 0, 1
(92,70), 0, 1
(92,71), 0, 1
(92,76), 0, 1
(92,78), 0, 1
(92,79), 0, 1
(92,80), 0, 1
(92,81), 0, 1
(92,83), 0, 1
(92,85), 0, 1
(92,86), 0, 1
(92,87), 0, 1
(92,88), 0, 1
(92,89), 0, 1
(92,91), 0, 1
(93,1), 0, 1
(93,2), 0, 1
(93,4), 0, 1
(93,5), 0, 1
(93,6), 0, 1
(93,7), 0, 1
(93,8), 0, 1
(93,9), 0, 1
(93,10), 0, 1
(93,11), 0, 1
(93,12), 0, 1
(93,14), 0, 1
(93,15), 0, 1
(93,17), 0, 1
(93,20), 0, 1
(93,21), 0, 1
(93,22), 0, 1
(93,23), 0, 1
(93,24), 0, 1
(93,26), 0, 1
(93,27), 0, 1
(93,29), 0, 1
(93,31), 0, 1
(93,34), 0, 1
(93,35), 0, 1
(93,36), 0, 1
(93,37), 0, 1
(93,38), 0, 1
(93,40), 0, 1
(93,41), 0, 1
(93,42), 0, 1
(93,43), 0, 1
(93,45), 0, 1
(93,46), 0, 1
(93,47), 0, 1
(93,48), 0, 1
(93,49), 0, 1
(93,52), 0, 1
(93,53), 0, 1
(93,55), 0, 1
(93,56), 0, 1
(93,58), 0, 1
(93,59), 0, 1
(93,60), 0, 1
(93,61), 0, 1
(93,62), 0, 1
(93,63), 0, 1
(93,64), 0, 1
(93,65), 0, 1
(93,66), 0, 1
(93,67), 0, 1
(93,68), 0, 1
(93,69), 0, 1
(93,71), 0, 1
(93,72), 0, 1
(93,76), 0, 1
(93,78), 0, 1
(93,79), 0, 1
(93,80), 0, 1
(93,81), 0, 1
(93,82), 0, 1
(93,83), 0, 1
(93,85), 0, 1
(93,86), 0, 1
(93,87), 0, 1
(93,88), 0, 1
(93,89), 0, 1
(93,90), 0, 1
(93,91), 0, 1
(93,92), 0, 1
(94,4), 0, 1
(94,5), 0, 1
(94,6), 0, 1
(94,7), 0, 1
(94,8), 0, 1
(94,9), 0, 1
(94,10), 0, 1
(94,11), 0, 1
(94,12), 0, 1
(94,14), 0, 1
(94,15), 0, 1
(94,17), 0, 1
(94,20), 0, 1
(94,22), 0, 1
(94,23), 0, 1
(94,24), 0, 1
(94,26), 0, 1
(94,27), 0, 1
(94,29), 0, 1
(94,33), 0, 1
(94,34), 0, 1
(94,35), 0, 1
(94,36), 0, 1
(94,37), 0, 1
(94,38), 0, 1
(94,40), 0, 1
(94,41), 0, 1
(94,42), 0, 1
(94,43), 0, 1
(94,46), 0, 1
(94,48), 0, 1
(94,49), 0, 1
(94,52), 0, 1
(94,55), 0, 1
(94,56), 0, 1
(94,57), 0, 1
(94,58), 0, 1
(94,59), 0, 1
(94,60), 0, 1
(94,61), 0, 1
(94,62), 0, 1
(94,64), 0, 1
(94,65), 0, 1
(94,68), 0, 1
(94,71), 0, 1
(94,72), 0, 1
(94,76), 0, 1
(94,78), 0, 1
(94,79), 0, 1
(94,80), 0, 1
(94,81), 0, 1
(94,82), 0, 1
(94,83), 0, 1
(94,85), 0, 1
(94,86), 0, 1
(94,87), 0, 1
(94,88), 0, 1
(94,90), 0, 1
(94,91), 0, 1
(94,92), 0, 1
(94,93), 0, 1
(95,11), 0, 1
(95,22), 0, 1
(95,24), 0, 1
(95,25), 0, 1
(95,27), 0, 1
(95,38), 0, 1
(95,93), 0, 1
(96,11), 0, 1
(96,22), 0, 1
(96,24), 0, 1
(96,27), 0, 1
(96,30), 0, 1
(96,38), 0, 1
(96,39), 0, 1
(96,42), 0, 1
(96,57), 0, 1
(96,93), 0, 1
(97,1), 0, 1
(97,2), 0, 1
(97,4), 0, 1
(97,5), 0, 1
(97,6), 0, 1
(97,7), 0, 1
(97,9), 0, 1
(97,10), 0, 1
(97,11), 0, 1
(97,12), 0, 1
(97,14), 0, 1
(97,15), 0, 1
(97,17), 0, 1
(97,20), 0, 1
(97,21), 0, 1
(97,22), 0, 1
(97,24), 0, 1
(97,25), 0, 1
(97,26), 0, 1
(97,27), 0, 1
(97,29), 0, 1
(97,31), 0, 1
(97,33), 0, 1
(97,34), 0, 1
(97,35), 0, 1
(97,36), 0, 1
(97,37), 0, 1
(97,38), 0, 1
(97,40), 0, 1
(97,41), 0, 1
(97,42), 0, 1
(97,43), 0, 1
(97,44), 0, 1
(97,45), 0, 1
(97,46), 0, 1
(97,47), 0, 1
(97,48), 0, 1
(97,51), 0, 1
(97,52), 0, 1
(97,53), 0, 1
(97,54), 0, 1
(97,55), 0, 1
(97,56), 0, 1
(97,58), 0, 1
(97,59), 0, 1
(97,60), 0, 1
(97,61), 0, 1
(97,62), 0, 1
(97,64), 0, 1
(97,65), 0, 1
(97,66), 0, 1
(97,67), 0, 1
(97,68), 0, 1
(97,71), 0, 1
(97,72), 0, 1
(97,73), 0, 1
(97,76), 0, 1
(97,78), 0, 1
(97,79), 0, 1
(97,80), 0, 1
(97,81), 0, 1
(97,82), 0, 1
(97,83), 0, 1
(97,85), 0, 1
(97,86), 0, 1
(97,87), 0, 1
(97,88), 0, 1
(97,89), 0, 1
(97,92), 0, 1
(97,93), 0, 1
(98,11), 0, 1
(98,22), 0, 1
(98,24), 0, 1
(98,25), 0, 1
(98,27), 0, 1
(98,38), 0, 1
(98,42), 0, 1
(98,57), 0, 1
(99,11), 0, 1
(99,22), 0, 1
(99,24), 0, 1
(99,27), 0, 1
(99,38), 0, 1
(99,42), 0, 1
(99,57), 0, 1
(99,93), 0, 1
