Nr_Pairs = 93
Nr_NDD = 7
Nr_Arcs = 2206
0	0.05
1	0.05
2	0.05
3	0.1
4	0.2875000000000001
5	0.05
6	0.05
7	0.1
8	0.05
9	0.05
10	0.9
11	0.1
12	0.2875000000000001
13	0.1
14	0.05
15	0.05
16	0.2875000000000001
17	0.1
18	0.2875000000000001
19	0.05
20	0.925
21	0.05
22	0.2875000000000001
23	0.05
24	0.9
25	0.05
26	0.2875000000000001
27	0.05
28	0.2875000000000001
29	0.9
30	0.925
31	0.05
32	0.05
33	0.05
34	0.925
35	0.32499999999999996
36	0.32499999999999996
37	0.2875000000000001
38	0.2875000000000001
39	0.05
40	0.1
41	0.925
42	0.05
43	0.05
44	0.2875000000000001
45	0.9
46	0.925
47	0.2875000000000001
48	0.05
49	0.05
50	0.1
51	0.925
52	0.05
53	0.05
54	0.05
55	0.9
56	0.05
57	0.05
58	0.9
59	0.9
60	0.05
61	0.05
62	0.2875000000000001
63	0.925
64	0.05
65	0.05
66	0.2875000000000001
67	0.9
68	0.32499999999999996
69	0.1
70	0.2875000000000001
71	0.05
72	0.9
73	0.9
74	0.2875000000000001
75	0.05
76	0.05
77	0.05
78	0.2875000000000001
79	0.05
80	0.2875000000000001
81	0.2875000000000001
82	0.05
83	0.1
84	0.1
85	0.1
86	0.05
87	0.05
88	0.2875000000000001
89	0.1
90	0.2875000000000001
91	0.925
92	0.9
93	0.0
94	0.0
95	0.0
96	0.0
97	0.0
98	0.0
99	0.0
(0,1), 0, 1
(0,2), 0, 1
(0,3), 0, 1
(0,4), 0, 1
(0,5), 0, 1
(0,7), 0, 1
(0,8), 0, 1
(0,9), 0, 1
(0,10), 0, 1
(0,11), 0, 1
(0,13), 0, 1
(0,14), 0, 1
(0,15), 0, 1
(0,16), 0, 1
(0,17), 0, 1
(0,18), 0, 1
(0,19), 0, 1
(0,21), 0, 1
(0,22), 0, 1
(0,23), 0, 1
(0,27), 0, 1
(0,28), 0, 1
(0,29), 0, 1
(0,31), 0, 1
(0,32), 0, 1
(0,33), 0, 1
(0,36), 0, 1
(0,37), 0, 1
(0,39), 0, 1
(0,40), 0, 1
(0,42), 0, 1
(0,43), 0, 1
(0,44), 0, 1
(0,47), 0, 1
(0,48), 0, 1
(0,49), 0, 1
(0,52), 0, 1
(0,53), 0, 1
(0,54), 0, 1
(0,56), 0, 1
(0,57), 0, 1
(0,60), 0, 1
(0,61), 0, 1
(0,62), 0, 1
(0,64), 0, 1
(0,65), 0, 1
(0,66), 0, 1
(0,67), 0, 1
(0,68), 0, 1
(0,69), 0, 1
(0,70), 0, 1
(0,71), 0, 1
(0,73), 0, 1
(0,74), 0, 1
(0,75), 0, 1
(0,76), 0, 1
(0,77), 0, 1
(0,79), 0, 1
(0,80), 0, 1
(0,81), 0, 1
(0,82), 0, 1
(0,83), 0, 1
(0,84), 0, 1
(0,85), 0, 1
(0,86), 0, 1
(0,87), 0, 1
(0,88), 0, 1
(0,89), 0, 1
(0,92), 0, 1
(1,0), 0, 1
(1,16), 0, 1
(1,40), 0, 1
(1,62), 0, 1
(1,66), 0, 1
(1,69), 0, 1
(1,70), 0, 1
(1,73), 0, 1
(2,0), 0, 1
(2,37), 0, 1
(2,40), 0, 1
(2,62), 0, 1
(2,66), 0, 1
(2,69), 0, 1
(2,70), 0, 1
(2,74), 0, 1
(2,81), 0, 1
(3,0), 0, 1
(3,16), 0, 1
(3,37), 0, 1
(3,40), 0, 1
(3,62), 0, 1
(3,66), 0, 1
(3,69), 0, 1
(3,70), 0, 1
(3,81), 0, 1
(4,1), 0, 1
(4,13), 0, 1
(4,62), 0, 1
(4,69), 0, 1
(4,79), 0, 1
(5,0), 0, 1
(5,1), 0, 1
(5,2), 0, 1
(5,3), 0, 1
(5,6), 0, 1
(5,7), 0, 1
(5,8), 0, 1
(5,9), 0, 1
(5,11), 0, 1
(5,12), 0, 1
(5,13), 0, 1
(5,14), 0, 1
(5,15), 0, 1
(5,16), 0, 1
(5,17), 0, 1
(5,18), 0, 1
(5,19), 0, 1
(5,21), 0, 1
(5,22), 0, 1
(5,23), 0, 1
(5,25), 0, 1
(5,26), 0, 1
(5,27), 0, 1
(5,29), 0, 1
(5,30), 0, 1
(5,32), 0, 1
(5,33), 0, 1
(5,35), 0, 1
(5,37), 0, 1
(5,38), 0, 1
(5,39), 0, 1
(5,40), 0, 1
(5,42), 0, 1
(5,43), 0, 1
(5,44), 0, 1
(5,48), 0, 1
(5,49), 0, 1
(5,50), 0, 1
(5,52), 0, 1
(5,53), 0, 1
(5,54), 0, 1
(5,56), 0, 1
(5,57), 0, 1
(5,58), 0, 1
(5,60), 0, 1
(5,61), 0, 1
(5,64), 0, 1
(5,65), 0, 1
(5,69), 0, 1
(5,70), 0, 1
(5,71), 0, 1
(5,74), 0, 1
(5,75), 0, 1
(5,76), 0, 1
(5,77), 0, 1
(5,78), 0, 1
(5,81), 0, 1
(5,82), 0, 1
(5,83), 0, 1
(5,84), 0, 1
(5,85), 0, 1
(5,86), 0, 1
(5,87), 0, 1
(5,88), 0, 1
(5,89), 0, 1
(5,90), 0, 1
(6,0), 0, 1
(6,37), 0, 1
(6,40), 0, 1
(6,62), 0, 1
(6,69), 0, 1
(6,81), 0, 1
(7,0), 0, 1
(7,16), 0, 1
(7,40), 0, 1
(7,62), 0, 1
(7,66), 0, 1
(7,69), 0, 1
(7,73), 0, 1
(7,74), 0, 1
(7,81), 0, 1
(8,0), 0, 1
(8,16), 0, 1
(8,37), 0, 1
(8,40), 0, 1
(8,62), 0, 1
(8,66), 0, 1
(8,69), 0, 1
(8,70), 0, 1
(8,81), 0, 1
(9,1), 0, 1
(9,13), 0, 1
(9,62), 0, 1
(9,69), 0, 1
(9,79), 0, 1
(10,0), 0, 1
(10,1), 0, 1
(10,2), 0, 1
(10,3), 0, 1
(10,6), 0, 1
(10,7), 0, 1
(10,9), 0, 1
(10,11), 0, 1
(10,12), 0, 1
(10,13), 0, 1
(10,14), 0, 1
(10,15), 0, 1
(10,17), 0, 1
(10,18), 0, 1
(10,19), 0, 1
(10,21), 0, 1
(10,23), 0, 1
(10,25), 0, 1
(10,26), 0, 1
(10,27), 0, 1
(10,28), 0, 1
(10,29), 0, 1
(10,30), 0, 1
(10,31), 0, 1
(10,32), 0, 1
(10,33), 0, 1
(10,35), 0, 1
(10,37), 0, 1
(10,38), 0, 1
(10,39), 0, 1
(10,40), 0, 1
(10,43), 0, 1
(10,44), 0, 1
(10,47), 0, 1
(10,48), 0, 1
(10,49), 0, 1
(10,50), 0, 1
(10,52), 0, 1
(10,53), 0, 1
(10,54), 0, 1
(10,56), 0, 1
(10,57), 0, 1
(10,60), 0, 1
(10,61), 0, 1
(10,62), 0, 1
(10,64), 0, 1
(10,65), 0, 1
(10,66), 0, 1
(10,69), 0, 1
(10,70), 0, 1
(10,71), 0, 1
(10,74), 0, 1
(10,75), 0, 1
(10,76), 0, 1
(10,77), 0, 1
(10,79), 0, 1
(10,80), 0, 1
(10,82), 0, 1
(10,83), 0, 1
(10,84), 0, 1
(10,85), 0, 1
(10,86), 0, 1
(10,87), 0, 1
(10,88), 0, 1
(10,89), 0, 1
(10,90), 0, 1
(11,16), 0, 1
(11,37), 0, 1
(11,40), 0, 1
(11,66), 0, 1
(11,69), 0, 1
(11,70), 0, 1
(12,0), 0, 1
(12,1), 0, 1
(12,2), 0, 1
(12,3), 0, 1
(12,4), 0, 1
(12,5), 0, 1
(12,6), 0, 1
(12,7), 0, 1
(12,8), 0, 1
(12,9), 0, 1
(12,13), 0, 1
(12,14), 0, 1
(12,15), 0, 1
(12,16), 0, 1
(12,17), 0, 1
(12,18), 0, 1
(12,19), 0, 1
(12,21), 0, 1
(12,23), 0, 1
(12,25), 0, 1
(12,26), 0, 1
(12,27), 0, 1
(12,29), 0, 1
(12,31), 0, 1
(12,32), 0, 1
(12,33), 0, 1
(12,35), 0, 1
(12,37), 0, 1
(12,38), 0, 1
(12,39), 0, 1
(12,40), 0, 1
(12,42), 0, 1
(12,43), 0, 1
(12,44), 0, 1
(12,48), 0, 1
(12,49), 0, 1
(12,50), 0, 1
(12,52), 0, 1
(12,53), 0, 1
(12,54), 0, 1
(12,56), 0, 1
(12,57), 0, 1
(12,60), 0, 1
(12,61), 0, 1
(12,62), 0, 1
(12,64), 0, 1
(12,65), 0, 1
(12,66), 0, 1
(12,68), 0, 1
(12,69), 0, 1
(12,70), 0, 1
(12,71), 0, 1
(12,74), 0, 1
(12,75), 0, 1
(12,76), 0, 1
(12,77), 0, 1
(12,79), 0, 1
(12,80), 0, 1
(12,81), 0, 1
(12,82), 0, 1
(12,83), 0, 1
(12,84), 0, 1
(12,85), 0, 1
(12,86), 0, 1
(12,87), 0, 1
(12,89), 0, 1
(12,90), 0, 1
(13,0), 0, 1
(13,37), 0, 1
(13,40), 0, 1
(13,62), 0, 1
(13,66), 0, 1
(13,69), 0, 1
(13,70), 0, 1
(13,74), 0, 1
(13,81), 0, 1
(14,0), 0, 1
(14,16), 0, 1
(14,37), 0, 1
(14,40), 0, 1
(14,62), 0, 1
(14,66), 0, 1
(14,69), 0, 1
(14,70), 0, 1
(14,74), 0, 1
(14,81), 0, 1
(15,0), 0, 1
(15,16), 0, 1
(15,62), 0, 1
(15,66), 0, 1
(15,69), 0, 1
(15,70), 0, 1
(16,0), 0, 1
(16,1), 0, 1
(16,2), 0, 1
(16,3), 0, 1
(16,5), 0, 1
(16,6), 0, 1
(16,7), 0, 1
(16,8), 0, 1
(16,9), 0, 1
(16,11), 0, 1
(16,12), 0, 1
(16,13), 0, 1
(16,14), 0, 1
(16,15), 0, 1
(16,17), 0, 1
(16,19), 0, 1
(16,21), 0, 1
(16,25), 0, 1
(16,26), 0, 1
(16,27), 0, 1
(16,29), 0, 1
(16,31), 0, 1
(16,32), 0, 1
(16,33), 0, 1
(16,35), 0, 1
(16,36), 0, 1
(16,37), 0, 1
(16,38), 0, 1
(16,39), 0, 1
(16,42), 0, 1
(16,43), 0, 1
(16,44), 0, 1
(16,48), 0, 1
(16,49), 0, 1
(16,50), 0, 1
(16,52), 0, 1
(16,53), 0, 1
(16,54), 0, 1
(16,56), 0, 1
(16,57), 0, 1
(16,60), 0, 1
(16,61), 0, 1
(16,62), 0, 1
(16,64), 0, 1
(16,65), 0, 1
(16,66), 0, 1
(16,69), 0, 1
(16,70), 0, 1
(16,71), 0, 1
(16,72), 0, 1
(16,75), 0, 1
(16,76), 0, 1
(16,77), 0, 1
(16,78), 0, 1
(16,79), 0, 1
(16,81), 0, 1
(16,82), 0, 1
(16,83), 0, 1
(16,84), 0, 1
(16,85), 0, 1
(16,86), 0, 1
(16,87), 0, 1
(16,88), 0, 1
(16,89), 0, 1
(17,13), 0, 1
(17,62), 0, 1
(17,79), 0, 1
(17,92), 0, 1
(18,0), 0, 1
(18,1), 0, 1
(18,2), 0, 1
(18,5), 0, 1
(18,6), 0, 1
(18,7), 0, 1
(18,8), 0, 1
(18,9), 0, 1
(18,11), 0, 1
(18,13), 0, 1
(18,14), 0, 1
(18,15), 0, 1
(18,17), 0, 1
(18,19), 0, 1
(18,21), 0, 1
(18,22), 0, 1
(18,23), 0, 1
(18,25), 0, 1
(18,27), 0, 1
(18,28), 0, 1
(18,31), 0, 1
(18,32), 0, 1
(18,33), 0, 1
(18,35), 0, 1
(18,36), 0, 1
(18,37), 0, 1
(18,38), 0, 1
(18,39), 0, 1
(18,41), 0, 1
(18,42), 0, 1
(18,43), 0, 1
(18,44), 0, 1
(18,47), 0, 1
(18,48), 0, 1
(18,49), 0, 1
(18,50), 0, 1
(18,52), 0, 1
(18,53), 0, 1
(18,54), 0, 1
(18,56), 0, 1
(18,57), 0, 1
(18,60), 0, 1
(18,61), 0, 1
(18,65), 0, 1
(18,66), 0, 1
(18,69), 0, 1
(18,71), 0, 1
(18,73), 0, 1
(18,74), 0, 1
(18,75), 0, 1
(18,76), 0, 1
(18,77), 0, 1
(18,78), 0, 1
(18,79), 0, 1
(18,80), 0, 1
(18,81), 0, 1
(18,82), 0, 1
(18,83), 0, 1
(18,84), 0, 1
(18,85), 0, 1
(18,86), 0, 1
(18,87), 0, 1
(18,88), 0, 1
(18,89), 0, 1
(18,90), 0, 1
(18,91), 0, 1
(19,0), 0, 1
(19,40), 0, 1
(19,62), 0, 1
(19,66), 0, 1
(19,69), 0, 1
(19,70), 0, 1
(19,73), 0, 1
(20,0), 0, 1
(20,16), 0, 1
(20,37), 0, 1
(20,40), 0, 1
(20,62), 0, 1
(20,66), 0, 1
(20,69), 0, 1
(20,70), 0, 1
(20,74), 0, 1
(20,81), 0, 1
(21,13), 0, 1
(21,62), 0, 1
(21,69), 0, 1
(21,79), 0, 1
(22,0), 0, 1
(22,16), 0, 1
(22,37), 0, 1
(22,62), 0, 1
(22,69), 0, 1
(22,70), 0, 1
(22,74), 0, 1
(22,81), 0, 1
(23,1), 0, 1
(23,13), 0, 1
(23,45), 0, 1
(23,62), 0, 1
(23,69), 0, 1
(23,79), 0, 1
(23,92), 0, 1
(24,0), 0, 1
(24,1), 0, 1
(24,2), 0, 1
(24,3), 0, 1
(24,4), 0, 1
(24,5), 0, 1
(24,6), 0, 1
(24,7), 0, 1
(24,8), 0, 1
(24,9), 0, 1
(24,11), 0, 1
(24,13), 0, 1
(24,14), 0, 1
(24,15), 0, 1
(24,16), 0, 1
(24,17), 0, 1
(24,19), 0, 1
(24,21), 0, 1
(24,22), 0, 1
(24,23), 0, 1
(24,25), 0, 1
(24,26), 0, 1
(24,27), 0, 1
(24,28), 0, 1
(24,31), 0, 1
(24,32), 0, 1
(24,33), 0, 1
(24,36), 0, 1
(24,39), 0, 1
(24,40), 0, 1
(24,42), 0, 1
(24,43), 0, 1
(24,44), 0, 1
(24,47), 0, 1
(24,48), 0, 1
(24,49), 0, 1
(24,50), 0, 1
(24,52), 0, 1
(24,53), 0, 1
(24,54), 0, 1
(24,56), 0, 1
(24,57), 0, 1
(24,60), 0, 1
(24,61), 0, 1
(24,62), 0, 1
(24,64), 0, 1
(24,65), 0, 1
(24,68), 0, 1
(24,69), 0, 1
(24,70), 0, 1
(24,71), 0, 1
(24,74), 0, 1
(24,75), 0, 1
(24,76), 0, 1
(24,78), 0, 1
(24,79), 0, 1
(24,81), 0, 1
(24,82), 0, 1
(24,84), 0, 1
(24,85), 0, 1
(24,86), 0, 1
(24,87), 0, 1
(24,89), 0, 1
(24,90), 0, 1
(25,0), 0, 1
(25,16), 0, 1
(25,37), 0, 1
(25,40), 0, 1
(25,62), 0, 1
(25,66), 0, 1
(25,70), 0, 1
(25,74), 0, 1
(25,81), 0, 1
(26,1), 0, 1
(26,62), 0, 1
(26,69), 0, 1
(26,79), 0, 1
(27,0), 0, 1
(27,1), 0, 1
(27,2), 0, 1
(27,3), 0, 1
(27,5), 0, 1
(27,6), 0, 1
(27,8), 0, 1
(27,9), 0, 1
(27,11), 0, 1
(27,12), 0, 1
(27,13), 0, 1
(27,14), 0, 1
(27,15), 0, 1
(27,16), 0, 1
(27,17), 0, 1
(27,18), 0, 1
(27,19), 0, 1
(27,21), 0, 1
(27,22), 0, 1
(27,23), 0, 1
(27,25), 0, 1
(27,26), 0, 1
(27,28), 0, 1
(27,31), 0, 1
(27,32), 0, 1
(27,33), 0, 1
(27,36), 0, 1
(27,37), 0, 1
(27,38), 0, 1
(27,39), 0, 1
(27,40), 0, 1
(27,42), 0, 1
(27,43), 0, 1
(27,44), 0, 1
(27,45), 0, 1
(27,47), 0, 1
(27,48), 0, 1
(27,49), 0, 1
(27,50), 0, 1
(27,51), 0, 1
(27,52), 0, 1
(27,53), 0, 1
(27,56), 0, 1
(27,57), 0, 1
(27,59), 0, 1
(27,60), 0, 1
(27,61), 0, 1
(27,62), 0, 1
(27,64), 0, 1
(27,65), 0, 1
(27,66), 0, 1
(27,68), 0, 1
(27,69), 0, 1
(27,70), 0, 1
(27,71), 0, 1
(27,74), 0, 1
(27,75), 0, 1
(27,76), 0, 1
(27,77), 0, 1
(27,78), 0, 1
(27,79), 0, 1
(27,81), 0, 1
(27,82), 0, 1
(27,83), 0, 1
(27,84), 0, 1
(27,85), 0, 1
(27,86), 0, 1
(27,87), 0, 1
(27,89), 0, 1
(28,0), 0, 1
(28,1), 0, 1
(28,2), 0, 1
(28,3), 0, 1
(28,4), 0, 1
(28,5), 0, 1
(28,6), 0, 1
(28,7), 0, 1
(28,8), 0, 1
(28,9), 0, 1
(28,11), 0, 1
(28,13), 0, 1
(28,14), 0, 1
(28,15), 0, 1
(28,17), 0, 1
(28,19), 0, 1
(28,21), 0, 1
(28,22), 0, 1
(28,23), 0, 1
(28,25), 0, 1
(28,31), 0, 1
(28,32), 0, 1
(28,33), 0, 1
(28,35), 0, 1
(28,36), 0, 1
(28,37), 0, 1
(28,39), 0, 1
(28,40), 0, 1
(28,42), 0, 1
(28,43), 0, 1
(28,44), 0, 1
(28,48), 0, 1
(28,49), 0, 1
(28,50), 0, 1
(28,52), 0, 1
(28,53), 0, 1
(28,54), 0, 1
(28,56), 0, 1
(28,57), 0, 1
(28,60), 0, 1
(28,61), 0, 1
(28,62), 0, 1
(28,64), 0, 1
(28,65), 0, 1
(28,66), 0, 1
(28,68), 0, 1
(28,69), 0, 1
(28,70), 0, 1
(28,71), 0, 1
(28,75), 0, 1
(28,76), 0, 1
(28,78), 0, 1
(28,79), 0, 1
(28,80), 0, 1
(28,82), 0, 1
(28,83), 0, 1
(28,84), 0, 1
(28,85), 0, 1
(28,86), 0, 1
(28,87), 0, 1
(28,89), 0, 1
(28,90), 0, 1
(29,0), 0, 1
(29,1), 0, 1
(29,2), 0, 1
(29,3), 0, 1
(29,4), 0, 1
(29,5), 0, 1
(29,6), 0, 1
(29,7), 0, 1
(29,8), 0, 1
(29,9), 0, 1
(29,11), 0, 1
(29,12), 0, 1
(29,13), 0, 1
(29,14), 0, 1
(29,15), 0, 1
(29,16), 0, 1
(29,17), 0, 1
(29,19), 0, 1
(29,21), 0, 1
(29,23), 0, 1
(29,25), 0, 1
(29,26), 0, 1
(29,27), 0, 1
(29,28), 0, 1
(29,31), 0, 1
(29,32), 0, 1
(29,33), 0, 1
(29,35), 0, 1
(29,36), 0, 1
(29,38), 0, 1
(29,39), 0, 1
(29,40), 0, 1
(29,42), 0, 1
(29,43), 0, 1
(29,44), 0, 1
(29,47), 0, 1
(29,48), 0, 1
(29,49), 0, 1
(29,50), 0, 1
(29,51), 0, 1
(29,52), 0, 1
(29,53), 0, 1
(29,54), 0, 1
(29,56), 0, 1
(29,57), 0, 1
(29,60), 0, 1
(29,61), 0, 1
(29,64), 0, 1
(29,65), 0, 1
(29,66), 0, 1
(29,68), 0, 1
(29,69), 0, 1
(29,70), 0, 1
(29,71), 0, 1
(29,74), 0, 1
(29,75), 0, 1
(29,76), 0, 1
(29,77), 0, 1
(29,78), 0, 1
(29,79), 0, 1
(29,82), 0, 1
(29,84), 0, 1
(29,85), 0, 1
(29,86), 0, 1
(29,87), 0, 1
(29,88), 0, 1
(29,89), 0, 1
(29,90), 0, 1
(29,92), 0, 1
(30,0), 0, 1
(30,1), 0, 1
(30,2), 0, 1
(30,3), 0, 1
(30,4), 0, 1
(30,5), 0, 1
(30,7), 0, 1
(30,8), 0, 1
(30,9), 0, 1
(30,10), 0, 1
(30,11), 0, 1
(30,12), 0, 1
(30,13), 0, 1
(30,14), 0, 1
(30,15), 0, 1
(30,16), 0, 1
(30,17), 0, 1
(30,19), 0, 1
(30,20), 0, 1
(30,21), 0, 1
(30,22), 0, 1
(30,25), 0, 1
(30,26), 0, 1
(30,27), 0, 1
(30,28), 0, 1
(30,31), 0, 1
(30,33), 0, 1
(30,36), 0, 1
(30,39), 0, 1
(30,40), 0, 1
(30,42), 0, 1
(30,43), 0, 1
(30,44), 0, 1
(30,47), 0, 1
(30,48), 0, 1
(30,49), 0, 1
(30,50), 0, 1
(30,52), 0, 1
(30,53), 0, 1
(30,54), 0, 1
(30,56), 0, 1
(30,57), 0, 1
(30,60), 0, 1
(30,61), 0, 1
(30,62), 0, 1
(30,64), 0, 1
(30,65), 0, 1
(30,66), 0, 1
(30,68), 0, 1
(30,69), 0, 1
(30,70), 0, 1
(30,71), 0, 1
(30,75), 0, 1
(30,76), 0, 1
(30,77), 0, 1
(30,79), 0, 1
(30,80), 0, 1
(30,81), 0, 1
(30,82), 0, 1
(30,83), 0, 1
(30,84), 0, 1
(30,85), 0, 1
(30,86), 0, 1
(30,87), 0, 1
(30,88), 0, 1
(30,89), 0, 1
(30,90), 0, 1
(31,1), 0, 1
(31,13), 0, 1
(31,62), 0, 1
(31,69), 0, 1
(31,79), 0, 1
(32,16), 0, 1
(32,37), 0, 1
(32,40), 0, 1
(32,62), 0, 1
(32,66), 0, 1
(32,69), 0, 1
(32,70), 0, 1
(32,74), 0, 1
(32,81), 0, 1
(33,0), 0, 1
(33,40), 0, 1
(33,62), 0, 1
(33,66), 0, 1
(33,69), 0, 1
(33,70), 0, 1
(34,0), 0, 1
(34,16), 0, 1
(34,37), 0, 1
(34,40), 0, 1
(34,66), 0, 1
(34,69), 0, 1
(34,70), 0, 1
(34,74), 0, 1
(34,81), 0, 1
(35,0), 0, 1
(35,16), 0, 1
(35,40), 0, 1
(35,66), 0, 1
(35,69), 0, 1
(35,70), 0, 1
(35,81), 0, 1
(36,1), 0, 1
(36,13), 0, 1
(36,45), 0, 1
(36,62), 0, 1
(36,69), 0, 1
(36,72), 0, 1
(36,79), 0, 1
(37,0), 0, 1
(37,1), 0, 1
(37,2), 0, 1
(37,3), 0, 1
(37,4), 0, 1
(37,5), 0, 1
(37,6), 0, 1
(37,8), 0, 1
(37,9), 0, 1
(37,11), 0, 1
(37,12), 0, 1
(37,13), 0, 1
(37,14), 0, 1
(37,15), 0, 1
(37,17), 0, 1
(37,19), 0, 1
(37,21), 0, 1
(37,23), 0, 1
(37,25), 0, 1
(37,26), 0, 1
(37,27), 0, 1
(37,28), 0, 1
(37,31), 0, 1
(37,32), 0, 1
(37,33), 0, 1
(37,35), 0, 1
(37,39), 0, 1
(37,40), 0, 1
(37,42), 0, 1
(37,43), 0, 1
(37,44), 0, 1
(37,47), 0, 1
(37,48), 0, 1
(37,49), 0, 1
(37,50), 0, 1
(37,52), 0, 1
(37,53), 0, 1
(37,54), 0, 1
(37,56), 0, 1
(37,57), 0, 1
(37,58), 0, 1
(37,60), 0, 1
(37,61), 0, 1
(37,64), 0, 1
(37,65), 0, 1
(37,66), 0, 1
(37,68), 0, 1
(37,69), 0, 1
(37,71), 0, 1
(37,74), 0, 1
(37,75), 0, 1
(37,76), 0, 1
(37,77), 0, 1
(37,78), 0, 1
(37,79), 0, 1
(37,81), 0, 1
(37,82), 0, 1
(37,83), 0, 1
(37,84), 0, 1
(37,85), 0, 1
(37,86), 0, 1
(37,87), 0, 1
(37,88), 0, 1
(37,89), 0, 1
(37,92), 0, 1
(38,0), 0, 1
(38,1), 0, 1
(38,2), 0, 1
(38,3), 0, 1
(38,4), 0, 1
(38,5), 0, 1
(38,6), 0, 1
(38,7), 0, 1
(38,8), 0, 1
(38,9), 0, 1
(38,11), 0, 1
(38,13), 0, 1
(38,14), 0, 1
(38,15), 0, 1
(38,16), 0, 1
(38,18), 0, 1
(38,19), 0, 1
(38,21), 0, 1
(38,23), 0, 1
(38,25), 0, 1
(38,27), 0, 1
(38,28), 0, 1
(38,31), 0, 1
(38,32), 0, 1
(38,33), 0, 1
(38,34), 0, 1
(38,35), 0, 1
(38,36), 0, 1
(38,39), 0, 1
(38,40), 0, 1
(38,42), 0, 1
(38,48), 0, 1
(38,49), 0, 1
(38,50), 0, 1
(38,52), 0, 1
(38,53), 0, 1
(38,54), 0, 1
(38,56), 0, 1
(38,57), 0, 1
(38,60), 0, 1
(38,61), 0, 1
(38,62), 0, 1
(38,64), 0, 1
(38,65), 0, 1
(38,66), 0, 1
(38,69), 0, 1
(38,70), 0, 1
(38,71), 0, 1
(38,75), 0, 1
(38,76), 0, 1
(38,77), 0, 1
(38,78), 0, 1
(38,79), 0, 1
(38,81), 0, 1
(38,82), 0, 1
(38,83), 0, 1
(38,84), 0, 1
(38,85), 0, 1
(38,86), 0, 1
(38,87), 0, 1
(38,89), 0, 1
(38,90), 0, 1
(39,0), 0, 1
(39,16), 0, 1
(39,37), 0, 1
(39,40), 0, 1
(39,66), 0, 1
(39,69), 0, 1
(39,74), 0, 1
(39,81), 0, 1
(40,1), 0, 1
(40,13), 0, 1
(40,69), 0, 1
(40,79), 0, 1
(41,1), 0, 1
(41,13), 0, 1
(41,69), 0, 1
(41,79), 0, 1
(42,0), 0, 1
(42,62), 0, 1
(42,66), 0, 1
(42,69), 0, 1
(42,70), 0, 1
(42,81), 0, 1
(43,0), 0, 1
(43,16), 0, 1
(43,37), 0, 1
(43,40), 0, 1
(43,62), 0, 1
(43,66), 0, 1
(43,69), 0, 1
(43,81), 0, 1
(44,0), 0, 1
(44,1), 0, 1
(44,2), 0, 1
(44,3), 0, 1
(44,5), 0, 1
(44,6), 0, 1
(44,7), 0, 1
(44,8), 0, 1
(44,9), 0, 1
(44,11), 0, 1
(44,13), 0, 1
(44,15), 0, 1
(44,16), 0, 1
(44,17), 0, 1
(44,18), 0, 1
(44,19), 0, 1
(44,21), 0, 1
(44,22), 0, 1
(44,23), 0, 1
(44,25), 0, 1
(44,27), 0, 1
(44,30), 0, 1
(44,31), 0, 1
(44,32), 0, 1
(44,33), 0, 1
(44,36), 0, 1
(44,37), 0, 1
(44,38), 0, 1
(44,39), 0, 1
(44,40), 0, 1
(44,42), 0, 1
(44,43), 0, 1
(44,47), 0, 1
(44,48), 0, 1
(44,49), 0, 1
(44,50), 0, 1
(44,52), 0, 1
(44,53), 0, 1
(44,54), 0, 1
(44,56), 0, 1
(44,57), 0, 1
(44,60), 0, 1
(44,61), 0, 1
(44,64), 0, 1
(44,65), 0, 1
(44,66), 0, 1
(44,68), 0, 1
(44,70), 0, 1
(44,71), 0, 1
(44,74), 0, 1
(44,75), 0, 1
(44,79), 0, 1
(44,81), 0, 1
(44,82), 0, 1
(44,83), 0, 1
(44,84), 0, 1
(44,86), 0, 1
(44,87), 0, 1
(44,88), 0, 1
(44,89), 0, 1
(44,90), 0, 1
(45,0), 0, 1
(45,37), 0, 1
(45,40), 0, 1
(45,62), 0, 1
(45,66), 0, 1
(45,69), 0, 1
(45,70), 0, 1
(46,1), 0, 1
(46,13), 0, 1
(46,69), 0, 1
(46,92), 0, 1
(47,69), 0, 1
(48,13), 0, 1
(48,62), 0, 1
(48,69), 0, 1
(48,79), 0, 1
(49,0), 0, 1
(49,16), 0, 1
(49,40), 0, 1
(49,62), 0, 1
(49,66), 0, 1
(49,69), 0, 1
(49,70), 0, 1
(49,73), 0, 1
(49,74), 0, 1
(49,81), 0, 1
(50,0), 0, 1
(50,37), 0, 1
(50,40), 0, 1
(50,62), 0, 1
(50,66), 0, 1
(50,69), 0, 1
(50,74), 0, 1
(51,16), 0, 1
(51,37), 0, 1
(51,40), 0, 1
(51,62), 0, 1
(51,69), 0, 1
(51,70), 0, 1
(51,81), 0, 1
(52,0), 0, 1
(52,16), 0, 1
(52,37), 0, 1
(52,40), 0, 1
(52,62), 0, 1
(52,66), 0, 1
(52,69), 0, 1
(52,81), 0, 1
(53,0), 0, 1
(53,37), 0, 1
(53,40), 0, 1
(53,66), 0, 1
(53,69), 0, 1
(53,70), 0, 1
(53,81), 0, 1
(54,0), 0, 1
(54,16), 0, 1
(54,37), 0, 1
(54,40), 0, 1
(54,62), 0, 1
(54,66), 0, 1
(54,69), 0, 1
(54,70), 0, 1
(54,74), 0, 1
(54,81), 0, 1
(55,0), 0, 1
(55,1), 0, 1
(55,2), 0, 1
(55,3), 0, 1
(55,5), 0, 1
(55,6), 0, 1
(55,7), 0, 1
(55,8), 0, 1
(55,9), 0, 1
(55,11), 0, 1
(55,12), 0, 1
(55,13), 0, 1
(55,14), 0, 1
(55,15), 0, 1
(55,16), 0, 1
(55,17), 0, 1
(55,18), 0, 1
(55,19), 0, 1
(55,20), 0, 1
(55,21), 0, 1
(55,22), 0, 1
(55,23), 0, 1
(55,25), 0, 1
(55,26), 0, 1
(55,27), 0, 1
(55,29), 0, 1
(55,30), 0, 1
(55,31), 0, 1
(55,32), 0, 1
(55,33), 0, 1
(55,35), 0, 1
(55,37), 0, 1
(55,38), 0, 1
(55,39), 0, 1
(55,40), 0, 1
(55,42), 0, 1
(55,43), 0, 1
(55,44), 0, 1
(55,48), 0, 1
(55,49), 0, 1
(55,50), 0, 1
(55,52), 0, 1
(55,53), 0, 1
(55,54), 0, 1
(55,56), 0, 1
(55,57), 0, 1
(55,60), 0, 1
(55,61), 0, 1
(55,62), 0, 1
(55,63), 0, 1
(55,64), 0, 1
(55,65), 0, 1
(55,66), 0, 1
(55,69), 0, 1
(55,70), 0, 1
(55,71), 0, 1
(55,72), 0, 1
(55,74), 0, 1
(55,75), 0, 1
(55,76), 0, 1
(55,77), 0, 1
(55,79), 0, 1
(55,80), 0, 1
(55,81), 0, 1
(55,82), 0, 1
(55,83), 0, 1
(55,84), 0, 1
(55,85), 0, 1
(55,86), 0, 1
(55,87), 0, 1
(55,88), 0, 1
(55,89), 0, 1
(55,90), 0, 1
(56,1), 0, 1
(56,13), 0, 1
(56,62), 0, 1
(56,69), 0, 1
(56,79), 0, 1
(57,1), 0, 1
(57,62), 0, 1
(57,69), 0, 1
(57,79), 0, 1
(58,0), 0, 1
(58,2), 0, 1
(58,3), 0, 1
(58,5), 0, 1
(58,6), 0, 1
(58,7), 0, 1
(58,8), 0, 1
(58,9), 0, 1
(58,11), 0, 1
(58,14), 0, 1
(58,15), 0, 1
(58,17), 0, 1
(58,18), 0, 1
(58,19), 0, 1
(58,21), 0, 1
(58,22), 0, 1
(58,23), 0, 1
(58,26), 0, 1
(58,27), 0, 1
(58,28), 0, 1
(58,31), 0, 1
(58,32), 0, 1
(58,33), 0, 1
(58,35), 0, 1
(58,36), 0, 1
(58,37), 0, 1
(58,39), 0, 1
(58,40), 0, 1
(58,42), 0, 1
(58,43), 0, 1
(58,44), 0, 1
(58,47), 0, 1
(58,48), 0, 1
(58,49), 0, 1
(58,50), 0, 1
(58,52), 0, 1
(58,53), 0, 1
(58,54), 0, 1
(58,56), 0, 1
(58,60), 0, 1
(58,64), 0, 1
(58,65), 0, 1
(58,66), 0, 1
(58,69), 0, 1
(58,70), 0, 1
(58,71), 0, 1
(58,73), 0, 1
(58,74), 0, 1
(58,75), 0, 1
(58,76), 0, 1
(58,77), 0, 1
(58,78), 0, 1
(58,79), 0, 1
(58,80), 0, 1
(58,81), 0, 1
(58,82), 0, 1
(58,83), 0, 1
(58,84), 0, 1
(58,85), 0, 1
(58,86), 0, 1
(58,87), 0, 1
(58,89), 0, 1
(59,0), 0, 1
(59,37), 0, 1
(59,40), 0, 1
(59,62), 0, 1
(59,66), 0, 1
(59,69), 0, 1
(59,74), 0, 1
(59,81), 0, 1
(60,69), 0, 1
(61,0), 0, 1
(61,16), 0, 1
(61,40), 0, 1
(61,74), 0, 1
(61,81), 0, 1
(62,0), 0, 1
(62,1), 0, 1
(62,2), 0, 1
(62,3), 0, 1
(62,4), 0, 1
(62,6), 0, 1
(62,7), 0, 1
(62,9), 0, 1
(62,11), 0, 1
(62,13), 0, 1
(62,14), 0, 1
(62,15), 0, 1
(62,16), 0, 1
(62,17), 0, 1
(62,18), 0, 1
(62,19), 0, 1
(62,21), 0, 1
(62,23), 0, 1
(62,24), 0, 1
(62,25), 0, 1
(62,26), 0, 1
(62,27), 0, 1
(62,28), 0, 1
(62,31), 0, 1
(62,32), 0, 1
(62,33), 0, 1
(62,37), 0, 1
(62,38), 0, 1
(62,39), 0, 1
(62,40), 0, 1
(62,42), 0, 1
(62,43), 0, 1
(62,44), 0, 1
(62,47), 0, 1
(62,49), 0, 1
(62,50), 0, 1
(62,52), 0, 1
(62,53), 0, 1
(62,54), 0, 1
(62,57), 0, 1
(62,60), 0, 1
(62,61), 0, 1
(62,64), 0, 1
(62,65), 0, 1
(62,66), 0, 1
(62,68), 0, 1
(62,69), 0, 1
(62,70), 0, 1
(62,71), 0, 1
(62,74), 0, 1
(62,75), 0, 1
(62,76), 0, 1
(62,77), 0, 1
(62,78), 0, 1
(62,79), 0, 1
(62,80), 0, 1
(62,81), 0, 1
(62,82), 0, 1
(62,83), 0, 1
(62,84), 0, 1
(62,85), 0, 1
(62,86), 0, 1
(62,87), 0, 1
(62,88), 0, 1
(62,89), 0, 1
(63,0), 0, 1
(63,16), 0, 1
(63,40), 0, 1
(63,66), 0, 1
(63,69), 0, 1
(63,70), 0, 1
(64,1), 0, 1
(64,13), 0, 1
(64,62), 0, 1
(64,69), 0, 1
(64,79), 0, 1
(65,0), 0, 1
(65,16), 0, 1
(65,62), 0, 1
(65,66), 0, 1
(65,69), 0, 1
(65,70), 0, 1
(65,74), 0, 1
(65,81), 0, 1
(66,0), 0, 1
(66,1), 0, 1
(66,2), 0, 1
(66,3), 0, 1
(66,4), 0, 1
(66,5), 0, 1
(66,6), 0, 1
(66,7), 0, 1
(66,8), 0, 1
(66,9), 0, 1
(66,11), 0, 1
(66,12), 0, 1
(66,13), 0, 1
(66,14), 0, 1
(66,15), 0, 1
(66,16), 0, 1
(66,17), 0, 1
(66,18), 0, 1
(66,19), 0, 1
(66,21), 0, 1
(66,22), 0, 1
(66,23), 0, 1
(66,25), 0, 1
(66,27), 0, 1
(66,28), 0, 1
(66,31), 0, 1
(66,32), 0, 1
(66,33), 0, 1
(66,35), 0, 1
(66,36), 0, 1
(66,38), 0, 1
(66,39), 0, 1
(66,40), 0, 1
(66,43), 0, 1
(66,44), 0, 1
(66,47), 0, 1
(66,48), 0, 1
(66,49), 0, 1
(66,50), 0, 1
(66,52), 0, 1
(66,53), 0, 1
(66,54), 0, 1
(66,56), 0, 1
(66,57), 0, 1
(66,60), 0, 1
(66,61), 0, 1
(66,64), 0, 1
(66,65), 0, 1
(66,68), 0, 1
(66,69), 0, 1
(66,70), 0, 1
(66,71), 0, 1
(66,74), 0, 1
(66,75), 0, 1
(66,76), 0, 1
(66,77), 0, 1
(66,78), 0, 1
(66,79), 0, 1
(66,81), 0, 1
(66,82), 0, 1
(66,83), 0, 1
(66,84), 0, 1
(66,85), 0, 1
(66,86), 0, 1
(66,87), 0, 1
(66,89), 0, 1
(67,0), 0, 1
(67,16), 0, 1
(67,37), 0, 1
(67,40), 0, 1
(67,62), 0, 1
(67,66), 0, 1
(67,69), 0, 1
(67,70), 0, 1
(67,74), 0, 1
(67,81), 0, 1
(68,0), 0, 1
(68,1), 0, 1
(68,2), 0, 1
(68,3), 0, 1
(68,4), 0, 1
(68,5), 0, 1
(68,6), 0, 1
(68,7), 0, 1
(68,8), 0, 1
(68,9), 0, 1
(68,11), 0, 1
(68,12), 0, 1
(68,13), 0, 1
(68,14), 0, 1
(68,15), 0, 1
(68,17), 0, 1
(68,18), 0, 1
(68,19), 0, 1
(68,21), 0, 1
(68,22), 0, 1
(68,23), 0, 1
(68,24), 0, 1
(68,25), 0, 1
(68,26), 0, 1
(68,27), 0, 1
(68,28), 0, 1
(68,31), 0, 1
(68,32), 0, 1
(68,33), 0, 1
(68,35), 0, 1
(68,36), 0, 1
(68,37), 0, 1
(68,38), 0, 1
(68,39), 0, 1
(68,40), 0, 1
(68,42), 0, 1
(68,43), 0, 1
(68,44), 0, 1
(68,45), 0, 1
(68,47), 0, 1
(68,48), 0, 1
(68,49), 0, 1
(68,52), 0, 1
(68,53), 0, 1
(68,54), 0, 1
(68,56), 0, 1
(68,57), 0, 1
(68,60), 0, 1
(68,61), 0, 1
(68,64), 0, 1
(68,66), 0, 1
(68,69), 0, 1
(68,70), 0, 1
(68,71), 0, 1
(68,75), 0, 1
(68,76), 0, 1
(68,77), 0, 1
(68,79), 0, 1
(68,80), 0, 1
(68,81), 0, 1
(68,82), 0, 1
(68,83), 0, 1
(68,84), 0, 1
(68,85), 0, 1
(68,86), 0, 1
(68,87), 0, 1
(68,89), 0, 1
(68,90), 0, 1
(69,62), 0, 1
(70,1), 0, 1
(70,2), 0, 1
(70,3), 0, 1
(70,4), 0, 1
(70,5), 0, 1
(70,6), 0, 1
(70,7), 0, 1
(70,8), 0, 1
(70,9), 0, 1
(70,11), 0, 1
(70,12), 0, 1
(70,13), 0, 1
(70,14), 0, 1
(70,16), 0, 1
(70,17), 0, 1
(70,18), 0, 1
(70,19), 0, 1
(70,21), 0, 1
(70,23), 0, 1
(70,25), 0, 1
(70,26), 0, 1
(70,27), 0, 1
(70,31), 0, 1
(70,32), 0, 1
(70,33), 0, 1
(70,35), 0, 1
(70,36), 0, 1
(70,37), 0, 1
(70,38), 0, 1
(70,39), 0, 1
(70,40), 0, 1
(70,42), 0, 1
(70,43), 0, 1
(70,48), 0, 1
(70,49), 0, 1
(70,50), 0, 1
(70,52), 0, 1
(70,53), 0, 1
(70,54), 0, 1
(70,57), 0, 1
(70,60), 0, 1
(70,61), 0, 1
(70,64), 0, 1
(70,65), 0, 1
(70,66), 0, 1
(70,68), 0, 1
(70,69), 0, 1
(70,71), 0, 1
(70,73), 0, 1
(70,74), 0, 1
(70,75), 0, 1
(70,76), 0, 1
(70,77), 0, 1
(70,78), 0, 1
(70,79), 0, 1
(70,80), 0, 1
(70,81), 0, 1
(70,82), 0, 1
(70,83), 0, 1
(70,84), 0, 1
(70,85), 0, 1
(70,86), 0, 1
(70,87), 0, 1
(70,89), 0, 1
(70,90), 0, 1
(71,62), 0, 1
(71,69), 0, 1
(72,0), 0, 1
(72,16), 0, 1
(72,37), 0, 1
(72,40), 0, 1
(72,62), 0, 1
(72,66), 0, 1
(72,69), 0, 1
(72,70), 0, 1
(72,73), 0, 1
(72,74), 0, 1
(72,81), 0, 1
(73,0), 0, 1
(73,16), 0, 1
(73,40), 0, 1
(73,62), 0, 1
(73,69), 0, 1
(73,70), 0, 1
(73,74), 0, 1
(74,1), 0, 1
(74,13), 0, 1
(74,62), 0, 1
(74,69), 0, 1
(74,79), 0, 1
(75,1), 0, 1
(75,13), 0, 1
(75,62), 0, 1
(75,69), 0, 1
(75,72), 0, 1
(75,79), 0, 1
(76,16), 0, 1
(76,37), 0, 1
(76,40), 0, 1
(76,62), 0, 1
(76,66), 0, 1
(76,69), 0, 1
(76,70), 0, 1
(76,74), 0, 1
(76,81), 0, 1
(77,1), 0, 1
(77,13), 0, 1
(77,62), 0, 1
(77,69), 0, 1
(77,79), 0, 1
(78,0), 0, 1
(78,16), 0, 1
(78,37), 0, 1
(78,40), 0, 1
(78,62), 0, 1
(78,66), 0, 1
(78,69), 0, 1
(78,81), 0, 1
(79,0), 0, 1
(79,16), 0, 1
(79,37), 0, 1
(79,40), 0, 1
(79,66), 0, 1
(79,69), 0, 1
(79,81), 0, 1
(80,0), 0, 1
(80,16), 0, 1
(80,37), 0, 1
(80,40), 0, 1
(80,62), 0, 1
(80,66), 0, 1
(80,69), 0, 1
(80,70), 0, 1
(80,74), 0, 1
(81,0), 0, 1
(81,1), 0, 1
(81,2), 0, 1
(81,3), 0, 1
(81,4), 0, 1
(81,5), 0, 1
(81,6), 0, 1
(81,7), 0, 1
(81,8), 0, 1
(81,9), 0, 1
(81,11), 0, 1
(81,12), 0, 1
(81,13), 0, 1
(81,14), 0, 1
(81,16), 0, 1
(81,18), 0, 1
(81,19), 0, 1
(81,21), 0, 1
(81,22), 0, 1
(81,23), 0, 1
(81,25), 0, 1
(81,27), 0, 1
(81,31), 0, 1
(81,32), 0, 1
(81,33), 0, 1
(81,35), 0, 1
(81,36), 0, 1
(81,37), 0, 1
(81,38), 0, 1
(81,39), 0, 1
(81,40), 0, 1
(81,42), 0, 1
(81,43), 0, 1
(81,44), 0, 1
(81,47), 0, 1
(81,48), 0, 1
(81,49), 0, 1
(81,50), 0, 1
(81,52), 0, 1
(81,53), 0, 1
(81,54), 0, 1
(81,56), 0, 1
(81,57), 0, 1
(81,60), 0, 1
(81,61), 0, 1
(81,62), 0, 1
(81,64), 0, 1
(81,68), 0, 1
(81,69), 0, 1
(81,70), 0, 1
(81,71), 0, 1
(81,74), 0, 1
(81,75), 0, 1
(81,76), 0, 1
(81,77), 0, 1
(81,78), 0, 1
(81,79), 0, 1
(81,82), 0, 1
(81,83), 0, 1
(81,84), 0, 1
(81,85), 0, 1
(81,86), 0, 1
(81,87), 0, 1
(81,88), 0, 1
(81,89), 0, 1
(81,90), 0, 1
(82,0), 0, 1
(82,16), 0, 1
(82,40), 0, 1
(82,66), 0, 1
(82,69), 0, 1
(82,70), 0, 1
(82,81), 0, 1
(83,0), 0, 1
(83,16), 0, 1
(83,40), 0, 1
(83,62), 0, 1
(83,66), 0, 1
(83,69), 0, 1
(83,70), 0, 1
(83,74), 0, 1
(83,81), 0, 1
(84,0), 0, 1
(84,37), 0, 1
(84,40), 0, 1
(84,62), 0, 1
(84,66), 0, 1
(84,69), 0, 1
(84,74), 0, 1
(84,81), 0, 1
(85,1), 0, 1
(85,13), 0, 1
(85,62), 0, 1
(85,69), 0, 1
(85,73), 0, 1
(85,79), 0, 1
(86,0), 0, 1
(86,40), 0, 1
(86,69), 0, 1
(86,70), 0, 1
(86,81), 0, 1
(87,1), 0, 1
(87,13), 0, 1
(87,69), 0, 1
(87,79), 0, 1
(87,92), 0, 1
(88,1), 0, 1
(88,13), 0, 1
(88,69), 0, 1
(88,73), 0, 1
(88,79), 0, 1
(89,1), 0, 1
(89,13), 0, 1
(89,62), 0, 1
(89,79), 0, 1
(90,69), 0, 1
(91,0), 0, 1
(91,16), 0, 1
(91,37), 0, 1
(91,40), 0, 1
(91,62), 0, 1
(91,66), 0, 1
(91,70), 0, 1
(91,74), 0, 1
(92,0), 0, 1
(92,16), 0, 1
(92,40), 0, 1
(92,62), 0, 1
(92,66), 0, 1
(92,70), 0, 1
(92,74), 0, 1
(92,81), 0, 1
(93,0), 0, 1
(93,1), 0, 1
(93,2), 0, 1
(93,3), 0, 1
(93,4), 0, 1
(93,5), 0, 1
(93,6), 0, 1
(93,7), 0, 1
(93,8), 0, 1
(93,9), 0, 1
(93,10), 0, 1
(93,11), 0, 1
(93,14), 0, 1
(93,15), 0, 1
(93,16), 0, 1
(93,17), 0, 1
(93,19), 0, 1
(93,21), 0, 1
(93,22), 0, 1
(93,23), 0, 1
(93,25), 0, 1
(93,26), 0, 1
(93,27), 0, 1
(93,28), 0, 1
(93,31), 0, 1
(93,33), 0, 1
(93,35), 0, 1
(93,36), 0, 1
(93,37), 0, 1
(93,38), 0, 1
(93,39), 0, 1
(93,40), 0, 1
(93,42), 0, 1
(93,43), 0, 1
(93,47), 0, 1
(93,48), 0, 1
(93,49), 0, 1
(93,50), 0, 1
(93,52), 0, 1
(93,53), 0, 1
(93,54), 0, 1
(93,55), 0, 1
(93,56), 0, 1
(93,57), 0, 1
(93,60), 0, 1
(93,61), 0, 1
(93,62), 0, 1
(93,64), 0, 1
(93,65), 0, 1
(93,66), 0, 1
(93,68), 0, 1
(93,70), 0, 1
(93,71), 0, 1
(93,75), 0, 1
(93,77), 0, 1
(93,79), 0, 1
(93,80), 0, 1
(93,82), 0, 1
(93,83), 0, 1
(93,84), 0, 1
(93,85), 0, 1
(93,86), 0, 1
(93,87), 0, 1
(93,88), 0, 1
(93,89), 0, 1
(93,90), 0, 1
(94,1), 0, 1
(94,13), 0, 1
(94,45), 0, 1
(94,69), 0, 1
(94,72), 0, 1
(94,79), 0, 1
(95,1), 0, 1
(95,2), 0, 1
(95,3), 0, 1
(95,4), 0, 1
(95,5), 0, 1
(95,6), 0, 1
(95,7), 0, 1
(95,8), 0, 1
(95,9), 0, 1
(95,11), 0, 1
(95,12), 0, 1
(95,13), 0, 1
(95,14), 0, 1
(95,15), 0, 1
(95,16), 0, 1
(95,17), 0, 1
(95,18), 0, 1
(95,19), 0, 1
(95,21), 0, 1
(95,22), 0, 1
(95,23), 0, 1
(95,25), 0, 1
(95,26), 0, 1
(95,27), 0, 1
(95,28), 0, 1
(95,31), 0, 1
(95,32), 0, 1
(95,33), 0, 1
(95,36), 0, 1
(95,37), 0, 1
(95,38), 0, 1
(95,39), 0, 1
(95,40), 0, 1
(95,42), 0, 1
(95,43), 0, 1
(95,44), 0, 1
(95,47), 0, 1
(95,48), 0, 1
(95,49), 0, 1
(95,50), 0, 1
(95,52), 0, 1
(95,53), 0, 1
(95,54), 0, 1
(95,56), 0, 1
(95,57), 0, 1
(95,59), 0, 1
(95,60), 0, 1
(95,61), 0, 1
(95,62), 0, 1
(95,63), 0, 1
(95,64), 0, 1
(95,65), 0, 1
(95,66), 0, 1
(95,68), 0, 1
(95,69), 0, 1
(95,70), 0, 1
(95,71), 0, 1
(95,72), 0, 1
(95,74), 0, 1
(95,75), 0, 1
(95,76), 0, 1
(95,77), 0, 1
(95,78), 0, 1
(95,79), 0, 1
(95,80), 0, 1
(95,81), 0, 1
(95,82), 0, 1
(95,83), 0, 1
(95,84), 0, 1
(95,85), 0, 1
(95,86), 0, 1
(95,87), 0, 1
(95,88), 0, 1
(95,89), 0, 1
(95,90), 0, 1
(96,0), 0, 1
(96,1), 0, 1
(96,2), 0, 1
(96,3), 0, 1
(96,4), 0, 1
(96,5), 0, 1
(96,6), 0, 1
(96,7), 0, 1
(96,8), 0, 1
(96,9), 0, 1
(96,12), 0, 1
(96,13), 0, 1
(96,14), 0, 1
(96,15), 0, 1
(96,19), 0, 1
(96,21), 0, 1
(96,22), 0, 1
(96,23), 0, 1
(96,25), 0, 1
(96,27), 0, 1
(96,28), 0, 1
(96,31), 0, 1
(96,32), 0, 1
(96,33), 0, 1
(96,35), 0, 1
(96,36), 0, 1
(96,37), 0, 1
(96,38), 0, 1
(96,39), 0, 1
(96,40), 0, 1
(96,42), 0, 1
(96,43), 0, 1
(96,44), 0, 1
(96,47), 0, 1
(96,48), 0, 1
(96,49), 0, 1
(96,50), 0, 1
(96,52), 0, 1
(96,53), 0, 1
(96,54), 0, 1
(96,56), 0, 1
(96,57), 0, 1
(96,60), 0, 1
(96,61), 0, 1
(96,62), 0, 1
(96,64), 0, 1
(96,65), 0, 1
(96,66), 0, 1
(96,67), 0, 1
(96,68), 0, 1
(96,69), 0, 1
(96,70), 0, 1
(96,71), 0, 1
(96,75), 0, 1
(96,76), 0, 1
(96,77), 0, 1
(96,79), 0, 1
(96,80), 0, 1
(96,81), 0, 1
(96,82), 0, 1
(96,83), 0, 1
(96,84), 0, 1
(96,85), 0, 1
(96,86), 0, 1
(96,87), 0, 1
(96,88), 0, 1
(96,89), 0, 1
(97,0), 0, 1
(97,16), 0, 1
(97,37), 0, 1
(97,66), 0, 1
(97,69), 0, 1
(97,74), 0, 1
(97,81), 0, 1
(98,0), 0, 1
(98,1), 0, 1
(98,2), 0, 1
(98,3), 0, 1
(98,4), 0, 1
(98,5), 0, 1
(98,6), 0, 1
(98,7), 0, 1
(98,8), 0, 1
(98,13), 0, 1
(98,14), 0, 1
(98,15), 0, 1
(98,17), 0, 1
(98,18), 0, 1
(98,19), 0, 1
(98,21), 0, 1
(98,22), 0, 1
(98,23), 0, 1
(98,25), 0, 1
(98,26), 0, 1
(98,27), 0, 1
(98,28), 0, 1
(98,31), 0, 1
(98,32), 0, 1
(98,33), 0, 1
(98,34), 0, 1
(98,35), 0, 1
(98,36), 0, 1
(98,37), 0, 1
(98,39), 0, 1
(98,40), 0, 1
(98,42), 0, 1
(98,43), 0, 1
(98,47), 0, 1
(98,48), 0, 1
(98,49), 0, 1
(98,50), 0, 1
(98,52), 0, 1
(98,53), 0, 1
(98,54), 0, 1
(98,56), 0, 1
(98,57), 0, 1
(98,60), 0, 1
(98,61), 0, 1
(98,62), 0, 1
(98,64), 0, 1
(98,65), 0, 1
(98,66), 0, 1
(98,71), 0, 1
(98,72), 0, 1
(98,74), 0, 1
(98,75), 0, 1
(98,76), 0, 1
(98,77), 0, 1
(98,78), 0, 1
(98,79), 0, 1
(98,81), 0, 1
(98,82), 0, 1
(98,83), 0, 1
(98,84), 0, 1
(98,86), 0, 1
(98,87), 0, 1
(98,88), 0, 1
(98,89), 0, 1
(98,90), 0, 1
(98,92), 0, 1
(99,0), 0, 1
(99,1), 0, 1
(99,2), 0, 1
(99,3), 0, 1
(99,4), 0, 1
(99,5), 0, 1
(99,6), 0, 1
(99,7), 0, 1
(99,8), 0, 1
(99,9), 0, 1
(99,11), 0, 1
(99,13), 0, 1
(99,14), 0, 1
(99,15), 0, 1
(99,16), 0, 1
(99,17), 0, 1
(99,18), 0, 1
(99,19), 0, 1
(99,21), 0, 1
(99,22), 0, 1
(99,23), 0, 1
(99,27), 0, 1
(99,31), 0, 1
(99,32), 0, 1
(99,33), 0, 1
(99,35), 0, 1
(99,37), 0, 1
(99,38), 0, 1
(99,39), 0, 1
(99,40), 0, 1
(99,42), 0, 1
(99,43), 0, 1
(99,44), 0, 1
(99,48), 0, 1
(99,49), 0, 1
(99,50), 0, 1
(99,52), 0, 1
(99,53), 0, 1
(99,54), 0, 1
(99,56), 0, 1
(99,57), 0, 1
(99,58), 0, 1
(99,60), 0, 1
(99,61), 0, 1
(99,62), 0, 1
(99,64), 0, 1
(99,65), 0, 1
(99,66), 0, 1
(99,68), 0, 1
(99,69), 0, 1
(99,70), 0, 1
(99,71), 0, 1
(99,74), 0, 1
(99,75), 0, 1
(99,77), 0, 1
(99,78), 0, 1
(99,79), 0, 1
(99,80), 0, 1
(99,81), 0, 1
(99,82), 0, 1
(99,83), 0, 1
(99,84), 0, 1
(99,85), 0, 1
(99,86), 0, 1
(99,87), 0, 1
(99,89), 0, 1
(99,90), 0, 1
