Nr_Pairs = 95
Nr_NDD = 5
Nr_Arcs = 2164
0	0.2875000000000001
1	0.05
2	0.05
3	0.05
4	0.2875000000000001
5	0.05
6	0.1
7	0.1
8	0.05
9	0.1
10	0.2875000000000001
11	0.05
12	0.1
13	0.05
14	0.05
15	0.2875000000000001
16	0.2875000000000001
17	0.05
18	0.05
19	0.05
20	0.1
21	0.05
22	0.05
23	0.05
24	0.1
25	0.05
26	0.9
27	0.05
28	0.2875000000000001
29	0.05
30	0.32499999999999996
31	0.05
32	0.2875000000000001
33	0.1
34	0.9
35	0.05
36	0.2875000000000001
37	0.05
38	0.05
39	0.05
40	0.925
41	0.05
42	0.05
43	0.2875000000000001
44	0.1
45	0.9
46	0.05
47	0.05
48	0.2875000000000001
49	0.05
50	0.2875000000000001
51	0.1
52	0.2875000000000001
53	0.1
54	0.1
55	0.32499999999999996
56	0.05
57	0.05
58	0.9
59	0.2875000000000001
60	0.9
61	0.1
62	0.05
63	0.9
64	0.2875000000000001
65	0.1
66	0.1
67	0.1
68	0.9
69	0.1
70	0.2875000000000001
71	0.05
72	0.05
73	0.2875000000000001
74	0.9
75	0.1
76	0.2875000000000001
77	0.05
78	0.1
79	0.05
80	0.05
81	0.2875000000000001
82	0.32499999999999996
83	0.2875000000000001
84	0.1
85	0.05
86	0.05
87	0.05
88	0.05
89	0.05
90	0.925
91	0.05
92	0.32499999999999996
93	0.05
94	0.9
95	0.0
96	0.0
97	0.0
98	0.0
99	0.0
(0,13), 0, 1
(0,16), 0, 1
(0,19), 0, 1
(0,48), 0, 1
(0,52), 0, 1
(0,81), 0, 1
(0,89), 0, 1
(1,9), 0, 1
(1,13), 0, 1
(1,15), 0, 1
(1,19), 0, 1
(1,34), 0, 1
(1,45), 0, 1
(1,48), 0, 1
(1,75), 0, 1
(1,81), 0, 1
(1,89), 0, 1
(2,9), 0, 1
(2,15), 0, 1
(2,16), 0, 1
(2,19), 0, 1
(2,48), 0, 1
(2,52), 0, 1
(2,63), 0, 1
(2,75), 0, 1
(2,89), 0, 1
(3,11), 0, 1
(3,12), 0, 1
(3,13), 0, 1
(3,18), 0, 1
(3,25), 0, 1
(3,67), 0, 1
(3,88), 0, 1
(3,92), 0, 1
(4,0), 0, 1
(4,1), 0, 1
(4,2), 0, 1
(4,3), 0, 1
(4,5), 0, 1
(4,6), 0, 1
(4,8), 0, 1
(4,10), 0, 1
(4,11), 0, 1
(4,13), 0, 1
(4,14), 0, 1
(4,15), 0, 1
(4,17), 0, 1
(4,18), 0, 1
(4,19), 0, 1
(4,20), 0, 1
(4,21), 0, 1
(4,22), 0, 1
(4,23), 0, 1
(4,24), 0, 1
(4,25), 0, 1
(4,26), 0, 1
(4,29), 0, 1
(4,30), 0, 1
(4,31), 0, 1
(4,32), 0, 1
(4,33), 0, 1
(4,35), 0, 1
(4,36), 0, 1
(4,37), 0, 1
(4,38), 0, 1
(4,39), 0, 1
(4,41), 0, 1
(4,42), 0, 1
(4,44), 0, 1
(4,46), 0, 1
(4,47), 0, 1
(4,49), 0, 1
(4,50), 0, 1
(4,51), 0, 1
(4,52), 0, 1
(4,53), 0, 1
(4,56), 0, 1
(4,57), 0, 1
(4,59), 0, 1
(4,61), 0, 1
(4,62), 0, 1
(4,65), 0, 1
(4,66), 0, 1
(4,67), 0, 1
(4,69), 0, 1
(4,70), 0, 1
(4,71), 0, 1
(4,72), 0, 1
(4,73), 0, 1
(4,75), 0, 1
(4,76), 0, 1
(4,78), 0, 1
(4,79), 0, 1
(4,80), 0, 1
(4,81), 0, 1
(4,82), 0, 1
(4,84), 0, 1
(4,85), 0, 1
(4,86), 0, 1
(4,87), 0, 1
(4,89), 0, 1
(4,90), 0, 1
(4,91), 0, 1
(4,92), 0, 1
(4,93), 0, 1
(5,9), 0, 1
(5,13), 0, 1
(5,15), 0, 1
(5,19), 0, 1
(5,48), 0, 1
(5,52), 0, 1
(5,75), 0, 1
(5,81), 0, 1
(5,89), 0, 1
(6,9), 0, 1
(6,13), 0, 1
(6,15), 0, 1
(6,16), 0, 1
(6,19), 0, 1
(6,48), 0, 1
(6,52), 0, 1
(6,75), 0, 1
(6,81), 0, 1
(6,89), 0, 1
(7,9), 0, 1
(7,13), 0, 1
(7,16), 0, 1
(7,19), 0, 1
(7,48), 0, 1
(7,52), 0, 1
(7,75), 0, 1
(7,81), 0, 1
(7,89), 0, 1
(8,9), 0, 1
(8,13), 0, 1
(8,16), 0, 1
(8,19), 0, 1
(8,52), 0, 1
(8,75), 0, 1
(8,81), 0, 1
(8,89), 0, 1
(9,0), 0, 1
(9,1), 0, 1
(9,2), 0, 1
(9,3), 0, 1
(9,5), 0, 1
(9,6), 0, 1
(9,7), 0, 1
(9,8), 0, 1
(9,10), 0, 1
(9,11), 0, 1
(9,13), 0, 1
(9,14), 0, 1
(9,15), 0, 1
(9,16), 0, 1
(9,17), 0, 1
(9,18), 0, 1
(9,19), 0, 1
(9,20), 0, 1
(9,22), 0, 1
(9,23), 0, 1
(9,24), 0, 1
(9,25), 0, 1
(9,27), 0, 1
(9,28), 0, 1
(9,29), 0, 1
(9,30), 0, 1
(9,31), 0, 1
(9,32), 0, 1
(9,33), 0, 1
(9,35), 0, 1
(9,36), 0, 1
(9,37), 0, 1
(9,38), 0, 1
(9,41), 0, 1
(9,42), 0, 1
(9,43), 0, 1
(9,44), 0, 1
(9,46), 0, 1
(9,47), 0, 1
(9,48), 0, 1
(9,49), 0, 1
(9,51), 0, 1
(9,52), 0, 1
(9,53), 0, 1
(9,56), 0, 1
(9,57), 0, 1
(9,59), 0, 1
(9,61), 0, 1
(9,64), 0, 1
(9,65), 0, 1
(9,66), 0, 1
(9,67), 0, 1
(9,69), 0, 1
(9,70), 0, 1
(9,71), 0, 1
(9,72), 0, 1
(9,76), 0, 1
(9,77), 0, 1
(9,78), 0, 1
(9,79), 0, 1
(9,80), 0, 1
(9,82), 0, 1
(9,83), 0, 1
(9,84), 0, 1
(9,85), 0, 1
(9,86), 0, 1
(9,87), 0, 1
(9,88), 0, 1
(9,89), 0, 1
(9,91), 0, 1
(9,92), 0, 1
(9,93), 0, 1
(10,9), 0, 1
(10,15), 0, 1
(10,16), 0, 1
(10,19), 0, 1
(10,26), 0, 1
(10,48), 0, 1
(10,75), 0, 1
(10,81), 0, 1
(10,89), 0, 1
(11,9), 0, 1
(11,13), 0, 1
(11,15), 0, 1
(11,19), 0, 1
(11,48), 0, 1
(11,52), 0, 1
(11,75), 0, 1
(11,81), 0, 1
(11,89), 0, 1
(12,0), 0, 1
(12,1), 0, 1
(12,2), 0, 1
(12,3), 0, 1
(12,5), 0, 1
(12,6), 0, 1
(12,7), 0, 1
(12,8), 0, 1
(12,9), 0, 1
(12,10), 0, 1
(12,11), 0, 1
(12,13), 0, 1
(12,14), 0, 1
(12,15), 0, 1
(12,16), 0, 1
(12,17), 0, 1
(12,18), 0, 1
(12,19), 0, 1
(12,20), 0, 1
(12,21), 0, 1
(12,22), 0, 1
(12,23), 0, 1
(12,24), 0, 1
(12,25), 0, 1
(12,27), 0, 1
(12,29), 0, 1
(12,30), 0, 1
(12,31), 0, 1
(12,32), 0, 1
(12,33), 0, 1
(12,35), 0, 1
(12,36), 0, 1
(12,37), 0, 1
(12,38), 0, 1
(12,39), 0, 1
(12,41), 0, 1
(12,42), 0, 1
(12,43), 0, 1
(12,44), 0, 1
(12,46), 0, 1
(12,47), 0, 1
(12,49), 0, 1
(12,50), 0, 1
(12,51), 0, 1
(12,52), 0, 1
(12,53), 0, 1
(12,54), 0, 1
(12,55), 0, 1
(12,56), 0, 1
(12,57), 0, 1
(12,61), 0, 1
(12,62), 0, 1
(12,64), 0, 1
(12,65), 0, 1
(12,66), 0, 1
(12,67), 0, 1
(12,69), 0, 1
(12,71), 0, 1
(12,72), 0, 1
(12,75), 0, 1
(12,76), 0, 1
(12,77), 0, 1
(12,78), 0, 1
(12,79), 0, 1
(12,80), 0, 1
(12,81), 0, 1
(12,82), 0, 1
(12,83), 0, 1
(12,84), 0, 1
(12,85), 0, 1
(12,86), 0, 1
(12,87), 0, 1
(12,88), 0, 1
(12,89), 0, 1
(12,91), 0, 1
(12,92), 0, 1
(12,93), 0, 1
(13,0), 0, 1
(13,1), 0, 1
(13,2), 0, 1
(13,3), 0, 1
(13,4), 0, 1
(13,5), 0, 1
(13,6), 0, 1
(13,8), 0, 1
(13,9), 0, 1
(13,11), 0, 1
(13,12), 0, 1
(13,14), 0, 1
(13,16), 0, 1
(13,17), 0, 1
(13,18), 0, 1
(13,19), 0, 1
(13,20), 0, 1
(13,21), 0, 1
(13,22), 0, 1
(13,23), 0, 1
(13,24), 0, 1
(13,25), 0, 1
(13,27), 0, 1
(13,28), 0, 1
(13,29), 0, 1
(13,31), 0, 1
(13,32), 0, 1
(13,33), 0, 1
(13,35), 0, 1
(13,36), 0, 1
(13,37), 0, 1
(13,38), 0, 1
(13,39), 0, 1
(13,41), 0, 1
(13,42), 0, 1
(13,43), 0, 1
(13,44), 0, 1
(13,46), 0, 1
(13,47), 0, 1
(13,48), 0, 1
(13,49), 0, 1
(13,50), 0, 1
(13,51), 0, 1
(13,52), 0, 1
(13,53), 0, 1
(13,54), 0, 1
(13,55), 0, 1
(13,56), 0, 1
(13,57), 0, 1
(13,61), 0, 1
(13,62), 0, 1
(13,64), 0, 1
(13,66), 0, 1
(13,67), 0, 1
(13,69), 0, 1
(13,71), 0, 1
(13,72), 0, 1
(13,73), 0, 1
(13,75), 0, 1
(13,76), 0, 1
(13,77), 0, 1
(13,78), 0, 1
(13,80), 0, 1
(13,84), 0, 1
(13,85), 0, 1
(13,86), 0, 1
(13,87), 0, 1
(13,88), 0, 1
(13,89), 0, 1
(13,90), 0, 1
(13,91), 0, 1
(13,93), 0, 1
(14,9), 0, 1
(14,13), 0, 1
(14,15), 0, 1
(14,16), 0, 1
(14,19), 0, 1
(14,45), 0, 1
(14,48), 0, 1
(14,75), 0, 1
(14,81), 0, 1
(14,89), 0, 1
(15,4), 0, 1
(15,11), 0, 1
(15,12), 0, 1
(15,13), 0, 1
(15,18), 0, 1
(15,25), 0, 1
(15,36), 0, 1
(15,67), 0, 1
(15,88), 0, 1
(15,92), 0, 1
(16,13), 0, 1
(17,11), 0, 1
(17,12), 0, 1
(17,13), 0, 1
(17,18), 0, 1
(17,25), 0, 1
(17,36), 0, 1
(17,67), 0, 1
(17,88), 0, 1
(17,92), 0, 1
(17,94), 0, 1
(18,9), 0, 1
(18,13), 0, 1
(18,15), 0, 1
(18,16), 0, 1
(18,19), 0, 1
(18,48), 0, 1
(18,52), 0, 1
(18,75), 0, 1
(18,81), 0, 1
(18,89), 0, 1
(19,0), 0, 1
(19,1), 0, 1
(19,2), 0, 1
(19,3), 0, 1
(19,5), 0, 1
(19,6), 0, 1
(19,7), 0, 1
(19,8), 0, 1
(19,9), 0, 1
(19,11), 0, 1
(19,12), 0, 1
(19,13), 0, 1
(19,14), 0, 1
(19,15), 0, 1
(19,17), 0, 1
(19,18), 0, 1
(19,20), 0, 1
(19,21), 0, 1
(19,22), 0, 1
(19,23), 0, 1
(19,24), 0, 1
(19,25), 0, 1
(19,27), 0, 1
(19,28), 0, 1
(19,29), 0, 1
(19,30), 0, 1
(19,31), 0, 1
(19,32), 0, 1
(19,33), 0, 1
(19,35), 0, 1
(19,36), 0, 1
(19,37), 0, 1
(19,38), 0, 1
(19,41), 0, 1
(19,42), 0, 1
(19,43), 0, 1
(19,44), 0, 1
(19,47), 0, 1
(19,49), 0, 1
(19,50), 0, 1
(19,51), 0, 1
(19,52), 0, 1
(19,53), 0, 1
(19,54), 0, 1
(19,56), 0, 1
(19,57), 0, 1
(19,59), 0, 1
(19,60), 0, 1
(19,62), 0, 1
(19,64), 0, 1
(19,65), 0, 1
(19,66), 0, 1
(19,67), 0, 1
(19,69), 0, 1
(19,70), 0, 1
(19,71), 0, 1
(19,72), 0, 1
(19,73), 0, 1
(19,75), 0, 1
(19,76), 0, 1
(19,77), 0, 1
(19,78), 0, 1
(19,79), 0, 1
(19,80), 0, 1
(19,82), 0, 1
(19,83), 0, 1
(19,84), 0, 1
(19,85), 0, 1
(19,86), 0, 1
(19,87), 0, 1
(19,88), 0, 1
(19,91), 0, 1
(19,92), 0, 1
(19,93), 0, 1
(20,9), 0, 1
(20,13), 0, 1
(20,15), 0, 1
(20,19), 0, 1
(20,48), 0, 1
(20,52), 0, 1
(20,75), 0, 1
(20,81), 0, 1
(20,89), 0, 1
(21,9), 0, 1
(21,13), 0, 1
(21,16), 0, 1
(21,19), 0, 1
(21,52), 0, 1
(21,63), 0, 1
(21,75), 0, 1
(21,81), 0, 1
(21,89), 0, 1
(22,13), 0, 1
(22,15), 0, 1
(22,16), 0, 1
(22,19), 0, 1
(22,48), 0, 1
(22,75), 0, 1
(22,81), 0, 1
(22,89), 0, 1
(23,9), 0, 1
(23,13), 0, 1
(23,15), 0, 1
(23,52), 0, 1
(23,75), 0, 1
(23,89), 0, 1
(24,9), 0, 1
(24,13), 0, 1
(24,19), 0, 1
(24,45), 0, 1
(24,48), 0, 1
(24,52), 0, 1
(24,75), 0, 1
(24,89), 0, 1
(25,0), 0, 1
(25,1), 0, 1
(25,2), 0, 1
(25,3), 0, 1
(25,4), 0, 1
(25,5), 0, 1
(25,6), 0, 1
(25,8), 0, 1
(25,10), 0, 1
(25,11), 0, 1
(25,12), 0, 1
(25,13), 0, 1
(25,14), 0, 1
(25,15), 0, 1
(25,17), 0, 1
(25,18), 0, 1
(25,19), 0, 1
(25,20), 0, 1
(25,21), 0, 1
(25,22), 0, 1
(25,23), 0, 1
(25,24), 0, 1
(25,27), 0, 1
(25,28), 0, 1
(25,29), 0, 1
(25,30), 0, 1
(25,31), 0, 1
(25,32), 0, 1
(25,33), 0, 1
(25,35), 0, 1
(25,36), 0, 1
(25,37), 0, 1
(25,38), 0, 1
(25,39), 0, 1
(25,41), 0, 1
(25,42), 0, 1
(25,43), 0, 1
(25,46), 0, 1
(25,47), 0, 1
(25,48), 0, 1
(25,49), 0, 1
(25,50), 0, 1
(25,51), 0, 1
(25,53), 0, 1
(25,55), 0, 1
(25,56), 0, 1
(25,57), 0, 1
(25,59), 0, 1
(25,62), 0, 1
(25,64), 0, 1
(25,66), 0, 1
(25,67), 0, 1
(25,68), 0, 1
(25,69), 0, 1
(25,71), 0, 1
(25,73), 0, 1
(25,75), 0, 1
(25,76), 0, 1
(25,77), 0, 1
(25,78), 0, 1
(25,79), 0, 1
(25,80), 0, 1
(25,81), 0, 1
(25,83), 0, 1
(25,84), 0, 1
(25,85), 0, 1
(25,86), 0, 1
(25,87), 0, 1
(25,88), 0, 1
(25,89), 0, 1
(25,91), 0, 1
(25,92), 0, 1
(25,93), 0, 1
(26,9), 0, 1
(26,13), 0, 1
(26,15), 0, 1
(26,19), 0, 1
(26,48), 0, 1
(26,52), 0, 1
(26,75), 0, 1
(26,81), 0, 1
(26,89), 0, 1
(27,4), 0, 1
(27,11), 0, 1
(27,12), 0, 1
(27,13), 0, 1
(27,25), 0, 1
(27,36), 0, 1
(27,67), 0, 1
(27,88), 0, 1
(27,92), 0, 1
(28,4), 0, 1
(28,11), 0, 1
(28,12), 0, 1
(28,13), 0, 1
(28,18), 0, 1
(28,25), 0, 1
(28,67), 0, 1
(28,88), 0, 1
(28,92), 0, 1
(29,0), 0, 1
(29,1), 0, 1
(29,2), 0, 1
(29,3), 0, 1
(29,4), 0, 1
(29,5), 0, 1
(29,6), 0, 1
(29,7), 0, 1
(29,8), 0, 1
(29,9), 0, 1
(29,12), 0, 1
(29,13), 0, 1
(29,14), 0, 1
(29,15), 0, 1
(29,17), 0, 1
(29,18), 0, 1
(29,19), 0, 1
(29,20), 0, 1
(29,21), 0, 1
(29,22), 0, 1
(29,23), 0, 1
(29,24), 0, 1
(29,25), 0, 1
(29,27), 0, 1
(29,31), 0, 1
(29,32), 0, 1
(29,33), 0, 1
(29,35), 0, 1
(29,36), 0, 1
(29,37), 0, 1
(29,38), 0, 1
(29,39), 0, 1
(29,41), 0, 1
(29,42), 0, 1
(29,43), 0, 1
(29,44), 0, 1
(29,46), 0, 1
(29,48), 0, 1
(29,49), 0, 1
(29,50), 0, 1
(29,51), 0, 1
(29,52), 0, 1
(29,53), 0, 1
(29,54), 0, 1
(29,56), 0, 1
(29,57), 0, 1
(29,59), 0, 1
(29,61), 0, 1
(29,64), 0, 1
(29,65), 0, 1
(29,67), 0, 1
(29,69), 0, 1
(29,70), 0, 1
(29,71), 0, 1
(29,72), 0, 1
(29,75), 0, 1
(29,76), 0, 1
(29,77), 0, 1
(29,78), 0, 1
(29,79), 0, 1
(29,80), 0, 1
(29,81), 0, 1
(29,82), 0, 1
(29,83), 0, 1
(29,84), 0, 1
(29,85), 0, 1
(29,86), 0, 1
(29,87), 0, 1
(29,88), 0, 1
(29,89), 0, 1
(29,91), 0, 1
(29,93), 0, 1
(30,9), 0, 1
(30,13), 0, 1
(30,15), 0, 1
(30,19), 0, 1
(30,48), 0, 1
(30,52), 0, 1
(30,75), 0, 1
(30,89), 0, 1
(31,9), 0, 1
(31,13), 0, 1
(31,19), 0, 1
(31,48), 0, 1
(31,52), 0, 1
(31,75), 0, 1
(31,81), 0, 1
(31,89), 0, 1
(31,90), 0, 1
(32,4), 0, 1
(32,11), 0, 1
(32,13), 0, 1
(32,18), 0, 1
(32,25), 0, 1
(32,34), 0, 1
(32,36), 0, 1
(32,67), 0, 1
(32,88), 0, 1
(33,9), 0, 1
(33,13), 0, 1
(33,15), 0, 1
(33,16), 0, 1
(33,19), 0, 1
(33,48), 0, 1
(33,52), 0, 1
(33,75), 0, 1
(33,81), 0, 1
(33,89), 0, 1
(34,0), 0, 1
(34,1), 0, 1
(34,2), 0, 1
(34,3), 0, 1
(34,4), 0, 1
(34,5), 0, 1
(34,6), 0, 1
(34,7), 0, 1
(34,8), 0, 1
(34,9), 0, 1
(34,10), 0, 1
(34,11), 0, 1
(34,12), 0, 1
(34,13), 0, 1
(34,14), 0, 1
(34,17), 0, 1
(34,18), 0, 1
(34,19), 0, 1
(34,20), 0, 1
(34,21), 0, 1
(34,22), 0, 1
(34,23), 0, 1
(34,24), 0, 1
(34,25), 0, 1
(34,27), 0, 1
(34,29), 0, 1
(34,31), 0, 1
(34,32), 0, 1
(34,35), 0, 1
(34,36), 0, 1
(34,37), 0, 1
(34,38), 0, 1
(34,39), 0, 1
(34,41), 0, 1
(34,42), 0, 1
(34,43), 0, 1
(34,44), 0, 1
(34,46), 0, 1
(34,47), 0, 1
(34,49), 0, 1
(34,50), 0, 1
(34,51), 0, 1
(34,52), 0, 1
(34,53), 0, 1
(34,54), 0, 1
(34,55), 0, 1
(34,56), 0, 1
(34,57), 0, 1
(34,59), 0, 1
(34,61), 0, 1
(34,62), 0, 1
(34,64), 0, 1
(34,65), 0, 1
(34,66), 0, 1
(34,67), 0, 1
(34,69), 0, 1
(34,70), 0, 1
(34,71), 0, 1
(34,72), 0, 1
(34,73), 0, 1
(34,75), 0, 1
(34,76), 0, 1
(34,77), 0, 1
(34,78), 0, 1
(34,79), 0, 1
(34,80), 0, 1
(34,83), 0, 1
(34,84), 0, 1
(34,85), 0, 1
(34,86), 0, 1
(34,87), 0, 1
(34,88), 0, 1
(34,89), 0, 1
(34,91), 0, 1
(34,93), 0, 1
(35,9), 0, 1
(35,13), 0, 1
(35,15), 0, 1
(35,16), 0, 1
(35,19), 0, 1
(35,26), 0, 1
(35,34), 0, 1
(35,48), 0, 1
(35,52), 0, 1
(35,75), 0, 1
(35,81), 0, 1
(35,89), 0, 1
(36,0), 0, 1
(36,1), 0, 1
(36,2), 0, 1
(36,3), 0, 1
(36,4), 0, 1
(36,5), 0, 1
(36,6), 0, 1
(36,7), 0, 1
(36,8), 0, 1
(36,9), 0, 1
(36,10), 0, 1
(36,11), 0, 1
(36,12), 0, 1
(36,13), 0, 1
(36,14), 0, 1
(36,15), 0, 1
(36,16), 0, 1
(36,17), 0, 1
(36,18), 0, 1
(36,19), 0, 1
(36,20), 0, 1
(36,21), 0, 1
(36,22), 0, 1
(36,23), 0, 1
(36,25), 0, 1
(36,27), 0, 1
(36,28), 0, 1
(36,29), 0, 1
(36,30), 0, 1
(36,31), 0, 1
(36,32), 0, 1
(36,33), 0, 1
(36,35), 0, 1
(36,38), 0, 1
(36,39), 0, 1
(36,41), 0, 1
(36,42), 0, 1
(36,43), 0, 1
(36,44), 0, 1
(36,46), 0, 1
(36,47), 0, 1
(36,49), 0, 1
(36,51), 0, 1
(36,52), 0, 1
(36,53), 0, 1
(36,54), 0, 1
(36,56), 0, 1
(36,57), 0, 1
(36,59), 0, 1
(36,61), 0, 1
(36,62), 0, 1
(36,65), 0, 1
(36,66), 0, 1
(36,68), 0, 1
(36,70), 0, 1
(36,71), 0, 1
(36,72), 0, 1
(36,73), 0, 1
(36,75), 0, 1
(36,77), 0, 1
(36,78), 0, 1
(36,79), 0, 1
(36,80), 0, 1
(36,81), 0, 1
(36,82), 0, 1
(36,83), 0, 1
(36,84), 0, 1
(36,85), 0, 1
(36,86), 0, 1
(36,87), 0, 1
(36,88), 0, 1
(36,89), 0, 1
(36,91), 0, 1
(36,92), 0, 1
(36,93), 0, 1
(37,9), 0, 1
(37,13), 0, 1
(37,19), 0, 1
(37,48), 0, 1
(37,52), 0, 1
(37,75), 0, 1
(37,81), 0, 1
(37,89), 0, 1
(37,90), 0, 1
(38,9), 0, 1
(38,13), 0, 1
(38,15), 0, 1
(38,16), 0, 1
(38,19), 0, 1
(38,26), 0, 1
(38,48), 0, 1
(38,52), 0, 1
(38,75), 0, 1
(38,81), 0, 1
(38,89), 0, 1
(39,15), 0, 1
(39,16), 0, 1
(39,19), 0, 1
(39,52), 0, 1
(39,81), 0, 1
(39,89), 0, 1
(40,1), 0, 1
(40,2), 0, 1
(40,3), 0, 1
(40,4), 0, 1
(40,5), 0, 1
(40,6), 0, 1
(40,7), 0, 1
(40,8), 0, 1
(40,9), 0, 1
(40,11), 0, 1
(40,12), 0, 1
(40,13), 0, 1
(40,14), 0, 1
(40,15), 0, 1
(40,16), 0, 1
(40,17), 0, 1
(40,18), 0, 1
(40,19), 0, 1
(40,20), 0, 1
(40,21), 0, 1
(40,22), 0, 1
(40,23), 0, 1
(40,24), 0, 1
(40,25), 0, 1
(40,27), 0, 1
(40,29), 0, 1
(40,30), 0, 1
(40,31), 0, 1
(40,32), 0, 1
(40,33), 0, 1
(40,35), 0, 1
(40,36), 0, 1
(40,37), 0, 1
(40,38), 0, 1
(40,39), 0, 1
(40,41), 0, 1
(40,44), 0, 1
(40,46), 0, 1
(40,47), 0, 1
(40,48), 0, 1
(40,49), 0, 1
(40,50), 0, 1
(40,51), 0, 1
(40,52), 0, 1
(40,53), 0, 1
(40,54), 0, 1
(40,56), 0, 1
(40,57), 0, 1
(40,59), 0, 1
(40,61), 0, 1
(40,62), 0, 1
(40,64), 0, 1
(40,65), 0, 1
(40,66), 0, 1
(40,67), 0, 1
(40,69), 0, 1
(40,70), 0, 1
(40,71), 0, 1
(40,72), 0, 1
(40,75), 0, 1
(40,76), 0, 1
(40,77), 0, 1
(40,78), 0, 1
(40,79), 0, 1
(40,80), 0, 1
(40,81), 0, 1
(40,83), 0, 1
(40,84), 0, 1
(40,85), 0, 1
(40,86), 0, 1
(40,87), 0, 1
(40,88), 0, 1
(40,89), 0, 1
(40,91), 0, 1
(40,93), 0, 1
(41,9), 0, 1
(41,13), 0, 1
(41,16), 0, 1
(41,19), 0, 1
(41,48), 0, 1
(41,52), 0, 1
(41,81), 0, 1
(41,89), 0, 1
(42,11), 0, 1
(42,12), 0, 1
(42,13), 0, 1
(42,18), 0, 1
(42,25), 0, 1
(42,36), 0, 1
(42,67), 0, 1
(42,88), 0, 1
(43,9), 0, 1
(43,13), 0, 1
(43,15), 0, 1
(43,16), 0, 1
(43,19), 0, 1
(43,48), 0, 1
(43,52), 0, 1
(43,75), 0, 1
(43,81), 0, 1
(43,89), 0, 1
(44,9), 0, 1
(44,13), 0, 1
(44,19), 0, 1
(44,26), 0, 1
(44,52), 0, 1
(44,75), 0, 1
(44,81), 0, 1
(44,89), 0, 1
(45,9), 0, 1
(45,13), 0, 1
(45,19), 0, 1
(45,34), 0, 1
(45,52), 0, 1
(45,75), 0, 1
(45,89), 0, 1
(46,9), 0, 1
(46,13), 0, 1
(46,15), 0, 1
(46,19), 0, 1
(46,34), 0, 1
(46,48), 0, 1
(46,52), 0, 1
(46,75), 0, 1
(46,81), 0, 1
(46,89), 0, 1
(47,11), 0, 1
(47,12), 0, 1
(47,13), 0, 1
(47,18), 0, 1
(47,25), 0, 1
(47,34), 0, 1
(47,36), 0, 1
(47,67), 0, 1
(47,88), 0, 1
(48,0), 0, 1
(48,1), 0, 1
(48,2), 0, 1
(48,3), 0, 1
(48,4), 0, 1
(48,5), 0, 1
(48,6), 0, 1
(48,7), 0, 1
(48,8), 0, 1
(48,9), 0, 1
(48,10), 0, 1
(48,11), 0, 1
(48,12), 0, 1
(48,13), 0, 1
(48,14), 0, 1
(48,15), 0, 1
(48,16), 0, 1
(48,17), 0, 1
(48,18), 0, 1
(48,19), 0, 1
(48,20), 0, 1
(48,21), 0, 1
(48,22), 0, 1
(48,23), 0, 1
(48,24), 0, 1
(48,25), 0, 1
(48,27), 0, 1
(48,29), 0, 1
(48,30), 0, 1
(48,31), 0, 1
(48,32), 0, 1
(48,35), 0, 1
(48,39), 0, 1
(48,41), 0, 1
(48,42), 0, 1
(48,44), 0, 1
(48,46), 0, 1
(48,47), 0, 1
(48,49), 0, 1
(48,50), 0, 1
(48,52), 0, 1
(48,53), 0, 1
(48,54), 0, 1
(48,55), 0, 1
(48,57), 0, 1
(48,59), 0, 1
(48,61), 0, 1
(48,62), 0, 1
(48,64), 0, 1
(48,65), 0, 1
(48,66), 0, 1
(48,69), 0, 1
(48,70), 0, 1
(48,71), 0, 1
(48,73), 0, 1
(48,75), 0, 1
(48,77), 0, 1
(48,78), 0, 1
(48,79), 0, 1
(48,80), 0, 1
(48,81), 0, 1
(48,82), 0, 1
(48,84), 0, 1
(48,85), 0, 1
(48,86), 0, 1
(48,87), 0, 1
(48,88), 0, 1
(48,89), 0, 1
(48,91), 0, 1
(48,92), 0, 1
(48,93), 0, 1
(49,12), 0, 1
(49,13), 0, 1
(49,18), 0, 1
(49,25), 0, 1
(49,36), 0, 1
(49,67), 0, 1
(49,88), 0, 1
(49,92), 0, 1
(49,94), 0, 1
(50,9), 0, 1
(50,13), 0, 1
(50,16), 0, 1
(50,19), 0, 1
(50,45), 0, 1
(50,48), 0, 1
(50,75), 0, 1
(50,81), 0, 1
(51,9), 0, 1
(51,13), 0, 1
(51,19), 0, 1
(51,48), 0, 1
(51,52), 0, 1
(51,75), 0, 1
(51,81), 0, 1
(51,89), 0, 1
(52,0), 0, 1
(52,1), 0, 1
(52,2), 0, 1
(52,3), 0, 1
(52,4), 0, 1
(52,5), 0, 1
(52,6), 0, 1
(52,7), 0, 1
(52,8), 0, 1
(52,9), 0, 1
(52,11), 0, 1
(52,12), 0, 1
(52,13), 0, 1
(52,14), 0, 1
(52,16), 0, 1
(52,17), 0, 1
(52,18), 0, 1
(52,19), 0, 1
(52,20), 0, 1
(52,21), 0, 1
(52,22), 0, 1
(52,23), 0, 1
(52,24), 0, 1
(52,27), 0, 1
(52,28), 0, 1
(52,29), 0, 1
(52,31), 0, 1
(52,32), 0, 1
(52,33), 0, 1
(52,35), 0, 1
(52,36), 0, 1
(52,37), 0, 1
(52,38), 0, 1
(52,39), 0, 1
(52,41), 0, 1
(52,42), 0, 1
(52,43), 0, 1
(52,44), 0, 1
(52,46), 0, 1
(52,47), 0, 1
(52,48), 0, 1
(52,49), 0, 1
(52,51), 0, 1
(52,53), 0, 1
(52,54), 0, 1
(52,55), 0, 1
(52,56), 0, 1
(52,57), 0, 1
(52,59), 0, 1
(52,61), 0, 1
(52,62), 0, 1
(52,63), 0, 1
(52,64), 0, 1
(52,65), 0, 1
(52,66), 0, 1
(52,67), 0, 1
(52,69), 0, 1
(52,70), 0, 1
(52,71), 0, 1
(52,72), 0, 1
(52,76), 0, 1
(52,78), 0, 1
(52,79), 0, 1
(52,80), 0, 1
(52,81), 0, 1
(52,82), 0, 1
(52,84), 0, 1
(52,86), 0, 1
(52,87), 0, 1
(52,88), 0, 1
(52,89), 0, 1
(52,91), 0, 1
(52,92), 0, 1
(52,93), 0, 1
(52,94), 0, 1
(53,13), 0, 1
(54,9), 0, 1
(54,16), 0, 1
(54,48), 0, 1
(54,63), 0, 1
(54,75), 0, 1
(54,89), 0, 1
(55,9), 0, 1
(55,13), 0, 1
(55,15), 0, 1
(55,16), 0, 1
(55,19), 0, 1
(55,48), 0, 1
(55,52), 0, 1
(55,75), 0, 1
(55,81), 0, 1
(55,89), 0, 1
(56,9), 0, 1
(56,13), 0, 1
(56,15), 0, 1
(56,16), 0, 1
(56,19), 0, 1
(56,48), 0, 1
(56,52), 0, 1
(56,81), 0, 1
(56,89), 0, 1
(57,13), 0, 1
(57,94), 0, 1
(58,4), 0, 1
(58,11), 0, 1
(58,12), 0, 1
(58,13), 0, 1
(58,18), 0, 1
(58,25), 0, 1
(58,36), 0, 1
(58,67), 0, 1
(58,88), 0, 1
(58,92), 0, 1
(59,0), 0, 1
(59,1), 0, 1
(59,2), 0, 1
(59,3), 0, 1
(59,4), 0, 1
(59,5), 0, 1
(59,6), 0, 1
(59,7), 0, 1
(59,8), 0, 1
(59,9), 0, 1
(59,10), 0, 1
(59,11), 0, 1
(59,12), 0, 1
(59,13), 0, 1
(59,14), 0, 1
(59,16), 0, 1
(59,17), 0, 1
(59,18), 0, 1
(59,19), 0, 1
(59,20), 0, 1
(59,21), 0, 1
(59,22), 0, 1
(59,23), 0, 1
(59,24), 0, 1
(59,25), 0, 1
(59,27), 0, 1
(59,28), 0, 1
(59,29), 0, 1
(59,30), 0, 1
(59,31), 0, 1
(59,32), 0, 1
(59,33), 0, 1
(59,35), 0, 1
(59,36), 0, 1
(59,37), 0, 1
(59,38), 0, 1
(59,39), 0, 1
(59,41), 0, 1
(59,42), 0, 1
(59,43), 0, 1
(59,44), 0, 1
(59,46), 0, 1
(59,47), 0, 1
(59,48), 0, 1
(59,49), 0, 1
(59,51), 0, 1
(59,52), 0, 1
(59,53), 0, 1
(59,54), 0, 1
(59,55), 0, 1
(59,56), 0, 1
(59,57), 0, 1
(59,61), 0, 1
(59,62), 0, 1
(59,64), 0, 1
(59,66), 0, 1
(59,67), 0, 1
(59,69), 0, 1
(59,70), 0, 1
(59,71), 0, 1
(59,72), 0, 1
(59,73), 0, 1
(59,75), 0, 1
(59,77), 0, 1
(59,78), 0, 1
(59,79), 0, 1
(59,80), 0, 1
(59,81), 0, 1
(59,84), 0, 1
(59,85), 0, 1
(59,86), 0, 1
(59,87), 0, 1
(59,88), 0, 1
(59,89), 0, 1
(59,91), 0, 1
(59,92), 0, 1
(59,93), 0, 1
(60,9), 0, 1
(60,13), 0, 1
(60,16), 0, 1
(60,19), 0, 1
(60,26), 0, 1
(60,48), 0, 1
(60,52), 0, 1
(60,75), 0, 1
(60,81), 0, 1
(60,89), 0, 1
(61,4), 0, 1
(61,11), 0, 1
(61,12), 0, 1
(61,13), 0, 1
(61,18), 0, 1
(61,25), 0, 1
(61,36), 0, 1
(61,67), 0, 1
(61,88), 0, 1
(61,92), 0, 1
(61,94), 0, 1
(62,0), 0, 1
(62,1), 0, 1
(62,2), 0, 1
(62,3), 0, 1
(62,4), 0, 1
(62,5), 0, 1
(62,6), 0, 1
(62,7), 0, 1
(62,9), 0, 1
(62,10), 0, 1
(62,11), 0, 1
(62,12), 0, 1
(62,13), 0, 1
(62,14), 0, 1
(62,15), 0, 1
(62,16), 0, 1
(62,17), 0, 1
(62,18), 0, 1
(62,19), 0, 1
(62,20), 0, 1
(62,21), 0, 1
(62,22), 0, 1
(62,23), 0, 1
(62,25), 0, 1
(62,27), 0, 1
(62,28), 0, 1
(62,29), 0, 1
(62,30), 0, 1
(62,31), 0, 1
(62,33), 0, 1
(62,35), 0, 1
(62,36), 0, 1
(62,37), 0, 1
(62,38), 0, 1
(62,39), 0, 1
(62,41), 0, 1
(62,42), 0, 1
(62,43), 0, 1
(62,44), 0, 1
(62,46), 0, 1
(62,47), 0, 1
(62,49), 0, 1
(62,50), 0, 1
(62,54), 0, 1
(62,55), 0, 1
(62,56), 0, 1
(62,61), 0, 1
(62,64), 0, 1
(62,65), 0, 1
(62,66), 0, 1
(62,67), 0, 1
(62,69), 0, 1
(62,71), 0, 1
(62,72), 0, 1
(62,73), 0, 1
(62,75), 0, 1
(62,76), 0, 1
(62,77), 0, 1
(62,78), 0, 1
(62,79), 0, 1
(62,80), 0, 1
(62,81), 0, 1
(62,82), 0, 1
(62,83), 0, 1
(62,84), 0, 1
(62,85), 0, 1
(62,86), 0, 1
(62,87), 0, 1
(62,88), 0, 1
(62,89), 0, 1
(62,90), 0, 1
(62,91), 0, 1
(62,92), 0, 1
(62,93), 0, 1
(63,9), 0, 1
(63,13), 0, 1
(63,15), 0, 1
(63,16), 0, 1
(63,19), 0, 1
(63,52), 0, 1
(63,75), 0, 1
(63,81), 0, 1
(63,89), 0, 1
(63,90), 0, 1
(64,9), 0, 1
(64,13), 0, 1
(64,19), 0, 1
(64,48), 0, 1
(64,52), 0, 1
(64,75), 0, 1
(64,81), 0, 1
(65,13), 0, 1
(66,9), 0, 1
(66,13), 0, 1
(66,15), 0, 1
(66,16), 0, 1
(66,19), 0, 1
(66,26), 0, 1
(66,75), 0, 1
(66,81), 0, 1
(66,89), 0, 1
(67,13), 0, 1
(68,0), 0, 1
(68,1), 0, 1
(68,2), 0, 1
(68,3), 0, 1
(68,4), 0, 1
(68,5), 0, 1
(68,6), 0, 1
(68,7), 0, 1
(68,8), 0, 1
(68,9), 0, 1
(68,10), 0, 1
(68,11), 0, 1
(68,12), 0, 1
(68,13), 0, 1
(68,14), 0, 1
(68,15), 0, 1
(68,16), 0, 1
(68,17), 0, 1
(68,18), 0, 1
(68,19), 0, 1
(68,20), 0, 1
(68,21), 0, 1
(68,22), 0, 1
(68,23), 0, 1
(68,24), 0, 1
(68,25), 0, 1
(68,27), 0, 1
(68,28), 0, 1
(68,29), 0, 1
(68,30), 0, 1
(68,31), 0, 1
(68,32), 0, 1
(68,33), 0, 1
(68,35), 0, 1
(68,36), 0, 1
(68,37), 0, 1
(68,38), 0, 1
(68,39), 0, 1
(68,41), 0, 1
(68,42), 0, 1
(68,43), 0, 1
(68,44), 0, 1
(68,46), 0, 1
(68,47), 0, 1
(68,48), 0, 1
(68,49), 0, 1
(68,50), 0, 1
(68,51), 0, 1
(68,52), 0, 1
(68,53), 0, 1
(68,54), 0, 1
(68,56), 0, 1
(68,57), 0, 1
(68,59), 0, 1
(68,61), 0, 1
(68,62), 0, 1
(68,64), 0, 1
(68,65), 0, 1
(68,66), 0, 1
(68,67), 0, 1
(68,69), 0, 1
(68,70), 0, 1
(68,71), 0, 1
(68,72), 0, 1
(68,73), 0, 1
(68,75), 0, 1
(68,76), 0, 1
(68,77), 0, 1
(68,78), 0, 1
(68,79), 0, 1
(68,80), 0, 1
(68,81), 0, 1
(68,82), 0, 1
(68,83), 0, 1
(68,84), 0, 1
(68,85), 0, 1
(68,86), 0, 1
(68,87), 0, 1
(68,88), 0, 1
(68,89), 0, 1
(68,91), 0, 1
(68,92), 0, 1
(68,93), 0, 1
(69,13), 0, 1
(69,15), 0, 1
(69,16), 0, 1
(69,19), 0, 1
(69,75), 0, 1
(69,81), 0, 1
(69,89), 0, 1
(70,13), 0, 1
(71,9), 0, 1
(71,13), 0, 1
(71,15), 0, 1
(71,16), 0, 1
(71,19), 0, 1
(71,26), 0, 1
(71,45), 0, 1
(71,52), 0, 1
(71,75), 0, 1
(71,89), 0, 1
(72,9), 0, 1
(72,15), 0, 1
(72,19), 0, 1
(72,48), 0, 1
(72,52), 0, 1
(72,75), 0, 1
(72,81), 0, 1
(72,89), 0, 1
(72,94), 0, 1
(73,0), 0, 1
(73,1), 0, 1
(73,2), 0, 1
(73,3), 0, 1
(73,4), 0, 1
(73,5), 0, 1
(73,6), 0, 1
(73,7), 0, 1
(73,8), 0, 1
(73,9), 0, 1
(73,11), 0, 1
(73,12), 0, 1
(73,13), 0, 1
(73,14), 0, 1
(73,15), 0, 1
(73,18), 0, 1
(73,19), 0, 1
(73,20), 0, 1
(73,21), 0, 1
(73,22), 0, 1
(73,23), 0, 1
(73,24), 0, 1
(73,25), 0, 1
(73,27), 0, 1
(73,29), 0, 1
(73,30), 0, 1
(73,31), 0, 1
(73,32), 0, 1
(73,33), 0, 1
(73,35), 0, 1
(73,36), 0, 1
(73,37), 0, 1
(73,38), 0, 1
(73,39), 0, 1
(73,41), 0, 1
(73,42), 0, 1
(73,43), 0, 1
(73,44), 0, 1
(73,46), 0, 1
(73,48), 0, 1
(73,49), 0, 1
(73,51), 0, 1
(73,52), 0, 1
(73,53), 0, 1
(73,54), 0, 1
(73,55), 0, 1
(73,56), 0, 1
(73,57), 0, 1
(73,59), 0, 1
(73,60), 0, 1
(73,61), 0, 1
(73,62), 0, 1
(73,64), 0, 1
(73,65), 0, 1
(73,66), 0, 1
(73,67), 0, 1
(73,69), 0, 1
(73,70), 0, 1
(73,71), 0, 1
(73,72), 0, 1
(73,74), 0, 1
(73,75), 0, 1
(73,76), 0, 1
(73,77), 0, 1
(73,78), 0, 1
(73,79), 0, 1
(73,80), 0, 1
(73,81), 0, 1
(73,82), 0, 1
(73,83), 0, 1
(73,84), 0, 1
(73,85), 0, 1
(73,86), 0, 1
(73,87), 0, 1
(73,88), 0, 1
(73,89), 0, 1
(73,91), 0, 1
(73,92), 0, 1
(73,93), 0, 1
(74,0), 0, 1
(74,2), 0, 1
(74,3), 0, 1
(74,4), 0, 1
(74,5), 0, 1
(74,6), 0, 1
(74,7), 0, 1
(74,8), 0, 1
(74,10), 0, 1
(74,11), 0, 1
(74,12), 0, 1
(74,13), 0, 1
(74,14), 0, 1
(74,15), 0, 1
(74,17), 0, 1
(74,18), 0, 1
(74,19), 0, 1
(74,20), 0, 1
(74,21), 0, 1
(74,22), 0, 1
(74,23), 0, 1
(74,24), 0, 1
(74,25), 0, 1
(74,27), 0, 1
(74,28), 0, 1
(74,29), 0, 1
(74,30), 0, 1
(74,31), 0, 1
(74,32), 0, 1
(74,33), 0, 1
(74,35), 0, 1
(74,36), 0, 1
(74,37), 0, 1
(74,38), 0, 1
(74,39), 0, 1
(74,41), 0, 1
(74,42), 0, 1
(74,43), 0, 1
(74,44), 0, 1
(74,46), 0, 1
(74,47), 0, 1
(74,48), 0, 1
(74,49), 0, 1
(74,51), 0, 1
(74,52), 0, 1
(74,53), 0, 1
(74,54), 0, 1
(74,55), 0, 1
(74,56), 0, 1
(74,57), 0, 1
(74,61), 0, 1
(74,62), 0, 1
(74,64), 0, 1
(74,65), 0, 1
(74,66), 0, 1
(74,67), 0, 1
(74,69), 0, 1
(74,70), 0, 1
(74,71), 0, 1
(74,72), 0, 1
(74,73), 0, 1
(74,75), 0, 1
(74,76), 0, 1
(74,77), 0, 1
(74,79), 0, 1
(74,80), 0, 1
(74,81), 0, 1
(74,84), 0, 1
(74,85), 0, 1
(74,86), 0, 1
(74,87), 0, 1
(74,88), 0, 1
(74,89), 0, 1
(74,91), 0, 1
(74,92), 0, 1
(74,93), 0, 1
(75,12), 0, 1
(75,13), 0, 1
(75,18), 0, 1
(75,25), 0, 1
(75,36), 0, 1
(75,67), 0, 1
(75,88), 0, 1
(76,13), 0, 1
(76,15), 0, 1
(76,19), 0, 1
(76,48), 0, 1
(76,52), 0, 1
(76,75), 0, 1
(76,89), 0, 1
(77,4), 0, 1
(77,11), 0, 1
(77,12), 0, 1
(77,18), 0, 1
(77,25), 0, 1
(77,36), 0, 1
(77,67), 0, 1
(77,88), 0, 1
(77,92), 0, 1
(78,9), 0, 1
(78,13), 0, 1
(78,15), 0, 1
(78,19), 0, 1
(78,45), 0, 1
(78,48), 0, 1
(78,52), 0, 1
(78,75), 0, 1
(78,89), 0, 1
(79,9), 0, 1
(79,13), 0, 1
(79,15), 0, 1
(79,16), 0, 1
(79,19), 0, 1
(79,48), 0, 1
(79,52), 0, 1
(79,75), 0, 1
(79,81), 0, 1
(79,89), 0, 1
(79,90), 0, 1
(80,9), 0, 1
(80,13), 0, 1
(80,16), 0, 1
(80,19), 0, 1
(80,52), 0, 1
(80,75), 0, 1
(80,81), 0, 1
(80,89), 0, 1
(81,9), 0, 1
(81,13), 0, 1
(81,15), 0, 1
(81,16), 0, 1
(81,19), 0, 1
(81,52), 0, 1
(81,75), 0, 1
(81,89), 0, 1
(82,9), 0, 1
(82,13), 0, 1
(82,15), 0, 1
(82,16), 0, 1
(82,19), 0, 1
(82,48), 0, 1
(82,52), 0, 1
(82,75), 0, 1
(82,81), 0, 1
(83,9), 0, 1
(83,13), 0, 1
(83,15), 0, 1
(83,16), 0, 1
(83,19), 0, 1
(83,48), 0, 1
(83,75), 0, 1
(83,81), 0, 1
(83,89), 0, 1
(83,90), 0, 1
(84,9), 0, 1
(84,15), 0, 1
(84,19), 0, 1
(84,48), 0, 1
(84,52), 0, 1
(84,75), 0, 1
(84,81), 0, 1
(84,89), 0, 1
(85,0), 0, 1
(85,1), 0, 1
(85,3), 0, 1
(85,4), 0, 1
(85,5), 0, 1
(85,6), 0, 1
(85,7), 0, 1
(85,8), 0, 1
(85,9), 0, 1
(85,10), 0, 1
(85,11), 0, 1
(85,12), 0, 1
(85,13), 0, 1
(85,14), 0, 1
(85,15), 0, 1
(85,16), 0, 1
(85,17), 0, 1
(85,18), 0, 1
(85,19), 0, 1
(85,20), 0, 1
(85,21), 0, 1
(85,22), 0, 1
(85,23), 0, 1
(85,24), 0, 1
(85,25), 0, 1
(85,26), 0, 1
(85,27), 0, 1
(85,28), 0, 1
(85,29), 0, 1
(85,30), 0, 1
(85,31), 0, 1
(85,33), 0, 1
(85,35), 0, 1
(85,36), 0, 1
(85,37), 0, 1
(85,38), 0, 1
(85,39), 0, 1
(85,41), 0, 1
(85,42), 0, 1
(85,43), 0, 1
(85,44), 0, 1
(85,46), 0, 1
(85,47), 0, 1
(85,49), 0, 1
(85,50), 0, 1
(85,51), 0, 1
(85,52), 0, 1
(85,53), 0, 1
(85,54), 0, 1
(85,56), 0, 1
(85,57), 0, 1
(85,59), 0, 1
(85,61), 0, 1
(85,62), 0, 1
(85,64), 0, 1
(85,65), 0, 1
(85,66), 0, 1
(85,67), 0, 1
(85,69), 0, 1
(85,70), 0, 1
(85,71), 0, 1
(85,72), 0, 1
(85,75), 0, 1
(85,76), 0, 1
(85,78), 0, 1
(85,79), 0, 1
(85,80), 0, 1
(85,82), 0, 1
(85,83), 0, 1
(85,84), 0, 1
(85,86), 0, 1
(85,87), 0, 1
(85,88), 0, 1
(85,89), 0, 1
(85,91), 0, 1
(85,92), 0, 1
(85,93), 0, 1
(86,9), 0, 1
(86,15), 0, 1
(86,16), 0, 1
(86,19), 0, 1
(86,48), 0, 1
(86,52), 0, 1
(86,75), 0, 1
(86,81), 0, 1
(86,89), 0, 1
(87,9), 0, 1
(87,13), 0, 1
(87,16), 0, 1
(87,19), 0, 1
(87,26), 0, 1
(87,48), 0, 1
(87,52), 0, 1
(87,75), 0, 1
(87,89), 0, 1
(88,13), 0, 1
(88,15), 0, 1
(88,16), 0, 1
(88,19), 0, 1
(88,48), 0, 1
(88,52), 0, 1
(88,75), 0, 1
(88,89), 0, 1
(89,4), 0, 1
(89,11), 0, 1
(89,13), 0, 1
(89,18), 0, 1
(89,25), 0, 1
(89,36), 0, 1
(89,67), 0, 1
(89,88), 0, 1
(89,92), 0, 1
(90,11), 0, 1
(90,12), 0, 1
(90,13), 0, 1
(90,18), 0, 1
(90,25), 0, 1
(90,34), 0, 1
(90,67), 0, 1
(90,88), 0, 1
(90,92), 0, 1
(91,13), 0, 1
(91,15), 0, 1
(91,16), 0, 1
(91,19), 0, 1
(91,45), 0, 1
(91,52), 0, 1
(91,75), 0, 1
(91,81), 0, 1
(91,89), 0, 1
(92,13), 0, 1
(92,15), 0, 1
(92,16), 0, 1
(92,19), 0, 1
(92,48), 0, 1
(92,52), 0, 1
(92,75), 0, 1
(92,89), 0, 1
(93,4), 0, 1
(93,12), 0, 1
(93,13), 0, 1
(93,18), 0, 1
(93,25), 0, 1
(93,36), 0, 1
(93,67), 0, 1
(93,88), 0, 1
(93,92), 0, 1
(94,13), 0, 1
(94,15), 0, 1
(94,16), 0, 1
(94,19), 0, 1
(94,48), 0, 1
(94,52), 0, 1
(94,75), 0, 1
(94,81), 0, 1
(94,89), 0, 1
(95,9), 0, 1
(95,13), 0, 1
(95,15), 0, 1
(95,16), 0, 1
(95,19), 0, 1
(95,48), 0, 1
(95,52), 0, 1
(95,75), 0, 1
(95,89), 0, 1
(96,9), 0, 1
(96,13), 0, 1
(96,15), 0, 1
(96,16), 0, 1
(96,19), 0, 1
(96,52), 0, 1
(96,75), 0, 1
(96,81), 0, 1
(96,89), 0, 1
(97,0), 0, 1
(97,1), 0, 1
(97,2), 0, 1
(97,3), 0, 1
(97,4), 0, 1
(97,5), 0, 1
(97,6), 0, 1
(97,7), 0, 1
(97,8), 0, 1
(97,9), 0, 1
(97,11), 0, 1
(97,12), 0, 1
(97,13), 0, 1
(97,14), 0, 1
(97,15), 0, 1
(97,16), 0, 1
(97,17), 0, 1
(97,18), 0, 1
(97,19), 0, 1
(97,20), 0, 1
(97,21), 0, 1
(97,22), 0, 1
(97,23), 0, 1
(97,24), 0, 1
(97,25), 0, 1
(97,27), 0, 1
(97,28), 0, 1
(97,29), 0, 1
(97,30), 0, 1
(97,31), 0, 1
(97,32), 0, 1
(97,35), 0, 1
(97,36), 0, 1
(97,37), 0, 1
(97,38), 0, 1
(97,39), 0, 1
(97,41), 0, 1
(97,42), 0, 1
(97,43), 0, 1
(97,44), 0, 1
(97,46), 0, 1
(97,47), 0, 1
(97,48), 0, 1
(97,49), 0, 1
(97,50), 0, 1
(97,51), 0, 1
(97,52), 0, 1
(97,53), 0, 1
(97,54), 0, 1
(97,56), 0, 1
(97,57), 0, 1
(97,58), 0, 1
(97,59), 0, 1
(97,61), 0, 1
(97,62), 0, 1
(97,64), 0, 1
(97,65), 0, 1
(97,66), 0, 1
(97,67), 0, 1
(97,69), 0, 1
(97,70), 0, 1
(97,71), 0, 1
(97,72), 0, 1
(97,73), 0, 1
(97,75), 0, 1
(97,76), 0, 1
(97,78), 0, 1
(97,79), 0, 1
(97,80), 0, 1
(97,82), 0, 1
(97,83), 0, 1
(97,84), 0, 1
(97,85), 0, 1
(97,86), 0, 1
(97,87), 0, 1
(97,88), 0, 1
(97,89), 0, 1
(97,90), 0, 1
(97,91), 0, 1
(97,92), 0, 1
(97,93), 0, 1
(97,94), 0, 1
(98,13), 0, 1
(98,15), 0, 1
(98,19), 0, 1
(98,45), 0, 1
(98,48), 0, 1
(98,52), 0, 1
(98,63), 0, 1
(98,75), 0, 1
(98,81), 0, 1
(98,89), 0, 1
(99,1), 0, 1
(99,2), 0, 1
(99,4), 0, 1
(99,5), 0, 1
(99,6), 0, 1
(99,7), 0, 1
(99,8), 0, 1
(99,9), 0, 1
(99,11), 0, 1
(99,12), 0, 1
(99,13), 0, 1
(99,14), 0, 1
(99,16), 0, 1
(99,17), 0, 1
(99,18), 0, 1
(99,19), 0, 1
(99,20), 0, 1
(99,21), 0, 1
(99,22), 0, 1
(99,23), 0, 1
(99,24), 0, 1
(99,25), 0, 1
(99,26), 0, 1
(99,27), 0, 1
(99,28), 0, 1
(99,29), 0, 1
(99,30), 0, 1
(99,31), 0, 1
(99,32), 0, 1
(99,33), 0, 1
(99,35), 0, 1
(99,36), 0, 1
(99,37), 0, 1
(99,38), 0, 1
(99,39), 0, 1
(99,41), 0, 1
(99,42), 0, 1
(99,43), 0, 1
(99,44), 0, 1
(99,46), 0, 1
(99,47), 0, 1
(99,51), 0, 1
(99,52), 0, 1
(99,53), 0, 1
(99,56), 0, 1
(99,57), 0, 1
(99,59), 0, 1
(99,61), 0, 1
(99,62), 0, 1
(99,64), 0, 1
(99,65), 0, 1
(99,67), 0, 1
(99,70), 0, 1
(99,71), 0, 1
(99,72), 0, 1
(99,75), 0, 1
(99,76), 0, 1
(99,77), 0, 1
(99,78), 0, 1
(99,79), 0, 1
(99,80), 0, 1
(99,81), 0, 1
(99,82), 0, 1
(99,83), 0, 1
(99,84), 0, 1
(99,85), 0, 1
(99,87), 0, 1
(99,88), 0, 1
(99,89), 0, 1
(99,91), 0, 1
(99,92), 0, 1
(99,93), 0, 1
