Nr_Pairs = 92
Nr_NDD = 8
Nr_Arcs = 2372
0	0.9
1	0.05
2	0.05
3	0.05
4	0.2875000000000001
5	0.2875000000000001
6	0.9
7	0.05
8	0.1
9	0.9
10	0.05
11	0.9
12	0.05
13	0.05
14	0.2875000000000001
15	0.05
16	0.9
17	0.05
18	0.05
19	0.05
20	0.9
21	0.05
22	0.9
23	0.9
24	0.05
25	0.925
26	0.05
27	0.05
28	0.05
29	0.05
30	0.1
31	0.9
32	0.05
33	0.05
34	0.1
35	0.05
36	0.9
37	0.05
38	0.05
39	0.05
40	0.925
41	0.05
42	0.925
43	0.2875000000000001
44	0.05
45	0.9
46	0.05
47	0.9
48	0.05
49	0.05
50	0.1
51	0.1
52	0.9
53	0.05
54	0.9
55	0.1
56	0.1
57	0.1
58	0.2875000000000001
59	0.05
60	0.925
61	0.05
62	0.05
63	0.05
64	0.05
65	0.9
66	0.32499999999999996
67	0.2875000000000001
68	0.05
69	0.05
70	0.1
71	0.05
72	0.05
73	0.05
74	0.05
75	0.1
76	0.1
77	0.05
78	0.1
79	0.05
80	0.05
81	0.1
82	0.1
83	0.2875000000000001
84	0.05
85	0.1
86	0.05
87	0.05
88	0.05
89	0.1
90	0.05
91	0.05
92	0.0
93	0.0
94	0.0
95	0.0
96	0.0
97	0.0
98	0.0
99	0.0
(0,3), 0, 1
(0,5), 0, 1
(0,10), 0, 1
(0,12), 0, 1
(0,15), 0, 1
(0,24), 0, 1
(0,32), 0, 1
(0,49), 0, 1
(0,50), 0, 1
(0,78), 0, 1
(0,82), 0, 1
(1,3), 0, 1
(1,5), 0, 1
(1,10), 0, 1
(1,12), 0, 1
(1,13), 0, 1
(1,15), 0, 1
(1,21), 0, 1
(1,24), 0, 1
(1,32), 0, 1
(1,49), 0, 1
(1,50), 0, 1
(1,82), 0, 1
(2,3), 0, 1
(2,5), 0, 1
(2,10), 0, 1
(2,12), 0, 1
(2,13), 0, 1
(2,15), 0, 1
(2,21), 0, 1
(2,24), 0, 1
(2,32), 0, 1
(2,49), 0, 1
(2,50), 0, 1
(2,78), 0, 1
(2,82), 0, 1
(3,33), 0, 1
(3,46), 0, 1
(3,53), 0, 1
(3,62), 0, 1
(3,85), 0, 1
(4,3), 0, 1
(4,5), 0, 1
(4,10), 0, 1
(4,12), 0, 1
(4,13), 0, 1
(4,15), 0, 1
(4,21), 0, 1
(4,24), 0, 1
(4,32), 0, 1
(4,49), 0, 1
(4,50), 0, 1
(4,78), 0, 1
(4,82), 0, 1
(5,33), 0, 1
(5,46), 0, 1
(5,53), 0, 1
(5,62), 0, 1
(5,85), 0, 1
(6,1), 0, 1
(6,2), 0, 1
(6,3), 0, 1
(6,4), 0, 1
(6,5), 0, 1
(6,7), 0, 1
(6,8), 0, 1
(6,10), 0, 1
(6,12), 0, 1
(6,13), 0, 1
(6,14), 0, 1
(6,15), 0, 1
(6,17), 0, 1
(6,18), 0, 1
(6,19), 0, 1
(6,21), 0, 1
(6,24), 0, 1
(6,26), 0, 1
(6,27), 0, 1
(6,28), 0, 1
(6,29), 0, 1
(6,30), 0, 1
(6,32), 0, 1
(6,33), 0, 1
(6,34), 0, 1
(6,35), 0, 1
(6,37), 0, 1
(6,38), 0, 1
(6,39), 0, 1
(6,41), 0, 1
(6,44), 0, 1
(6,46), 0, 1
(6,48), 0, 1
(6,49), 0, 1
(6,50), 0, 1
(6,51), 0, 1
(6,53), 0, 1
(6,54), 0, 1
(6,56), 0, 1
(6,57), 0, 1
(6,58), 0, 1
(6,59), 0, 1
(6,61), 0, 1
(6,62), 0, 1
(6,63), 0, 1
(6,64), 0, 1
(6,68), 0, 1
(6,69), 0, 1
(6,70), 0, 1
(6,71), 0, 1
(6,72), 0, 1
(6,73), 0, 1
(6,74), 0, 1
(6,75), 0, 1
(6,76), 0, 1
(6,77), 0, 1
(6,78), 0, 1
(6,79), 0, 1
(6,80), 0, 1
(6,81), 0, 1
(6,83), 0, 1
(6,84), 0, 1
(6,85), 0, 1
(6,86), 0, 1
(6,87), 0, 1
(6,88), 0, 1
(6,89), 0, 1
(6,90), 0, 1
(6,91), 0, 1
(8,33), 0, 1
(8,46), 0, 1
(8,53), 0, 1
(8,62), 0, 1
(8,85), 0, 1
(9,1), 0, 1
(9,2), 0, 1
(9,3), 0, 1
(9,4), 0, 1
(9,5), 0, 1
(9,7), 0, 1
(9,8), 0, 1
(9,10), 0, 1
(9,12), 0, 1
(9,13), 0, 1
(9,14), 0, 1
(9,15), 0, 1
(9,17), 0, 1
(9,18), 0, 1
(9,19), 0, 1
(9,21), 0, 1
(9,24), 0, 1
(9,26), 0, 1
(9,27), 0, 1
(9,28), 0, 1
(9,29), 0, 1
(9,30), 0, 1
(9,32), 0, 1
(9,33), 0, 1
(9,34), 0, 1
(9,35), 0, 1
(9,37), 0, 1
(9,38), 0, 1
(9,39), 0, 1
(9,41), 0, 1
(9,43), 0, 1
(9,44), 0, 1
(9,46), 0, 1
(9,48), 0, 1
(9,51), 0, 1
(9,55), 0, 1
(9,56), 0, 1
(9,57), 0, 1
(9,58), 0, 1
(9,61), 0, 1
(9,62), 0, 1
(9,63), 0, 1
(9,64), 0, 1
(9,65), 0, 1
(9,66), 0, 1
(9,67), 0, 1
(9,69), 0, 1
(9,70), 0, 1
(9,71), 0, 1
(9,72), 0, 1
(9,73), 0, 1
(9,74), 0, 1
(9,75), 0, 1
(9,76), 0, 1
(9,77), 0, 1
(9,78), 0, 1
(9,79), 0, 1
(9,80), 0, 1
(9,81), 0, 1
(9,82), 0, 1
(9,83), 0, 1
(9,84), 0, 1
(9,85), 0, 1
(9,86), 0, 1
(9,87), 0, 1
(9,88), 0, 1
(9,89), 0, 1
(9,90), 0, 1
(9,91), 0, 1
(11,1), 0, 1
(11,2), 0, 1
(11,3), 0, 1
(11,4), 0, 1
(11,5), 0, 1
(11,7), 0, 1
(11,8), 0, 1
(11,10), 0, 1
(11,12), 0, 1
(11,13), 0, 1
(11,15), 0, 1
(11,17), 0, 1
(11,18), 0, 1
(11,19), 0, 1
(11,21), 0, 1
(11,24), 0, 1
(11,26), 0, 1
(11,27), 0, 1
(11,28), 0, 1
(11,29), 0, 1
(11,30), 0, 1
(11,32), 0, 1
(11,34), 0, 1
(11,35), 0, 1
(11,37), 0, 1
(11,38), 0, 1
(11,39), 0, 1
(11,41), 0, 1
(11,43), 0, 1
(11,44), 0, 1
(11,46), 0, 1
(11,47), 0, 1
(11,48), 0, 1
(11,49), 0, 1
(11,50), 0, 1
(11,51), 0, 1
(11,53), 0, 1
(11,55), 0, 1
(11,56), 0, 1
(11,57), 0, 1
(11,58), 0, 1
(11,59), 0, 1
(11,61), 0, 1
(11,62), 0, 1
(11,63), 0, 1
(11,64), 0, 1
(11,66), 0, 1
(11,68), 0, 1
(11,70), 0, 1
(11,71), 0, 1
(11,72), 0, 1
(11,73), 0, 1
(11,74), 0, 1
(11,75), 0, 1
(11,76), 0, 1
(11,77), 0, 1
(11,78), 0, 1
(11,79), 0, 1
(11,80), 0, 1
(11,81), 0, 1
(11,82), 0, 1
(11,83), 0, 1
(11,84), 0, 1
(11,85), 0, 1
(11,86), 0, 1
(11,88), 0, 1
(11,89), 0, 1
(11,90), 0, 1
(12,33), 0, 1
(12,46), 0, 1
(12,53), 0, 1
(12,62), 0, 1
(12,85), 0, 1
(13,33), 0, 1
(13,46), 0, 1
(13,62), 0, 1
(13,85), 0, 1
(14,33), 0, 1
(14,46), 0, 1
(14,53), 0, 1
(14,62), 0, 1
(14,85), 0, 1
(15,33), 0, 1
(15,53), 0, 1
(15,62), 0, 1
(16,2), 0, 1
(16,3), 0, 1
(16,6), 0, 1
(16,7), 0, 1
(16,8), 0, 1
(16,10), 0, 1
(16,12), 0, 1
(16,13), 0, 1
(16,14), 0, 1
(16,15), 0, 1
(16,17), 0, 1
(16,18), 0, 1
(16,19), 0, 1
(16,20), 0, 1
(16,21), 0, 1
(16,24), 0, 1
(16,26), 0, 1
(16,27), 0, 1
(16,28), 0, 1
(16,29), 0, 1
(16,30), 0, 1
(16,32), 0, 1
(16,33), 0, 1
(16,34), 0, 1
(16,35), 0, 1
(16,37), 0, 1
(16,38), 0, 1
(16,39), 0, 1
(16,41), 0, 1
(16,43), 0, 1
(16,44), 0, 1
(16,46), 0, 1
(16,49), 0, 1
(16,50), 0, 1
(16,51), 0, 1
(16,56), 0, 1
(16,57), 0, 1
(16,58), 0, 1
(16,59), 0, 1
(16,61), 0, 1
(16,62), 0, 1
(16,63), 0, 1
(16,64), 0, 1
(16,67), 0, 1
(16,68), 0, 1
(16,69), 0, 1
(16,70), 0, 1
(16,71), 0, 1
(16,72), 0, 1
(16,73), 0, 1
(16,74), 0, 1
(16,75), 0, 1
(16,76), 0, 1
(16,77), 0, 1
(16,78), 0, 1
(16,79), 0, 1
(16,80), 0, 1
(16,81), 0, 1
(16,82), 0, 1
(16,83), 0, 1
(16,84), 0, 1
(16,85), 0, 1
(16,86), 0, 1
(16,87), 0, 1
(16,88), 0, 1
(16,89), 0, 1
(16,90), 0, 1
(16,91), 0, 1
(17,3), 0, 1
(17,5), 0, 1
(17,12), 0, 1
(17,13), 0, 1
(17,15), 0, 1
(17,21), 0, 1
(17,23), 0, 1
(17,24), 0, 1
(17,32), 0, 1
(17,49), 0, 1
(17,50), 0, 1
(17,78), 0, 1
(17,82), 0, 1
(18,3), 0, 1
(18,5), 0, 1
(18,10), 0, 1
(18,12), 0, 1
(18,13), 0, 1
(18,15), 0, 1
(18,21), 0, 1
(18,24), 0, 1
(18,32), 0, 1
(18,49), 0, 1
(18,50), 0, 1
(18,78), 0, 1
(18,82), 0, 1
(19,3), 0, 1
(19,5), 0, 1
(19,10), 0, 1
(19,12), 0, 1
(19,13), 0, 1
(19,21), 0, 1
(19,24), 0, 1
(19,32), 0, 1
(19,49), 0, 1
(19,50), 0, 1
(19,78), 0, 1
(19,82), 0, 1
(20,1), 0, 1
(20,2), 0, 1
(20,3), 0, 1
(20,7), 0, 1
(20,8), 0, 1
(20,10), 0, 1
(20,12), 0, 1
(20,13), 0, 1
(20,14), 0, 1
(20,15), 0, 1
(20,17), 0, 1
(20,18), 0, 1
(20,19), 0, 1
(20,21), 0, 1
(20,22), 0, 1
(20,24), 0, 1
(20,27), 0, 1
(20,28), 0, 1
(20,29), 0, 1
(20,30), 0, 1
(20,32), 0, 1
(20,33), 0, 1
(20,34), 0, 1
(20,35), 0, 1
(20,37), 0, 1
(20,38), 0, 1
(20,39), 0, 1
(20,41), 0, 1
(20,43), 0, 1
(20,44), 0, 1
(20,46), 0, 1
(20,48), 0, 1
(20,49), 0, 1
(20,50), 0, 1
(20,51), 0, 1
(20,53), 0, 1
(20,55), 0, 1
(20,56), 0, 1
(20,57), 0, 1
(20,59), 0, 1
(20,61), 0, 1
(20,62), 0, 1
(20,63), 0, 1
(20,64), 0, 1
(20,67), 0, 1
(20,68), 0, 1
(20,69), 0, 1
(20,70), 0, 1
(20,71), 0, 1
(20,72), 0, 1
(20,73), 0, 1
(20,74), 0, 1
(20,75), 0, 1
(20,76), 0, 1
(20,77), 0, 1
(20,79), 0, 1
(20,80), 0, 1
(20,81), 0, 1
(20,82), 0, 1
(20,84), 0, 1
(20,85), 0, 1
(20,86), 0, 1
(20,87), 0, 1
(20,88), 0, 1
(20,89), 0, 1
(20,90), 0, 1
(20,91), 0, 1
(21,33), 0, 1
(21,46), 0, 1
(21,53), 0, 1
(21,62), 0, 1
(21,85), 0, 1
(22,3), 0, 1
(22,5), 0, 1
(22,10), 0, 1
(22,12), 0, 1
(22,13), 0, 1
(22,15), 0, 1
(22,21), 0, 1
(22,24), 0, 1
(22,32), 0, 1
(22,49), 0, 1
(22,50), 0, 1
(22,78), 0, 1
(22,82), 0, 1
(23,1), 0, 1
(23,3), 0, 1
(23,4), 0, 1
(23,7), 0, 1
(23,8), 0, 1
(23,9), 0, 1
(23,10), 0, 1
(23,12), 0, 1
(23,13), 0, 1
(23,17), 0, 1
(23,18), 0, 1
(23,19), 0, 1
(23,21), 0, 1
(23,22), 0, 1
(23,24), 0, 1
(23,25), 0, 1
(23,26), 0, 1
(23,27), 0, 1
(23,28), 0, 1
(23,30), 0, 1
(23,32), 0, 1
(23,33), 0, 1
(23,34), 0, 1
(23,35), 0, 1
(23,37), 0, 1
(23,38), 0, 1
(23,39), 0, 1
(23,41), 0, 1
(23,44), 0, 1
(23,46), 0, 1
(23,48), 0, 1
(23,49), 0, 1
(23,50), 0, 1
(23,51), 0, 1
(23,53), 0, 1
(23,55), 0, 1
(23,56), 0, 1
(23,57), 0, 1
(23,58), 0, 1
(23,59), 0, 1
(23,61), 0, 1
(23,62), 0, 1
(23,63), 0, 1
(23,64), 0, 1
(23,66), 0, 1
(23,68), 0, 1
(23,69), 0, 1
(23,70), 0, 1
(23,71), 0, 1
(23,72), 0, 1
(23,73), 0, 1
(23,74), 0, 1
(23,75), 0, 1
(23,76), 0, 1
(23,77), 0, 1
(23,78), 0, 1
(23,79), 0, 1
(23,80), 0, 1
(23,81), 0, 1
(23,83), 0, 1
(23,84), 0, 1
(23,85), 0, 1
(23,86), 0, 1
(23,87), 0, 1
(23,88), 0, 1
(23,89), 0, 1
(23,90), 0, 1
(23,91), 0, 1
(24,33), 0, 1
(24,46), 0, 1
(24,53), 0, 1
(24,62), 0, 1
(24,85), 0, 1
(25,3), 0, 1
(25,5), 0, 1
(25,10), 0, 1
(25,11), 0, 1
(25,12), 0, 1
(25,13), 0, 1
(25,15), 0, 1
(25,21), 0, 1
(25,24), 0, 1
(25,31), 0, 1
(25,32), 0, 1
(25,49), 0, 1
(25,50), 0, 1
(25,78), 0, 1
(25,82), 0, 1
(26,3), 0, 1
(26,5), 0, 1
(26,10), 0, 1
(26,12), 0, 1
(26,13), 0, 1
(26,15), 0, 1
(26,21), 0, 1
(26,24), 0, 1
(26,32), 0, 1
(26,49), 0, 1
(26,78), 0, 1
(26,82), 0, 1
(27,3), 0, 1
(27,5), 0, 1
(27,10), 0, 1
(27,12), 0, 1
(27,13), 0, 1
(27,15), 0, 1
(27,21), 0, 1
(27,24), 0, 1
(27,32), 0, 1
(27,49), 0, 1
(27,50), 0, 1
(27,78), 0, 1
(27,82), 0, 1
(28,3), 0, 1
(28,5), 0, 1
(28,10), 0, 1
(28,12), 0, 1
(28,13), 0, 1
(28,15), 0, 1
(28,21), 0, 1
(28,24), 0, 1
(28,32), 0, 1
(28,49), 0, 1
(28,50), 0, 1
(28,78), 0, 1
(28,82), 0, 1
(29,1), 0, 1
(29,2), 0, 1
(29,3), 0, 1
(29,5), 0, 1
(29,7), 0, 1
(29,8), 0, 1
(29,10), 0, 1
(29,12), 0, 1
(29,13), 0, 1
(29,14), 0, 1
(29,15), 0, 1
(29,16), 0, 1
(29,17), 0, 1
(29,18), 0, 1
(29,19), 0, 1
(29,21), 0, 1
(29,24), 0, 1
(29,26), 0, 1
(29,27), 0, 1
(29,28), 0, 1
(29,30), 0, 1
(29,32), 0, 1
(29,33), 0, 1
(29,34), 0, 1
(29,35), 0, 1
(29,37), 0, 1
(29,38), 0, 1
(29,39), 0, 1
(29,41), 0, 1
(29,43), 0, 1
(29,44), 0, 1
(29,46), 0, 1
(29,48), 0, 1
(29,49), 0, 1
(29,53), 0, 1
(29,55), 0, 1
(29,56), 0, 1
(29,57), 0, 1
(29,58), 0, 1
(29,59), 0, 1
(29,61), 0, 1
(29,63), 0, 1
(29,64), 0, 1
(29,66), 0, 1
(29,67), 0, 1
(29,68), 0, 1
(29,69), 0, 1
(29,70), 0, 1
(29,71), 0, 1
(29,72), 0, 1
(29,73), 0, 1
(29,74), 0, 1
(29,75), 0, 1
(29,76), 0, 1
(29,77), 0, 1
(29,78), 0, 1
(29,79), 0, 1
(29,80), 0, 1
(29,81), 0, 1
(29,82), 0, 1
(29,83), 0, 1
(29,84), 0, 1
(29,85), 0, 1
(29,86), 0, 1
(29,87), 0, 1
(29,88), 0, 1
(29,89), 0, 1
(29,90), 0, 1
(29,91), 0, 1
(30,3), 0, 1
(30,5), 0, 1
(30,10), 0, 1
(30,12), 0, 1
(30,13), 0, 1
(30,15), 0, 1
(30,21), 0, 1
(30,32), 0, 1
(30,49), 0, 1
(30,78), 0, 1
(30,82), 0, 1
(31,3), 0, 1
(31,6), 0, 1
(31,10), 0, 1
(31,12), 0, 1
(31,13), 0, 1
(31,15), 0, 1
(31,21), 0, 1
(31,24), 0, 1
(31,32), 0, 1
(31,49), 0, 1
(31,50), 0, 1
(31,78), 0, 1
(31,82), 0, 1
(32,1), 0, 1
(32,2), 0, 1
(32,3), 0, 1
(32,4), 0, 1
(32,5), 0, 1
(32,7), 0, 1
(32,8), 0, 1
(32,10), 0, 1
(32,12), 0, 1
(32,13), 0, 1
(32,14), 0, 1
(32,15), 0, 1
(32,17), 0, 1
(32,18), 0, 1
(32,19), 0, 1
(32,21), 0, 1
(32,22), 0, 1
(32,24), 0, 1
(32,26), 0, 1
(32,27), 0, 1
(32,28), 0, 1
(32,29), 0, 1
(32,30), 0, 1
(32,31), 0, 1
(32,33), 0, 1
(32,35), 0, 1
(32,37), 0, 1
(32,38), 0, 1
(32,39), 0, 1
(32,41), 0, 1
(32,44), 0, 1
(32,46), 0, 1
(32,48), 0, 1
(32,49), 0, 1
(32,50), 0, 1
(32,53), 0, 1
(32,55), 0, 1
(32,56), 0, 1
(32,57), 0, 1
(32,58), 0, 1
(32,59), 0, 1
(32,61), 0, 1
(32,62), 0, 1
(32,63), 0, 1
(32,64), 0, 1
(32,67), 0, 1
(32,68), 0, 1
(32,69), 0, 1
(32,70), 0, 1
(32,71), 0, 1
(32,72), 0, 1
(32,73), 0, 1
(32,74), 0, 1
(32,75), 0, 1
(32,76), 0, 1
(32,77), 0, 1
(32,78), 0, 1
(32,79), 0, 1
(32,80), 0, 1
(32,81), 0, 1
(32,82), 0, 1
(32,84), 0, 1
(32,85), 0, 1
(32,86), 0, 1
(32,87), 0, 1
(32,88), 0, 1
(32,89), 0, 1
(32,90), 0, 1
(32,91), 0, 1
(33,5), 0, 1
(33,10), 0, 1
(33,12), 0, 1
(33,13), 0, 1
(33,15), 0, 1
(33,21), 0, 1
(33,24), 0, 1
(33,32), 0, 1
(33,49), 0, 1
(33,50), 0, 1
(33,78), 0, 1
(33,82), 0, 1
(34,33), 0, 1
(34,46), 0, 1
(34,52), 0, 1
(34,53), 0, 1
(34,62), 0, 1
(34,85), 0, 1
(35,33), 0, 1
(35,46), 0, 1
(35,53), 0, 1
(35,85), 0, 1
(36,3), 0, 1
(36,5), 0, 1
(36,10), 0, 1
(36,12), 0, 1
(36,13), 0, 1
(36,15), 0, 1
(36,21), 0, 1
(36,24), 0, 1
(36,32), 0, 1
(36,49), 0, 1
(36,78), 0, 1
(36,82), 0, 1
(37,33), 0, 1
(37,42), 0, 1
(37,46), 0, 1
(37,53), 0, 1
(37,85), 0, 1
(38,3), 0, 1
(38,5), 0, 1
(38,10), 0, 1
(38,13), 0, 1
(38,15), 0, 1
(38,21), 0, 1
(38,24), 0, 1
(38,32), 0, 1
(38,49), 0, 1
(38,50), 0, 1
(38,78), 0, 1
(38,82), 0, 1
(39,1), 0, 1
(39,2), 0, 1
(39,4), 0, 1
(39,6), 0, 1
(39,7), 0, 1
(39,8), 0, 1
(39,10), 0, 1
(39,12), 0, 1
(39,13), 0, 1
(39,14), 0, 1
(39,15), 0, 1
(39,17), 0, 1
(39,18), 0, 1
(39,19), 0, 1
(39,21), 0, 1
(39,23), 0, 1
(39,24), 0, 1
(39,26), 0, 1
(39,27), 0, 1
(39,28), 0, 1
(39,29), 0, 1
(39,30), 0, 1
(39,31), 0, 1
(39,32), 0, 1
(39,33), 0, 1
(39,34), 0, 1
(39,35), 0, 1
(39,37), 0, 1
(39,38), 0, 1
(39,40), 0, 1
(39,41), 0, 1
(39,43), 0, 1
(39,44), 0, 1
(39,46), 0, 1
(39,48), 0, 1
(39,49), 0, 1
(39,50), 0, 1
(39,51), 0, 1
(39,52), 0, 1
(39,53), 0, 1
(39,55), 0, 1
(39,56), 0, 1
(39,57), 0, 1
(39,58), 0, 1
(39,59), 0, 1
(39,61), 0, 1
(39,62), 0, 1
(39,63), 0, 1
(39,64), 0, 1
(39,66), 0, 1
(39,68), 0, 1
(39,69), 0, 1
(39,70), 0, 1
(39,71), 0, 1
(39,72), 0, 1
(39,73), 0, 1
(39,74), 0, 1
(39,75), 0, 1
(39,76), 0, 1
(39,77), 0, 1
(39,78), 0, 1
(39,79), 0, 1
(39,80), 0, 1
(39,81), 0, 1
(39,82), 0, 1
(39,83), 0, 1
(39,84), 0, 1
(39,85), 0, 1
(39,86), 0, 1
(39,87), 0, 1
(39,88), 0, 1
(39,89), 0, 1
(39,90), 0, 1
(39,91), 0, 1
(40,1), 0, 1
(40,2), 0, 1
(40,3), 0, 1
(40,4), 0, 1
(40,5), 0, 1
(40,7), 0, 1
(40,8), 0, 1
(40,10), 0, 1
(40,12), 0, 1
(40,13), 0, 1
(40,14), 0, 1
(40,15), 0, 1
(40,17), 0, 1
(40,18), 0, 1
(40,19), 0, 1
(40,21), 0, 1
(40,24), 0, 1
(40,26), 0, 1
(40,27), 0, 1
(40,28), 0, 1
(40,29), 0, 1
(40,30), 0, 1
(40,32), 0, 1
(40,34), 0, 1
(40,35), 0, 1
(40,37), 0, 1
(40,38), 0, 1
(40,39), 0, 1
(40,41), 0, 1
(40,43), 0, 1
(40,44), 0, 1
(40,46), 0, 1
(40,48), 0, 1
(40,49), 0, 1
(40,50), 0, 1
(40,51), 0, 1
(40,53), 0, 1
(40,55), 0, 1
(40,57), 0, 1
(40,58), 0, 1
(40,59), 0, 1
(40,61), 0, 1
(40,62), 0, 1
(40,63), 0, 1
(40,64), 0, 1
(40,67), 0, 1
(40,68), 0, 1
(40,69), 0, 1
(40,70), 0, 1
(40,71), 0, 1
(40,72), 0, 1
(40,73), 0, 1
(40,74), 0, 1
(40,75), 0, 1
(40,76), 0, 1
(40,77), 0, 1
(40,78), 0, 1
(40,79), 0, 1
(40,80), 0, 1
(40,81), 0, 1
(40,82), 0, 1
(40,83), 0, 1
(40,84), 0, 1
(40,85), 0, 1
(40,86), 0, 1
(40,87), 0, 1
(40,88), 0, 1
(40,90), 0, 1
(40,91), 0, 1
(41,33), 0, 1
(41,46), 0, 1
(41,52), 0, 1
(41,53), 0, 1
(41,62), 0, 1
(41,85), 0, 1
(42,1), 0, 1
(42,2), 0, 1
(42,3), 0, 1
(42,4), 0, 1
(42,5), 0, 1
(42,7), 0, 1
(42,8), 0, 1
(42,10), 0, 1
(42,11), 0, 1
(42,12), 0, 1
(42,13), 0, 1
(42,14), 0, 1
(42,15), 0, 1
(42,17), 0, 1
(42,18), 0, 1
(42,19), 0, 1
(42,21), 0, 1
(42,24), 0, 1
(42,26), 0, 1
(42,27), 0, 1
(42,28), 0, 1
(42,29), 0, 1
(42,30), 0, 1
(42,32), 0, 1
(42,33), 0, 1
(42,34), 0, 1
(42,35), 0, 1
(42,37), 0, 1
(42,38), 0, 1
(42,39), 0, 1
(42,41), 0, 1
(42,43), 0, 1
(42,44), 0, 1
(42,46), 0, 1
(42,50), 0, 1
(42,51), 0, 1
(42,53), 0, 1
(42,55), 0, 1
(42,56), 0, 1
(42,57), 0, 1
(42,58), 0, 1
(42,59), 0, 1
(42,61), 0, 1
(42,62), 0, 1
(42,63), 0, 1
(42,64), 0, 1
(42,66), 0, 1
(42,68), 0, 1
(42,69), 0, 1
(42,70), 0, 1
(42,71), 0, 1
(42,72), 0, 1
(42,73), 0, 1
(42,74), 0, 1
(42,75), 0, 1
(42,76), 0, 1
(42,77), 0, 1
(42,78), 0, 1
(42,79), 0, 1
(42,80), 0, 1
(42,81), 0, 1
(42,82), 0, 1
(42,83), 0, 1
(42,84), 0, 1
(42,85), 0, 1
(42,86), 0, 1
(42,87), 0, 1
(42,88), 0, 1
(42,90), 0, 1
(42,91), 0, 1
(43,3), 0, 1
(43,10), 0, 1
(43,12), 0, 1
(43,13), 0, 1
(43,15), 0, 1
(43,21), 0, 1
(43,24), 0, 1
(43,32), 0, 1
(43,49), 0, 1
(43,50), 0, 1
(43,82), 0, 1
(44,33), 0, 1
(44,46), 0, 1
(44,53), 0, 1
(44,62), 0, 1
(44,85), 0, 1
(45,1), 0, 1
(45,2), 0, 1
(45,3), 0, 1
(45,4), 0, 1
(45,5), 0, 1
(45,7), 0, 1
(45,8), 0, 1
(45,10), 0, 1
(45,12), 0, 1
(45,13), 0, 1
(45,15), 0, 1
(45,17), 0, 1
(45,18), 0, 1
(45,19), 0, 1
(45,21), 0, 1
(45,24), 0, 1
(45,26), 0, 1
(45,27), 0, 1
(45,28), 0, 1
(45,29), 0, 1
(45,30), 0, 1
(45,32), 0, 1
(45,33), 0, 1
(45,34), 0, 1
(45,35), 0, 1
(45,37), 0, 1
(45,38), 0, 1
(45,39), 0, 1
(45,41), 0, 1
(45,44), 0, 1
(45,46), 0, 1
(45,48), 0, 1
(45,49), 0, 1
(45,50), 0, 1
(45,51), 0, 1
(45,53), 0, 1
(45,55), 0, 1
(45,56), 0, 1
(45,57), 0, 1
(45,59), 0, 1
(45,61), 0, 1
(45,62), 0, 1
(45,63), 0, 1
(45,64), 0, 1
(45,66), 0, 1
(45,67), 0, 1
(45,68), 0, 1
(45,69), 0, 1
(45,70), 0, 1
(45,71), 0, 1
(45,72), 0, 1
(45,73), 0, 1
(45,74), 0, 1
(45,75), 0, 1
(45,76), 0, 1
(45,77), 0, 1
(45,78), 0, 1
(45,80), 0, 1
(45,81), 0, 1
(45,82), 0, 1
(45,83), 0, 1
(45,85), 0, 1
(45,86), 0, 1
(45,87), 0, 1
(45,88), 0, 1
(45,89), 0, 1
(45,90), 0, 1
(45,91), 0, 1
(46,3), 0, 1
(46,5), 0, 1
(46,10), 0, 1
(46,12), 0, 1
(46,13), 0, 1
(46,15), 0, 1
(46,21), 0, 1
(46,23), 0, 1
(46,24), 0, 1
(46,32), 0, 1
(46,49), 0, 1
(46,50), 0, 1
(46,78), 0, 1
(46,82), 0, 1
(47,3), 0, 1
(47,10), 0, 1
(47,12), 0, 1
(47,13), 0, 1
(47,15), 0, 1
(47,21), 0, 1
(47,24), 0, 1
(47,32), 0, 1
(47,49), 0, 1
(47,50), 0, 1
(47,78), 0, 1
(47,82), 0, 1
(49,33), 0, 1
(49,46), 0, 1
(49,52), 0, 1
(49,53), 0, 1
(49,62), 0, 1
(49,85), 0, 1
(50,3), 0, 1
(50,10), 0, 1
(50,11), 0, 1
(50,12), 0, 1
(50,15), 0, 1
(50,21), 0, 1
(50,24), 0, 1
(50,32), 0, 1
(50,49), 0, 1
(50,78), 0, 1
(50,82), 0, 1
(51,3), 0, 1
(51,5), 0, 1
(51,10), 0, 1
(51,12), 0, 1
(51,13), 0, 1
(51,15), 0, 1
(51,21), 0, 1
(51,24), 0, 1
(51,32), 0, 1
(51,49), 0, 1
(51,50), 0, 1
(51,78), 0, 1
(51,82), 0, 1
(52,3), 0, 1
(52,5), 0, 1
(52,10), 0, 1
(52,12), 0, 1
(52,13), 0, 1
(52,21), 0, 1
(52,24), 0, 1
(52,32), 0, 1
(52,49), 0, 1
(52,50), 0, 1
(52,78), 0, 1
(52,82), 0, 1
(53,1), 0, 1
(53,2), 0, 1
(53,3), 0, 1
(53,4), 0, 1
(53,5), 0, 1
(53,7), 0, 1
(53,8), 0, 1
(53,10), 0, 1
(53,12), 0, 1
(53,13), 0, 1
(53,14), 0, 1
(53,15), 0, 1
(53,17), 0, 1
(53,19), 0, 1
(53,21), 0, 1
(53,24), 0, 1
(53,26), 0, 1
(53,27), 0, 1
(53,28), 0, 1
(53,29), 0, 1
(53,30), 0, 1
(53,31), 0, 1
(53,32), 0, 1
(53,33), 0, 1
(53,34), 0, 1
(53,35), 0, 1
(53,36), 0, 1
(53,37), 0, 1
(53,38), 0, 1
(53,39), 0, 1
(53,41), 0, 1
(53,43), 0, 1
(53,44), 0, 1
(53,46), 0, 1
(53,48), 0, 1
(53,49), 0, 1
(53,51), 0, 1
(53,56), 0, 1
(53,57), 0, 1
(53,58), 0, 1
(53,59), 0, 1
(53,61), 0, 1
(53,62), 0, 1
(53,63), 0, 1
(53,64), 0, 1
(53,67), 0, 1
(53,68), 0, 1
(53,69), 0, 1
(53,70), 0, 1
(53,71), 0, 1
(53,72), 0, 1
(53,74), 0, 1
(53,75), 0, 1
(53,77), 0, 1
(53,78), 0, 1
(53,79), 0, 1
(53,80), 0, 1
(53,81), 0, 1
(53,82), 0, 1
(53,83), 0, 1
(53,84), 0, 1
(53,85), 0, 1
(53,86), 0, 1
(53,87), 0, 1
(53,88), 0, 1
(53,89), 0, 1
(53,90), 0, 1
(53,91), 0, 1
(54,3), 0, 1
(54,5), 0, 1
(54,10), 0, 1
(54,12), 0, 1
(54,13), 0, 1
(54,15), 0, 1
(54,21), 0, 1
(54,24), 0, 1
(54,32), 0, 1
(54,49), 0, 1
(54,50), 0, 1
(54,78), 0, 1
(54,82), 0, 1
(55,3), 0, 1
(55,5), 0, 1
(55,10), 0, 1
(55,12), 0, 1
(55,13), 0, 1
(55,15), 0, 1
(55,21), 0, 1
(55,24), 0, 1
(55,49), 0, 1
(55,50), 0, 1
(55,78), 0, 1
(55,82), 0, 1
(56,1), 0, 1
(56,2), 0, 1
(56,3), 0, 1
(56,4), 0, 1
(56,5), 0, 1
(56,7), 0, 1
(56,8), 0, 1
(56,10), 0, 1
(56,12), 0, 1
(56,13), 0, 1
(56,14), 0, 1
(56,15), 0, 1
(56,17), 0, 1
(56,18), 0, 1
(56,19), 0, 1
(56,21), 0, 1
(56,24), 0, 1
(56,26), 0, 1
(56,27), 0, 1
(56,29), 0, 1
(56,30), 0, 1
(56,32), 0, 1
(56,33), 0, 1
(56,34), 0, 1
(56,35), 0, 1
(56,36), 0, 1
(56,37), 0, 1
(56,38), 0, 1
(56,39), 0, 1
(56,41), 0, 1
(56,43), 0, 1
(56,44), 0, 1
(56,46), 0, 1
(56,48), 0, 1
(56,49), 0, 1
(56,50), 0, 1
(56,51), 0, 1
(56,53), 0, 1
(56,55), 0, 1
(56,57), 0, 1
(56,58), 0, 1
(56,59), 0, 1
(56,61), 0, 1
(56,62), 0, 1
(56,63), 0, 1
(56,64), 0, 1
(56,65), 0, 1
(56,66), 0, 1
(56,67), 0, 1
(56,68), 0, 1
(56,69), 0, 1
(56,70), 0, 1
(56,71), 0, 1
(56,72), 0, 1
(56,73), 0, 1
(56,74), 0, 1
(56,75), 0, 1
(56,76), 0, 1
(56,77), 0, 1
(56,78), 0, 1
(56,79), 0, 1
(56,80), 0, 1
(56,81), 0, 1
(56,82), 0, 1
(56,83), 0, 1
(56,84), 0, 1
(56,86), 0, 1
(56,88), 0, 1
(56,89), 0, 1
(56,90), 0, 1
(56,91), 0, 1
(57,3), 0, 1
(57,10), 0, 1
(57,12), 0, 1
(57,13), 0, 1
(57,15), 0, 1
(57,21), 0, 1
(57,24), 0, 1
(57,32), 0, 1
(57,49), 0, 1
(57,50), 0, 1
(57,78), 0, 1
(57,82), 0, 1
(58,1), 0, 1
(58,2), 0, 1
(58,3), 0, 1
(58,7), 0, 1
(58,8), 0, 1
(58,9), 0, 1
(58,10), 0, 1
(58,12), 0, 1
(58,13), 0, 1
(58,14), 0, 1
(58,15), 0, 1
(58,17), 0, 1
(58,18), 0, 1
(58,19), 0, 1
(58,21), 0, 1
(58,24), 0, 1
(58,26), 0, 1
(58,27), 0, 1
(58,28), 0, 1
(58,29), 0, 1
(58,30), 0, 1
(58,31), 0, 1
(58,32), 0, 1
(58,33), 0, 1
(58,34), 0, 1
(58,35), 0, 1
(58,37), 0, 1
(58,38), 0, 1
(58,39), 0, 1
(58,41), 0, 1
(58,44), 0, 1
(58,46), 0, 1
(58,48), 0, 1
(58,50), 0, 1
(58,51), 0, 1
(58,53), 0, 1
(58,55), 0, 1
(58,56), 0, 1
(58,59), 0, 1
(58,62), 0, 1
(58,63), 0, 1
(58,64), 0, 1
(58,66), 0, 1
(58,67), 0, 1
(58,68), 0, 1
(58,69), 0, 1
(58,70), 0, 1
(58,71), 0, 1
(58,72), 0, 1
(58,73), 0, 1
(58,74), 0, 1
(58,75), 0, 1
(58,76), 0, 1
(58,77), 0, 1
(58,78), 0, 1
(58,79), 0, 1
(58,80), 0, 1
(58,81), 0, 1
(58,82), 0, 1
(58,83), 0, 1
(58,85), 0, 1
(58,86), 0, 1
(58,87), 0, 1
(58,88), 0, 1
(58,89), 0, 1
(58,90), 0, 1
(58,91), 0, 1
(59,0), 0, 1
(59,33), 0, 1
(59,46), 0, 1
(59,53), 0, 1
(59,62), 0, 1
(59,85), 0, 1
(60,1), 0, 1
(60,2), 0, 1
(60,3), 0, 1
(60,4), 0, 1
(60,5), 0, 1
(60,7), 0, 1
(60,12), 0, 1
(60,13), 0, 1
(60,14), 0, 1
(60,15), 0, 1
(60,17), 0, 1
(60,18), 0, 1
(60,19), 0, 1
(60,21), 0, 1
(60,24), 0, 1
(60,26), 0, 1
(60,27), 0, 1
(60,28), 0, 1
(60,29), 0, 1
(60,32), 0, 1
(60,33), 0, 1
(60,34), 0, 1
(60,35), 0, 1
(60,37), 0, 1
(60,38), 0, 1
(60,39), 0, 1
(60,40), 0, 1
(60,41), 0, 1
(60,43), 0, 1
(60,44), 0, 1
(60,45), 0, 1
(60,46), 0, 1
(60,48), 0, 1
(60,49), 0, 1
(60,50), 0, 1
(60,51), 0, 1
(60,53), 0, 1
(60,55), 0, 1
(60,56), 0, 1
(60,57), 0, 1
(60,58), 0, 1
(60,59), 0, 1
(60,61), 0, 1
(60,62), 0, 1
(60,63), 0, 1
(60,64), 0, 1
(60,67), 0, 1
(60,68), 0, 1
(60,69), 0, 1
(60,70), 0, 1
(60,71), 0, 1
(60,72), 0, 1
(60,73), 0, 1
(60,74), 0, 1
(60,75), 0, 1
(60,78), 0, 1
(60,79), 0, 1
(60,80), 0, 1
(60,81), 0, 1
(60,82), 0, 1
(60,83), 0, 1
(60,84), 0, 1
(60,86), 0, 1
(60,87), 0, 1
(60,89), 0, 1
(60,90), 0, 1
(60,91), 0, 1
(61,3), 0, 1
(61,5), 0, 1
(61,10), 0, 1
(61,12), 0, 1
(61,13), 0, 1
(61,15), 0, 1
(61,21), 0, 1
(61,24), 0, 1
(61,32), 0, 1
(61,49), 0, 1
(61,50), 0, 1
(61,78), 0, 1
(61,82), 0, 1
(62,3), 0, 1
(62,10), 0, 1
(62,12), 0, 1
(62,13), 0, 1
(62,15), 0, 1
(62,21), 0, 1
(62,24), 0, 1
(62,32), 0, 1
(62,49), 0, 1
(62,50), 0, 1
(62,78), 0, 1
(62,82), 0, 1
(63,1), 0, 1
(63,2), 0, 1
(63,3), 0, 1
(63,4), 0, 1
(63,5), 0, 1
(63,7), 0, 1
(63,8), 0, 1
(63,9), 0, 1
(63,12), 0, 1
(63,13), 0, 1
(63,14), 0, 1
(63,15), 0, 1
(63,17), 0, 1
(63,18), 0, 1
(63,21), 0, 1
(63,23), 0, 1
(63,24), 0, 1
(63,26), 0, 1
(63,27), 0, 1
(63,28), 0, 1
(63,29), 0, 1
(63,30), 0, 1
(63,32), 0, 1
(63,33), 0, 1
(63,34), 0, 1
(63,35), 0, 1
(63,37), 0, 1
(63,38), 0, 1
(63,39), 0, 1
(63,41), 0, 1
(63,43), 0, 1
(63,44), 0, 1
(63,46), 0, 1
(63,48), 0, 1
(63,49), 0, 1
(63,50), 0, 1
(63,53), 0, 1
(63,55), 0, 1
(63,56), 0, 1
(63,57), 0, 1
(63,59), 0, 1
(63,61), 0, 1
(63,62), 0, 1
(63,64), 0, 1
(63,66), 0, 1
(63,67), 0, 1
(63,68), 0, 1
(63,69), 0, 1
(63,70), 0, 1
(63,71), 0, 1
(63,72), 0, 1
(63,73), 0, 1
(63,75), 0, 1
(63,76), 0, 1
(63,77), 0, 1
(63,78), 0, 1
(63,79), 0, 1
(63,80), 0, 1
(63,81), 0, 1
(63,82), 0, 1
(63,83), 0, 1
(63,85), 0, 1
(63,86), 0, 1
(63,87), 0, 1
(63,88), 0, 1
(63,89), 0, 1
(63,90), 0, 1
(63,91), 0, 1
(64,3), 0, 1
(64,5), 0, 1
(64,10), 0, 1
(64,12), 0, 1
(64,13), 0, 1
(64,15), 0, 1
(64,21), 0, 1
(64,24), 0, 1
(64,49), 0, 1
(64,78), 0, 1
(64,82), 0, 1
(65,33), 0, 1
(65,53), 0, 1
(65,62), 0, 1
(65,85), 0, 1
(66,10), 0, 1
(66,12), 0, 1
(66,13), 0, 1
(66,15), 0, 1
(66,21), 0, 1
(66,24), 0, 1
(66,32), 0, 1
(66,49), 0, 1
(66,50), 0, 1
(66,78), 0, 1
(66,82), 0, 1
(67,33), 0, 1
(67,46), 0, 1
(67,53), 0, 1
(67,62), 0, 1
(67,85), 0, 1
(68,3), 0, 1
(68,5), 0, 1
(68,6), 0, 1
(68,10), 0, 1
(68,12), 0, 1
(68,13), 0, 1
(68,15), 0, 1
(68,21), 0, 1
(68,24), 0, 1
(68,32), 0, 1
(68,49), 0, 1
(68,50), 0, 1
(68,78), 0, 1
(68,82), 0, 1
(69,3), 0, 1
(69,10), 0, 1
(69,12), 0, 1
(69,13), 0, 1
(69,15), 0, 1
(69,21), 0, 1
(69,23), 0, 1
(69,24), 0, 1
(69,32), 0, 1
(69,50), 0, 1
(69,78), 0, 1
(69,82), 0, 1
(70,3), 0, 1
(70,5), 0, 1
(70,6), 0, 1
(70,10), 0, 1
(70,12), 0, 1
(70,13), 0, 1
(70,15), 0, 1
(70,21), 0, 1
(70,24), 0, 1
(70,32), 0, 1
(70,49), 0, 1
(70,50), 0, 1
(70,82), 0, 1
(71,3), 0, 1
(71,5), 0, 1
(71,6), 0, 1
(71,10), 0, 1
(71,12), 0, 1
(71,13), 0, 1
(71,15), 0, 1
(71,21), 0, 1
(71,24), 0, 1
(71,31), 0, 1
(71,49), 0, 1
(71,50), 0, 1
(71,78), 0, 1
(71,82), 0, 1
(72,3), 0, 1
(72,5), 0, 1
(72,10), 0, 1
(72,12), 0, 1
(72,13), 0, 1
(72,15), 0, 1
(72,21), 0, 1
(72,24), 0, 1
(72,32), 0, 1
(72,49), 0, 1
(72,50), 0, 1
(72,78), 0, 1
(72,82), 0, 1
(73,3), 0, 1
(73,12), 0, 1
(73,13), 0, 1
(73,15), 0, 1
(73,21), 0, 1
(73,24), 0, 1
(73,32), 0, 1
(73,49), 0, 1
(73,50), 0, 1
(73,82), 0, 1
(74,3), 0, 1
(74,5), 0, 1
(74,10), 0, 1
(74,12), 0, 1
(74,13), 0, 1
(74,15), 0, 1
(74,21), 0, 1
(74,24), 0, 1
(74,32), 0, 1
(74,49), 0, 1
(74,50), 0, 1
(74,78), 0, 1
(74,82), 0, 1
(75,3), 0, 1
(75,5), 0, 1
(75,9), 0, 1
(75,10), 0, 1
(75,12), 0, 1
(75,15), 0, 1
(75,21), 0, 1
(75,24), 0, 1
(75,32), 0, 1
(75,49), 0, 1
(75,50), 0, 1
(75,82), 0, 1
(76,33), 0, 1
(76,46), 0, 1
(76,53), 0, 1
(76,62), 0, 1
(76,85), 0, 1
(77,3), 0, 1
(77,10), 0, 1
(77,12), 0, 1
(77,13), 0, 1
(77,15), 0, 1
(77,21), 0, 1
(77,24), 0, 1
(77,31), 0, 1
(77,32), 0, 1
(77,49), 0, 1
(77,50), 0, 1
(77,78), 0, 1
(77,82), 0, 1
(78,33), 0, 1
(78,46), 0, 1
(78,53), 0, 1
(78,62), 0, 1
(78,85), 0, 1
(79,1), 0, 1
(79,2), 0, 1
(79,3), 0, 1
(79,5), 0, 1
(79,7), 0, 1
(79,8), 0, 1
(79,10), 0, 1
(79,13), 0, 1
(79,15), 0, 1
(79,17), 0, 1
(79,18), 0, 1
(79,19), 0, 1
(79,21), 0, 1
(79,24), 0, 1
(79,26), 0, 1
(79,27), 0, 1
(79,28), 0, 1
(79,29), 0, 1
(79,32), 0, 1
(79,33), 0, 1
(79,34), 0, 1
(79,35), 0, 1
(79,37), 0, 1
(79,38), 0, 1
(79,39), 0, 1
(79,43), 0, 1
(79,44), 0, 1
(79,46), 0, 1
(79,48), 0, 1
(79,49), 0, 1
(79,50), 0, 1
(79,51), 0, 1
(79,53), 0, 1
(79,57), 0, 1
(79,58), 0, 1
(79,59), 0, 1
(79,61), 0, 1
(79,62), 0, 1
(79,63), 0, 1
(79,66), 0, 1
(79,67), 0, 1
(79,68), 0, 1
(79,69), 0, 1
(79,70), 0, 1
(79,71), 0, 1
(79,72), 0, 1
(79,73), 0, 1
(79,74), 0, 1
(79,77), 0, 1
(79,78), 0, 1
(79,80), 0, 1
(79,81), 0, 1
(79,82), 0, 1
(79,83), 0, 1
(79,84), 0, 1
(79,85), 0, 1
(79,86), 0, 1
(79,87), 0, 1
(79,88), 0, 1
(79,89), 0, 1
(79,90), 0, 1
(79,91), 0, 1
(80,3), 0, 1
(80,10), 0, 1
(80,12), 0, 1
(80,13), 0, 1
(80,15), 0, 1
(80,21), 0, 1
(80,24), 0, 1
(80,32), 0, 1
(80,49), 0, 1
(80,50), 0, 1
(80,78), 0, 1
(81,3), 0, 1
(81,5), 0, 1
(81,10), 0, 1
(81,12), 0, 1
(81,13), 0, 1
(81,15), 0, 1
(81,21), 0, 1
(81,24), 0, 1
(81,32), 0, 1
(81,49), 0, 1
(81,50), 0, 1
(81,82), 0, 1
(82,33), 0, 1
(82,46), 0, 1
(82,53), 0, 1
(82,62), 0, 1
(82,85), 0, 1
(84,3), 0, 1
(84,5), 0, 1
(84,10), 0, 1
(84,12), 0, 1
(84,13), 0, 1
(84,15), 0, 1
(84,21), 0, 1
(84,24), 0, 1
(84,32), 0, 1
(84,49), 0, 1
(84,50), 0, 1
(84,78), 0, 1
(84,82), 0, 1
(85,3), 0, 1
(85,5), 0, 1
(85,10), 0, 1
(85,12), 0, 1
(85,15), 0, 1
(85,21), 0, 1
(85,23), 0, 1
(85,24), 0, 1
(85,32), 0, 1
(85,49), 0, 1
(85,50), 0, 1
(85,78), 0, 1
(85,82), 0, 1
(86,3), 0, 1
(86,5), 0, 1
(86,10), 0, 1
(86,12), 0, 1
(86,13), 0, 1
(86,15), 0, 1
(86,21), 0, 1
(86,24), 0, 1
(86,32), 0, 1
(86,49), 0, 1
(86,50), 0, 1
(86,78), 0, 1
(86,82), 0, 1
(87,3), 0, 1
(87,5), 0, 1
(87,10), 0, 1
(87,12), 0, 1
(87,13), 0, 1
(87,15), 0, 1
(87,21), 0, 1
(87,23), 0, 1
(87,24), 0, 1
(87,32), 0, 1
(87,49), 0, 1
(87,50), 0, 1
(87,82), 0, 1
(88,3), 0, 1
(88,5), 0, 1
(88,10), 0, 1
(88,12), 0, 1
(88,13), 0, 1
(88,15), 0, 1
(88,21), 0, 1
(88,24), 0, 1
(88,32), 0, 1
(88,49), 0, 1
(88,78), 0, 1
(88,82), 0, 1
(89,1), 0, 1
(89,2), 0, 1
(89,3), 0, 1
(89,5), 0, 1
(89,7), 0, 1
(89,8), 0, 1
(89,10), 0, 1
(89,12), 0, 1
(89,13), 0, 1
(89,14), 0, 1
(89,15), 0, 1
(89,17), 0, 1
(89,18), 0, 1
(89,19), 0, 1
(89,21), 0, 1
(89,24), 0, 1
(89,26), 0, 1
(89,27), 0, 1
(89,28), 0, 1
(89,29), 0, 1
(89,30), 0, 1
(89,32), 0, 1
(89,33), 0, 1
(89,34), 0, 1
(89,35), 0, 1
(89,37), 0, 1
(89,38), 0, 1
(89,39), 0, 1
(89,41), 0, 1
(89,43), 0, 1
(89,44), 0, 1
(89,46), 0, 1
(89,48), 0, 1
(89,49), 0, 1
(89,50), 0, 1
(89,51), 0, 1
(89,53), 0, 1
(89,55), 0, 1
(89,56), 0, 1
(89,57), 0, 1
(89,59), 0, 1
(89,61), 0, 1
(89,62), 0, 1
(89,63), 0, 1
(89,64), 0, 1
(89,66), 0, 1
(89,67), 0, 1
(89,68), 0, 1
(89,69), 0, 1
(89,70), 0, 1
(89,71), 0, 1
(89,72), 0, 1
(89,73), 0, 1
(89,74), 0, 1
(89,75), 0, 1
(89,76), 0, 1
(89,77), 0, 1
(89,78), 0, 1
(89,79), 0, 1
(89,80), 0, 1
(89,81), 0, 1
(89,82), 0, 1
(89,83), 0, 1
(89,84), 0, 1
(89,85), 0, 1
(89,86), 0, 1
(89,87), 0, 1
(89,88), 0, 1
(89,90), 0, 1
(89,91), 0, 1
(90,3), 0, 1
(90,5), 0, 1
(90,10), 0, 1
(90,12), 0, 1
(90,13), 0, 1
(90,15), 0, 1
(90,21), 0, 1
(90,24), 0, 1
(90,31), 0, 1
(90,32), 0, 1
(90,49), 0, 1
(90,50), 0, 1
(90,78), 0, 1
(90,82), 0, 1
(91,3), 0, 1
(91,5), 0, 1
(91,10), 0, 1
(91,13), 0, 1
(91,15), 0, 1
(91,21), 0, 1
(91,24), 0, 1
(91,32), 0, 1
(91,49), 0, 1
(91,50), 0, 1
(91,78), 0, 1
(91,82), 0, 1
(92,3), 0, 1
(92,10), 0, 1
(92,12), 0, 1
(92,13), 0, 1
(92,15), 0, 1
(92,21), 0, 1
(92,23), 0, 1
(92,24), 0, 1
(92,32), 0, 1
(92,49), 0, 1
(92,78), 0, 1
(92,82), 0, 1
(93,0), 0, 1
(93,1), 0, 1
(93,2), 0, 1
(93,3), 0, 1
(93,4), 0, 1
(93,7), 0, 1
(93,8), 0, 1
(93,10), 0, 1
(93,13), 0, 1
(93,14), 0, 1
(93,15), 0, 1
(93,17), 0, 1
(93,18), 0, 1
(93,19), 0, 1
(93,21), 0, 1
(93,24), 0, 1
(93,26), 0, 1
(93,27), 0, 1
(93,28), 0, 1
(93,29), 0, 1
(93,30), 0, 1
(93,32), 0, 1
(93,33), 0, 1
(93,34), 0, 1
(93,35), 0, 1
(93,37), 0, 1
(93,38), 0, 1
(93,39), 0, 1
(93,41), 0, 1
(93,43), 0, 1
(93,44), 0, 1
(93,45), 0, 1
(93,46), 0, 1
(93,48), 0, 1
(93,49), 0, 1
(93,50), 0, 1
(93,51), 0, 1
(93,53), 0, 1
(93,55), 0, 1
(93,56), 0, 1
(93,57), 0, 1
(93,58), 0, 1
(93,59), 0, 1
(93,61), 0, 1
(93,62), 0, 1
(93,63), 0, 1
(93,64), 0, 1
(93,67), 0, 1
(93,68), 0, 1
(93,69), 0, 1
(93,70), 0, 1
(93,71), 0, 1
(93,72), 0, 1
(93,73), 0, 1
(93,74), 0, 1
(93,75), 0, 1
(93,76), 0, 1
(93,77), 0, 1
(93,78), 0, 1
(93,80), 0, 1
(93,81), 0, 1
(93,82), 0, 1
(93,83), 0, 1
(93,84), 0, 1
(93,85), 0, 1
(93,86), 0, 1
(93,87), 0, 1
(93,88), 0, 1
(93,90), 0, 1
(94,1), 0, 1
(94,2), 0, 1
(94,3), 0, 1
(94,4), 0, 1
(94,5), 0, 1
(94,7), 0, 1
(94,10), 0, 1
(94,12), 0, 1
(94,13), 0, 1
(94,15), 0, 1
(94,17), 0, 1
(94,18), 0, 1
(94,19), 0, 1
(94,21), 0, 1
(94,22), 0, 1
(94,24), 0, 1
(94,27), 0, 1
(94,28), 0, 1
(94,29), 0, 1
(94,30), 0, 1
(94,32), 0, 1
(94,33), 0, 1
(94,34), 0, 1
(94,35), 0, 1
(94,36), 0, 1
(94,37), 0, 1
(94,38), 0, 1
(94,41), 0, 1
(94,43), 0, 1
(94,44), 0, 1
(94,46), 0, 1
(94,48), 0, 1
(94,49), 0, 1
(94,50), 0, 1
(94,51), 0, 1
(94,53), 0, 1
(94,55), 0, 1
(94,56), 0, 1
(94,57), 0, 1
(94,58), 0, 1
(94,59), 0, 1
(94,61), 0, 1
(94,62), 0, 1
(94,63), 0, 1
(94,64), 0, 1
(94,66), 0, 1
(94,68), 0, 1
(94,69), 0, 1
(94,70), 0, 1
(94,71), 0, 1
(94,73), 0, 1
(94,74), 0, 1
(94,75), 0, 1
(94,76), 0, 1
(94,78), 0, 1
(94,79), 0, 1
(94,80), 0, 1
(94,81), 0, 1
(94,82), 0, 1
(94,84), 0, 1
(94,85), 0, 1
(94,86), 0, 1
(94,87), 0, 1
(94,88), 0, 1
(94,89), 0, 1
(94,90), 0, 1
(94,91), 0, 1
(95,1), 0, 1
(95,2), 0, 1
(95,3), 0, 1
(95,4), 0, 1
(95,5), 0, 1
(95,7), 0, 1
(95,8), 0, 1
(95,10), 0, 1
(95,12), 0, 1
(95,13), 0, 1
(95,15), 0, 1
(95,17), 0, 1
(95,18), 0, 1
(95,19), 0, 1
(95,21), 0, 1
(95,24), 0, 1
(95,26), 0, 1
(95,27), 0, 1
(95,28), 0, 1
(95,29), 0, 1
(95,32), 0, 1
(95,33), 0, 1
(95,34), 0, 1
(95,35), 0, 1
(95,37), 0, 1
(95,39), 0, 1
(95,41), 0, 1
(95,43), 0, 1
(95,44), 0, 1
(95,46), 0, 1
(95,48), 0, 1
(95,49), 0, 1
(95,50), 0, 1
(95,51), 0, 1
(95,53), 0, 1
(95,55), 0, 1
(95,56), 0, 1
(95,57), 0, 1
(95,58), 0, 1
(95,59), 0, 1
(95,61), 0, 1
(95,62), 0, 1
(95,63), 0, 1
(95,64), 0, 1
(95,66), 0, 1
(95,68), 0, 1
(95,69), 0, 1
(95,70), 0, 1
(95,71), 0, 1
(95,72), 0, 1
(95,73), 0, 1
(95,74), 0, 1
(95,75), 0, 1
(95,76), 0, 1
(95,77), 0, 1
(95,78), 0, 1
(95,79), 0, 1
(95,80), 0, 1
(95,81), 0, 1
(95,82), 0, 1
(95,83), 0, 1
(95,84), 0, 1
(95,85), 0, 1
(95,86), 0, 1
(95,87), 0, 1
(95,88), 0, 1
(95,90), 0, 1
(95,91), 0, 1
(96,3), 0, 1
(96,5), 0, 1
(96,10), 0, 1
(96,12), 0, 1
(96,13), 0, 1
(96,15), 0, 1
(96,21), 0, 1
(96,24), 0, 1
(96,32), 0, 1
(96,49), 0, 1
(96,50), 0, 1
(96,78), 0, 1
(96,82), 0, 1
(97,1), 0, 1
(97,2), 0, 1
(97,3), 0, 1
(97,4), 0, 1
(97,5), 0, 1
(97,7), 0, 1
(97,8), 0, 1
(97,10), 0, 1
(97,11), 0, 1
(97,12), 0, 1
(97,13), 0, 1
(97,14), 0, 1
(97,15), 0, 1
(97,17), 0, 1
(97,18), 0, 1
(97,19), 0, 1
(97,21), 0, 1
(97,24), 0, 1
(97,26), 0, 1
(97,27), 0, 1
(97,28), 0, 1
(97,29), 0, 1
(97,30), 0, 1
(97,32), 0, 1
(97,33), 0, 1
(97,34), 0, 1
(97,35), 0, 1
(97,37), 0, 1
(97,38), 0, 1
(97,39), 0, 1
(97,41), 0, 1
(97,44), 0, 1
(97,46), 0, 1
(97,48), 0, 1
(97,49), 0, 1
(97,53), 0, 1
(97,57), 0, 1
(97,59), 0, 1
(97,61), 0, 1
(97,62), 0, 1
(97,63), 0, 1
(97,64), 0, 1
(97,66), 0, 1
(97,68), 0, 1
(97,69), 0, 1
(97,70), 0, 1
(97,71), 0, 1
(97,73), 0, 1
(97,74), 0, 1
(97,75), 0, 1
(97,76), 0, 1
(97,77), 0, 1
(97,78), 0, 1
(97,79), 0, 1
(97,81), 0, 1
(97,82), 0, 1
(97,83), 0, 1
(97,84), 0, 1
(97,85), 0, 1
(97,86), 0, 1
(97,87), 0, 1
(97,88), 0, 1
(97,89), 0, 1
(97,90), 0, 1
(97,91), 0, 1
(98,1), 0, 1
(98,2), 0, 1
(98,3), 0, 1
(98,4), 0, 1
(98,5), 0, 1
(98,7), 0, 1
(98,8), 0, 1
(98,10), 0, 1
(98,12), 0, 1
(98,13), 0, 1
(98,14), 0, 1
(98,15), 0, 1
(98,17), 0, 1
(98,18), 0, 1
(98,19), 0, 1
(98,21), 0, 1
(98,24), 0, 1
(98,26), 0, 1
(98,27), 0, 1
(98,28), 0, 1
(98,29), 0, 1
(98,33), 0, 1
(98,34), 0, 1
(98,35), 0, 1
(98,37), 0, 1
(98,39), 0, 1
(98,41), 0, 1
(98,44), 0, 1
(98,48), 0, 1
(98,49), 0, 1
(98,50), 0, 1
(98,51), 0, 1
(98,53), 0, 1
(98,55), 0, 1
(98,56), 0, 1
(98,57), 0, 1
(98,58), 0, 1
(98,59), 0, 1
(98,61), 0, 1
(98,62), 0, 1
(98,63), 0, 1
(98,64), 0, 1
(98,66), 0, 1
(98,67), 0, 1
(98,69), 0, 1
(98,70), 0, 1
(98,71), 0, 1
(98,72), 0, 1
(98,73), 0, 1
(98,74), 0, 1
(98,75), 0, 1
(98,76), 0, 1
(98,77), 0, 1
(98,78), 0, 1
(98,79), 0, 1
(98,80), 0, 1
(98,81), 0, 1
(98,82), 0, 1
(98,83), 0, 1
(98,84), 0, 1
(98,85), 0, 1
(98,86), 0, 1
(98,87), 0, 1
(98,90), 0, 1
(98,91), 0, 1
(99,3), 0, 1
(99,10), 0, 1
(99,12), 0, 1
(99,13), 0, 1
(99,15), 0, 1
(99,21), 0, 1
(99,24), 0, 1
(99,32), 0, 1
(99,49), 0, 1
(99,78), 0, 1
(99,82), 0, 1
