Nr_Pairs = 94
Nr_NDD = 6
Nr_Arcs = 1807
0	0.05
1	0.05
2	0.05
3	0.2875000000000001
4	0.9
5	0.9
6	0.9
7	0.05
8	0.05
9	0.05
10	0.2875000000000001
11	0.05
12	0.2875000000000001
13	0.05
14	0.05
15	0.925
16	0.05
17	0.05
18	0.2875000000000001
19	0.9
20	0.2875000000000001
21	0.05
22	0.1
23	0.05
24	0.2875000000000001
25	0.05
26	0.9
27	0.2875000000000001
28	0.9
29	0.05
30	0.2875000000000001
31	0.9
32	0.1
33	0.2875000000000001
34	0.9
35	0.05
36	0.05
37	0.9
38	0.05
39	0.05
40	0.2875000000000001
41	0.2875000000000001
42	0.2875000000000001
43	0.05
44	0.2875000000000001
45	0.05
46	0.9
47	0.32499999999999996
48	0.1
49	0.05
50	0.2875000000000001
51	0.05
52	0.9
53	0.9
54	0.2875000000000001
55	0.1
56	0.32499999999999996
57	0.05
58	0.1
59	0.1
60	0.05
61	0.9
62	0.05
63	0.05
64	0.1
65	0.9
66	0.1
67	0.9
68	0.05
69	0.1
70	0.05
71	0.05
72	0.1
73	0.9
74	0.1
75	0.9
76	0.05
77	0.05
78	0.2875000000000001
79	0.1
80	0.32499999999999996
81	0.1
82	0.05
83	0.2875000000000001
84	0.2875000000000001
85	0.2875000000000001
86	0.05
87	0.05
88	0.2875000000000001
89	0.2875000000000001
90	0.9
91	0.2875000000000001
92	0.05
93	0.1
94	0.0
95	0.0
96	0.0
97	0.0
98	0.0
99	0.0
(0,18), 0, 1
(0,29), 0, 1
(0,35), 0, 1
(0,50), 0, 1
(0,62), 0, 1
(0,63), 0, 1
(0,65), 0, 1
(0,74), 0, 1
(0,80), 0, 1
(2,38), 0, 1
(2,44), 0, 1
(2,64), 0, 1
(2,66), 0, 1
(3,17), 0, 1
(3,29), 0, 1
(3,35), 0, 1
(3,50), 0, 1
(3,62), 0, 1
(3,74), 0, 1
(4,38), 0, 1
(4,40), 0, 1
(4,64), 0, 1
(4,81), 0, 1
(5,0), 0, 1
(5,1), 0, 1
(5,3), 0, 1
(5,7), 0, 1
(5,8), 0, 1
(5,9), 0, 1
(5,10), 0, 1
(5,11), 0, 1
(5,13), 0, 1
(5,14), 0, 1
(5,16), 0, 1
(5,17), 0, 1
(5,18), 0, 1
(5,21), 0, 1
(5,22), 0, 1
(5,23), 0, 1
(5,24), 0, 1
(5,25), 0, 1
(5,28), 0, 1
(5,29), 0, 1
(5,30), 0, 1
(5,32), 0, 1
(5,33), 0, 1
(5,34), 0, 1
(5,35), 0, 1
(5,36), 0, 1
(5,37), 0, 1
(5,38), 0, 1
(5,39), 0, 1
(5,40), 0, 1
(5,41), 0, 1
(5,42), 0, 1
(5,43), 0, 1
(5,45), 0, 1
(5,47), 0, 1
(5,48), 0, 1
(5,49), 0, 1
(5,50), 0, 1
(5,51), 0, 1
(5,54), 0, 1
(5,55), 0, 1
(5,56), 0, 1
(5,57), 0, 1
(5,58), 0, 1
(5,59), 0, 1
(5,60), 0, 1
(5,62), 0, 1
(5,63), 0, 1
(5,67), 0, 1
(5,68), 0, 1
(5,69), 0, 1
(5,70), 0, 1
(5,71), 0, 1
(5,72), 0, 1
(5,74), 0, 1
(5,77), 0, 1
(5,78), 0, 1
(5,79), 0, 1
(5,81), 0, 1
(5,82), 0, 1
(5,84), 0, 1
(5,86), 0, 1
(5,87), 0, 1
(5,88), 0, 1
(5,91), 0, 1
(5,92), 0, 1
(5,93), 0, 1
(6,38), 0, 1
(6,40), 0, 1
(6,44), 0, 1
(6,64), 0, 1
(6,66), 0, 1
(6,81), 0, 1
(7,15), 0, 1
(7,17), 0, 1
(7,18), 0, 1
(7,29), 0, 1
(7,35), 0, 1
(7,62), 0, 1
(7,63), 0, 1
(7,74), 0, 1
(7,83), 0, 1
(7,90), 0, 1
(8,38), 0, 1
(8,40), 0, 1
(8,44), 0, 1
(8,66), 0, 1
(9,15), 0, 1
(9,17), 0, 1
(9,18), 0, 1
(9,29), 0, 1
(9,35), 0, 1
(9,50), 0, 1
(9,62), 0, 1
(9,63), 0, 1
(9,65), 0, 1
(9,74), 0, 1
(9,83), 0, 1
(9,90), 0, 1
(10,17), 0, 1
(10,19), 0, 1
(10,35), 0, 1
(10,62), 0, 1
(10,63), 0, 1
(10,74), 0, 1
(10,83), 0, 1
(11,17), 0, 1
(11,18), 0, 1
(11,29), 0, 1
(11,35), 0, 1
(11,50), 0, 1
(11,62), 0, 1
(11,63), 0, 1
(12,38), 0, 1
(12,40), 0, 1
(12,44), 0, 1
(12,64), 0, 1
(12,66), 0, 1
(12,81), 0, 1
(13,17), 0, 1
(13,18), 0, 1
(13,29), 0, 1
(13,35), 0, 1
(13,50), 0, 1
(13,63), 0, 1
(13,74), 0, 1
(13,83), 0, 1
(14,17), 0, 1
(14,18), 0, 1
(14,26), 0, 1
(14,29), 0, 1
(14,35), 0, 1
(14,50), 0, 1
(14,62), 0, 1
(14,63), 0, 1
(14,74), 0, 1
(14,80), 0, 1
(15,0), 0, 1
(15,1), 0, 1
(15,2), 0, 1
(15,3), 0, 1
(15,6), 0, 1
(15,7), 0, 1
(15,8), 0, 1
(15,9), 0, 1
(15,10), 0, 1
(15,11), 0, 1
(15,12), 0, 1
(15,13), 0, 1
(15,14), 0, 1
(15,16), 0, 1
(15,17), 0, 1
(15,18), 0, 1
(15,20), 0, 1
(15,21), 0, 1
(15,23), 0, 1
(15,24), 0, 1
(15,25), 0, 1
(15,29), 0, 1
(15,30), 0, 1
(15,32), 0, 1
(15,35), 0, 1
(15,36), 0, 1
(15,38), 0, 1
(15,39), 0, 1
(15,41), 0, 1
(15,42), 0, 1
(15,45), 0, 1
(15,47), 0, 1
(15,48), 0, 1
(15,49), 0, 1
(15,50), 0, 1
(15,51), 0, 1
(15,54), 0, 1
(15,55), 0, 1
(15,57), 0, 1
(15,58), 0, 1
(15,60), 0, 1
(15,62), 0, 1
(15,63), 0, 1
(15,64), 0, 1
(15,66), 0, 1
(15,67), 0, 1
(15,68), 0, 1
(15,69), 0, 1
(15,70), 0, 1
(15,71), 0, 1
(15,72), 0, 1
(15,74), 0, 1
(15,76), 0, 1
(15,77), 0, 1
(15,78), 0, 1
(15,79), 0, 1
(15,80), 0, 1
(15,81), 0, 1
(15,82), 0, 1
(15,83), 0, 1
(15,84), 0, 1
(15,85), 0, 1
(15,86), 0, 1
(15,87), 0, 1
(15,88), 0, 1
(15,89), 0, 1
(15,90), 0, 1
(15,91), 0, 1
(15,92), 0, 1
(15,93), 0, 1
(16,38), 0, 1
(16,44), 0, 1
(16,64), 0, 1
(16,66), 0, 1
(16,81), 0, 1
(17,38), 0, 1
(17,40), 0, 1
(17,64), 0, 1
(17,66), 0, 1
(17,81), 0, 1
(18,38), 0, 1
(18,40), 0, 1
(18,44), 0, 1
(18,64), 0, 1
(18,66), 0, 1
(18,81), 0, 1
(19,17), 0, 1
(19,29), 0, 1
(19,35), 0, 1
(19,62), 0, 1
(19,63), 0, 1
(19,74), 0, 1
(19,80), 0, 1
(19,83), 0, 1
(20,17), 0, 1
(20,18), 0, 1
(20,29), 0, 1
(20,35), 0, 1
(20,50), 0, 1
(20,62), 0, 1
(20,63), 0, 1
(20,74), 0, 1
(20,80), 0, 1
(20,83), 0, 1
(21,17), 0, 1
(21,18), 0, 1
(21,28), 0, 1
(21,29), 0, 1
(21,35), 0, 1
(21,62), 0, 1
(21,63), 0, 1
(21,74), 0, 1
(21,83), 0, 1
(21,90), 0, 1
(22,38), 0, 1
(22,40), 0, 1
(22,44), 0, 1
(22,64), 0, 1
(22,66), 0, 1
(22,81), 0, 1
(23,17), 0, 1
(23,29), 0, 1
(23,35), 0, 1
(23,50), 0, 1
(23,62), 0, 1
(23,63), 0, 1
(23,74), 0, 1
(23,80), 0, 1
(24,15), 0, 1
(24,17), 0, 1
(24,18), 0, 1
(24,29), 0, 1
(24,35), 0, 1
(24,62), 0, 1
(24,63), 0, 1
(24,74), 0, 1
(25,17), 0, 1
(25,18), 0, 1
(25,19), 0, 1
(25,29), 0, 1
(25,35), 0, 1
(25,62), 0, 1
(25,63), 0, 1
(25,74), 0, 1
(25,80), 0, 1
(25,90), 0, 1
(26,0), 0, 1
(26,1), 0, 1
(26,2), 0, 1
(26,3), 0, 1
(26,7), 0, 1
(26,8), 0, 1
(26,9), 0, 1
(26,10), 0, 1
(26,11), 0, 1
(26,12), 0, 1
(26,13), 0, 1
(26,14), 0, 1
(26,16), 0, 1
(26,17), 0, 1
(26,18), 0, 1
(26,20), 0, 1
(26,21), 0, 1
(26,22), 0, 1
(26,23), 0, 1
(26,24), 0, 1
(26,25), 0, 1
(26,29), 0, 1
(26,35), 0, 1
(26,36), 0, 1
(26,38), 0, 1
(26,39), 0, 1
(26,40), 0, 1
(26,41), 0, 1
(26,42), 0, 1
(26,43), 0, 1
(26,44), 0, 1
(26,45), 0, 1
(26,47), 0, 1
(26,48), 0, 1
(26,49), 0, 1
(26,51), 0, 1
(26,53), 0, 1
(26,54), 0, 1
(26,56), 0, 1
(26,57), 0, 1
(26,58), 0, 1
(26,59), 0, 1
(26,60), 0, 1
(26,62), 0, 1
(26,63), 0, 1
(26,64), 0, 1
(26,65), 0, 1
(26,66), 0, 1
(26,67), 0, 1
(26,68), 0, 1
(26,69), 0, 1
(26,70), 0, 1
(26,71), 0, 1
(26,72), 0, 1
(26,74), 0, 1
(26,76), 0, 1
(26,77), 0, 1
(26,78), 0, 1
(26,79), 0, 1
(26,80), 0, 1
(26,81), 0, 1
(26,82), 0, 1
(26,83), 0, 1
(26,85), 0, 1
(26,86), 0, 1
(26,87), 0, 1
(26,88), 0, 1
(26,89), 0, 1
(26,91), 0, 1
(26,92), 0, 1
(26,93), 0, 1
(27,17), 0, 1
(27,35), 0, 1
(27,62), 0, 1
(27,63), 0, 1
(27,74), 0, 1
(27,80), 0, 1
(27,83), 0, 1
(28,0), 0, 1
(28,1), 0, 1
(28,2), 0, 1
(28,7), 0, 1
(28,8), 0, 1
(28,9), 0, 1
(28,11), 0, 1
(28,12), 0, 1
(28,13), 0, 1
(28,14), 0, 1
(28,16), 0, 1
(28,17), 0, 1
(28,18), 0, 1
(28,21), 0, 1
(28,23), 0, 1
(28,25), 0, 1
(28,27), 0, 1
(28,29), 0, 1
(28,30), 0, 1
(28,32), 0, 1
(28,33), 0, 1
(28,35), 0, 1
(28,36), 0, 1
(28,38), 0, 1
(28,39), 0, 1
(28,40), 0, 1
(28,41), 0, 1
(28,42), 0, 1
(28,43), 0, 1
(28,44), 0, 1
(28,45), 0, 1
(28,49), 0, 1
(28,50), 0, 1
(28,51), 0, 1
(28,55), 0, 1
(28,56), 0, 1
(28,57), 0, 1
(28,58), 0, 1
(28,59), 0, 1
(28,60), 0, 1
(28,62), 0, 1
(28,63), 0, 1
(28,66), 0, 1
(28,68), 0, 1
(28,69), 0, 1
(28,70), 0, 1
(28,71), 0, 1
(28,72), 0, 1
(28,74), 0, 1
(28,76), 0, 1
(28,78), 0, 1
(28,79), 0, 1
(28,81), 0, 1
(28,82), 0, 1
(28,83), 0, 1
(28,85), 0, 1
(28,86), 0, 1
(28,87), 0, 1
(28,88), 0, 1
(28,89), 0, 1
(28,91), 0, 1
(28,92), 0, 1
(28,93), 0, 1
(29,38), 0, 1
(29,44), 0, 1
(29,64), 0, 1
(29,66), 0, 1
(29,81), 0, 1
(30,15), 0, 1
(30,17), 0, 1
(30,18), 0, 1
(30,29), 0, 1
(30,35), 0, 1
(30,62), 0, 1
(30,63), 0, 1
(30,74), 0, 1
(30,80), 0, 1
(30,83), 0, 1
(31,17), 0, 1
(31,18), 0, 1
(31,29), 0, 1
(31,35), 0, 1
(31,50), 0, 1
(31,62), 0, 1
(31,63), 0, 1
(31,74), 0, 1
(31,83), 0, 1
(32,38), 0, 1
(32,40), 0, 1
(32,44), 0, 1
(32,64), 0, 1
(32,66), 0, 1
(32,81), 0, 1
(33,38), 0, 1
(33,40), 0, 1
(33,44), 0, 1
(33,64), 0, 1
(33,66), 0, 1
(33,81), 0, 1
(34,1), 0, 1
(34,2), 0, 1
(34,3), 0, 1
(34,7), 0, 1
(34,9), 0, 1
(34,11), 0, 1
(34,12), 0, 1
(34,14), 0, 1
(34,16), 0, 1
(34,17), 0, 1
(34,18), 0, 1
(34,20), 0, 1
(34,21), 0, 1
(34,22), 0, 1
(34,23), 0, 1
(34,25), 0, 1
(34,27), 0, 1
(34,29), 0, 1
(34,30), 0, 1
(34,32), 0, 1
(34,33), 0, 1
(34,36), 0, 1
(34,38), 0, 1
(34,39), 0, 1
(34,41), 0, 1
(34,43), 0, 1
(34,44), 0, 1
(34,45), 0, 1
(34,47), 0, 1
(34,48), 0, 1
(34,49), 0, 1
(34,50), 0, 1
(34,51), 0, 1
(34,55), 0, 1
(34,57), 0, 1
(34,58), 0, 1
(34,59), 0, 1
(34,60), 0, 1
(34,62), 0, 1
(34,63), 0, 1
(34,64), 0, 1
(34,66), 0, 1
(34,68), 0, 1
(34,70), 0, 1
(34,71), 0, 1
(34,72), 0, 1
(34,74), 0, 1
(34,76), 0, 1
(34,77), 0, 1
(34,78), 0, 1
(34,79), 0, 1
(34,81), 0, 1
(34,82), 0, 1
(34,83), 0, 1
(34,85), 0, 1
(34,86), 0, 1
(34,87), 0, 1
(34,89), 0, 1
(34,90), 0, 1
(34,92), 0, 1
(34,93), 0, 1
(35,38), 0, 1
(35,40), 0, 1
(35,64), 0, 1
(35,66), 0, 1
(35,81), 0, 1
(36,4), 0, 1
(36,17), 0, 1
(36,18), 0, 1
(36,29), 0, 1
(36,35), 0, 1
(36,50), 0, 1
(36,62), 0, 1
(36,63), 0, 1
(36,74), 0, 1
(36,83), 0, 1
(37,17), 0, 1
(37,18), 0, 1
(37,28), 0, 1
(37,29), 0, 1
(37,35), 0, 1
(37,50), 0, 1
(37,62), 0, 1
(37,63), 0, 1
(37,74), 0, 1
(37,80), 0, 1
(37,83), 0, 1
(38,18), 0, 1
(38,29), 0, 1
(38,35), 0, 1
(38,50), 0, 1
(38,62), 0, 1
(38,74), 0, 1
(38,80), 0, 1
(38,83), 0, 1
(39,17), 0, 1
(39,18), 0, 1
(39,29), 0, 1
(39,35), 0, 1
(39,62), 0, 1
(39,63), 0, 1
(39,74), 0, 1
(39,80), 0, 1
(39,83), 0, 1
(40,0), 0, 1
(40,1), 0, 1
(40,2), 0, 1
(40,3), 0, 1
(40,5), 0, 1
(40,7), 0, 1
(40,8), 0, 1
(40,9), 0, 1
(40,10), 0, 1
(40,11), 0, 1
(40,12), 0, 1
(40,13), 0, 1
(40,14), 0, 1
(40,16), 0, 1
(40,17), 0, 1
(40,18), 0, 1
(40,20), 0, 1
(40,22), 0, 1
(40,25), 0, 1
(40,29), 0, 1
(40,32), 0, 1
(40,33), 0, 1
(40,35), 0, 1
(40,36), 0, 1
(40,38), 0, 1
(40,39), 0, 1
(40,41), 0, 1
(40,42), 0, 1
(40,43), 0, 1
(40,44), 0, 1
(40,45), 0, 1
(40,47), 0, 1
(40,48), 0, 1
(40,49), 0, 1
(40,50), 0, 1
(40,51), 0, 1
(40,54), 0, 1
(40,55), 0, 1
(40,56), 0, 1
(40,57), 0, 1
(40,59), 0, 1
(40,62), 0, 1
(40,63), 0, 1
(40,64), 0, 1
(40,66), 0, 1
(40,68), 0, 1
(40,69), 0, 1
(40,70), 0, 1
(40,71), 0, 1
(40,72), 0, 1
(40,74), 0, 1
(40,77), 0, 1
(40,78), 0, 1
(40,80), 0, 1
(40,81), 0, 1
(40,82), 0, 1
(40,83), 0, 1
(40,84), 0, 1
(40,85), 0, 1
(40,86), 0, 1
(40,87), 0, 1
(40,89), 0, 1
(40,91), 0, 1
(40,92), 0, 1
(40,93), 0, 1
(41,0), 0, 1
(41,1), 0, 1
(41,2), 0, 1
(41,7), 0, 1
(41,8), 0, 1
(41,9), 0, 1
(41,10), 0, 1
(41,11), 0, 1
(41,13), 0, 1
(41,14), 0, 1
(41,16), 0, 1
(41,17), 0, 1
(41,18), 0, 1
(41,20), 0, 1
(41,21), 0, 1
(41,22), 0, 1
(41,23), 0, 1
(41,25), 0, 1
(41,27), 0, 1
(41,29), 0, 1
(41,32), 0, 1
(41,33), 0, 1
(41,35), 0, 1
(41,36), 0, 1
(41,38), 0, 1
(41,39), 0, 1
(41,40), 0, 1
(41,42), 0, 1
(41,43), 0, 1
(41,44), 0, 1
(41,45), 0, 1
(41,47), 0, 1
(41,48), 0, 1
(41,49), 0, 1
(41,51), 0, 1
(41,55), 0, 1
(41,56), 0, 1
(41,57), 0, 1
(41,58), 0, 1
(41,59), 0, 1
(41,60), 0, 1
(41,62), 0, 1
(41,63), 0, 1
(41,64), 0, 1
(41,66), 0, 1
(41,68), 0, 1
(41,69), 0, 1
(41,70), 0, 1
(41,71), 0, 1
(41,72), 0, 1
(41,74), 0, 1
(41,76), 0, 1
(41,77), 0, 1
(41,78), 0, 1
(41,79), 0, 1
(41,81), 0, 1
(41,82), 0, 1
(41,83), 0, 1
(41,84), 0, 1
(41,85), 0, 1
(41,86), 0, 1
(41,87), 0, 1
(41,88), 0, 1
(41,91), 0, 1
(41,92), 0, 1
(43,38), 0, 1
(43,44), 0, 1
(43,64), 0, 1
(43,66), 0, 1
(43,81), 0, 1
(44,0), 0, 1
(44,1), 0, 1
(44,2), 0, 1
(44,3), 0, 1
(44,7), 0, 1
(44,8), 0, 1
(44,9), 0, 1
(44,11), 0, 1
(44,12), 0, 1
(44,13), 0, 1
(44,14), 0, 1
(44,16), 0, 1
(44,17), 0, 1
(44,18), 0, 1
(44,20), 0, 1
(44,21), 0, 1
(44,22), 0, 1
(44,23), 0, 1
(44,24), 0, 1
(44,25), 0, 1
(44,27), 0, 1
(44,29), 0, 1
(44,32), 0, 1
(44,33), 0, 1
(44,35), 0, 1
(44,36), 0, 1
(44,38), 0, 1
(44,39), 0, 1
(44,40), 0, 1
(44,41), 0, 1
(44,43), 0, 1
(44,45), 0, 1
(44,48), 0, 1
(44,49), 0, 1
(44,50), 0, 1
(44,51), 0, 1
(44,54), 0, 1
(44,55), 0, 1
(44,56), 0, 1
(44,57), 0, 1
(44,58), 0, 1
(44,59), 0, 1
(44,60), 0, 1
(44,62), 0, 1
(44,63), 0, 1
(44,64), 0, 1
(44,66), 0, 1
(44,68), 0, 1
(44,69), 0, 1
(44,70), 0, 1
(44,71), 0, 1
(44,72), 0, 1
(44,74), 0, 1
(44,76), 0, 1
(44,77), 0, 1
(44,78), 0, 1
(44,80), 0, 1
(44,81), 0, 1
(44,82), 0, 1
(44,84), 0, 1
(44,85), 0, 1
(44,86), 0, 1
(44,87), 0, 1
(44,88), 0, 1
(44,92), 0, 1
(44,93), 0, 1
(45,38), 0, 1
(45,40), 0, 1
(45,64), 0, 1
(45,66), 0, 1
(45,81), 0, 1
(47,17), 0, 1
(47,28), 0, 1
(47,29), 0, 1
(47,35), 0, 1
(47,50), 0, 1
(47,62), 0, 1
(47,63), 0, 1
(47,74), 0, 1
(47,83), 0, 1
(48,4), 0, 1
(48,15), 0, 1
(48,17), 0, 1
(48,29), 0, 1
(48,35), 0, 1
(48,50), 0, 1
(48,62), 0, 1
(48,63), 0, 1
(48,74), 0, 1
(48,80), 0, 1
(48,83), 0, 1
(49,17), 0, 1
(49,29), 0, 1
(49,35), 0, 1
(49,50), 0, 1
(49,62), 0, 1
(49,63), 0, 1
(49,74), 0, 1
(49,83), 0, 1
(50,0), 0, 1
(50,1), 0, 1
(50,2), 0, 1
(50,7), 0, 1
(50,8), 0, 1
(50,9), 0, 1
(50,10), 0, 1
(50,11), 0, 1
(50,13), 0, 1
(50,14), 0, 1
(50,16), 0, 1
(50,17), 0, 1
(50,18), 0, 1
(50,19), 0, 1
(50,20), 0, 1
(50,21), 0, 1
(50,22), 0, 1
(50,23), 0, 1
(50,25), 0, 1
(50,29), 0, 1
(50,30), 0, 1
(50,32), 0, 1
(50,33), 0, 1
(50,35), 0, 1
(50,36), 0, 1
(50,38), 0, 1
(50,39), 0, 1
(50,40), 0, 1
(50,41), 0, 1
(50,42), 0, 1
(50,43), 0, 1
(50,44), 0, 1
(50,45), 0, 1
(50,48), 0, 1
(50,49), 0, 1
(50,51), 0, 1
(50,55), 0, 1
(50,56), 0, 1
(50,57), 0, 1
(50,58), 0, 1
(50,59), 0, 1
(50,60), 0, 1
(50,62), 0, 1
(50,63), 0, 1
(50,66), 0, 1
(50,68), 0, 1
(50,69), 0, 1
(50,70), 0, 1
(50,71), 0, 1
(50,72), 0, 1
(50,74), 0, 1
(50,76), 0, 1
(50,77), 0, 1
(50,78), 0, 1
(50,79), 0, 1
(50,81), 0, 1
(50,82), 0, 1
(50,83), 0, 1
(50,85), 0, 1
(50,86), 0, 1
(50,87), 0, 1
(50,88), 0, 1
(50,91), 0, 1
(50,92), 0, 1
(50,93), 0, 1
(51,17), 0, 1
(51,29), 0, 1
(51,35), 0, 1
(51,50), 0, 1
(51,62), 0, 1
(51,63), 0, 1
(51,65), 0, 1
(51,74), 0, 1
(51,80), 0, 1
(51,83), 0, 1
(52,18), 0, 1
(52,19), 0, 1
(52,29), 0, 1
(52,62), 0, 1
(52,63), 0, 1
(52,74), 0, 1
(52,80), 0, 1
(52,83), 0, 1
(52,90), 0, 1
(53,0), 0, 1
(53,1), 0, 1
(53,2), 0, 1
(53,3), 0, 1
(53,5), 0, 1
(53,6), 0, 1
(53,7), 0, 1
(53,8), 0, 1
(53,9), 0, 1
(53,10), 0, 1
(53,11), 0, 1
(53,12), 0, 1
(53,13), 0, 1
(53,16), 0, 1
(53,17), 0, 1
(53,20), 0, 1
(53,21), 0, 1
(53,22), 0, 1
(53,23), 0, 1
(53,24), 0, 1
(53,25), 0, 1
(53,27), 0, 1
(53,29), 0, 1
(53,31), 0, 1
(53,32), 0, 1
(53,33), 0, 1
(53,35), 0, 1
(53,37), 0, 1
(53,38), 0, 1
(53,39), 0, 1
(53,40), 0, 1
(53,41), 0, 1
(53,42), 0, 1
(53,43), 0, 1
(53,44), 0, 1
(53,45), 0, 1
(53,47), 0, 1
(53,48), 0, 1
(53,49), 0, 1
(53,51), 0, 1
(53,54), 0, 1
(53,55), 0, 1
(53,56), 0, 1
(53,57), 0, 1
(53,58), 0, 1
(53,59), 0, 1
(53,60), 0, 1
(53,61), 0, 1
(53,62), 0, 1
(53,63), 0, 1
(53,64), 0, 1
(53,68), 0, 1
(53,69), 0, 1
(53,70), 0, 1
(53,71), 0, 1
(53,72), 0, 1
(53,74), 0, 1
(53,76), 0, 1
(53,77), 0, 1
(53,78), 0, 1
(53,79), 0, 1
(53,80), 0, 1
(53,82), 0, 1
(53,83), 0, 1
(53,86), 0, 1
(53,87), 0, 1
(53,88), 0, 1
(53,89), 0, 1
(53,91), 0, 1
(53,92), 0, 1
(53,93), 0, 1
(54,17), 0, 1
(54,18), 0, 1
(54,29), 0, 1
(54,35), 0, 1
(54,50), 0, 1
(54,62), 0, 1
(54,63), 0, 1
(54,74), 0, 1
(55,15), 0, 1
(55,17), 0, 1
(55,28), 0, 1
(55,29), 0, 1
(55,35), 0, 1
(55,50), 0, 1
(55,62), 0, 1
(55,63), 0, 1
(55,74), 0, 1
(55,80), 0, 1
(55,83), 0, 1
(56,4), 0, 1
(56,17), 0, 1
(56,18), 0, 1
(56,29), 0, 1
(56,62), 0, 1
(56,63), 0, 1
(56,74), 0, 1
(56,83), 0, 1
(57,15), 0, 1
(57,17), 0, 1
(57,18), 0, 1
(57,29), 0, 1
(57,35), 0, 1
(57,50), 0, 1
(57,62), 0, 1
(57,63), 0, 1
(57,74), 0, 1
(57,83), 0, 1
(58,38), 0, 1
(58,40), 0, 1
(58,64), 0, 1
(58,66), 0, 1
(58,81), 0, 1
(59,38), 0, 1
(59,44), 0, 1
(59,64), 0, 1
(59,66), 0, 1
(59,81), 0, 1
(60,17), 0, 1
(60,18), 0, 1
(60,29), 0, 1
(60,35), 0, 1
(60,50), 0, 1
(60,62), 0, 1
(60,63), 0, 1
(60,74), 0, 1
(60,80), 0, 1
(61,38), 0, 1
(61,40), 0, 1
(61,44), 0, 1
(61,64), 0, 1
(61,66), 0, 1
(61,81), 0, 1
(62,38), 0, 1
(62,40), 0, 1
(62,44), 0, 1
(62,64), 0, 1
(62,66), 0, 1
(62,81), 0, 1
(63,38), 0, 1
(63,40), 0, 1
(63,44), 0, 1
(63,64), 0, 1
(63,66), 0, 1
(63,81), 0, 1
(64,15), 0, 1
(64,17), 0, 1
(64,18), 0, 1
(64,26), 0, 1
(64,29), 0, 1
(64,35), 0, 1
(64,62), 0, 1
(64,63), 0, 1
(64,74), 0, 1
(64,80), 0, 1
(65,38), 0, 1
(65,44), 0, 1
(65,66), 0, 1
(65,81), 0, 1
(66,29), 0, 1
(66,35), 0, 1
(66,62), 0, 1
(66,63), 0, 1
(66,83), 0, 1
(66,90), 0, 1
(67,17), 0, 1
(67,29), 0, 1
(67,35), 0, 1
(67,50), 0, 1
(67,62), 0, 1
(67,63), 0, 1
(67,65), 0, 1
(67,74), 0, 1
(67,80), 0, 1
(67,83), 0, 1
(68,1), 0, 1
(68,2), 0, 1
(68,3), 0, 1
(68,7), 0, 1
(68,8), 0, 1
(68,9), 0, 1
(68,10), 0, 1
(68,11), 0, 1
(68,12), 0, 1
(68,13), 0, 1
(68,14), 0, 1
(68,16), 0, 1
(68,18), 0, 1
(68,20), 0, 1
(68,21), 0, 1
(68,22), 0, 1
(68,23), 0, 1
(68,24), 0, 1
(68,25), 0, 1
(68,27), 0, 1
(68,29), 0, 1
(68,30), 0, 1
(68,32), 0, 1
(68,33), 0, 1
(68,35), 0, 1
(68,36), 0, 1
(68,38), 0, 1
(68,39), 0, 1
(68,42), 0, 1
(68,43), 0, 1
(68,44), 0, 1
(68,45), 0, 1
(68,47), 0, 1
(68,48), 0, 1
(68,49), 0, 1
(68,51), 0, 1
(68,52), 0, 1
(68,54), 0, 1
(68,55), 0, 1
(68,57), 0, 1
(68,58), 0, 1
(68,59), 0, 1
(68,60), 0, 1
(68,61), 0, 1
(68,62), 0, 1
(68,63), 0, 1
(68,64), 0, 1
(68,66), 0, 1
(68,69), 0, 1
(68,70), 0, 1
(68,71), 0, 1
(68,72), 0, 1
(68,74), 0, 1
(68,76), 0, 1
(68,77), 0, 1
(68,80), 0, 1
(68,81), 0, 1
(68,82), 0, 1
(68,83), 0, 1
(68,84), 0, 1
(68,85), 0, 1
(68,86), 0, 1
(68,87), 0, 1
(68,88), 0, 1
(68,92), 0, 1
(68,93), 0, 1
(69,17), 0, 1
(69,18), 0, 1
(69,19), 0, 1
(69,29), 0, 1
(69,35), 0, 1
(69,50), 0, 1
(69,62), 0, 1
(69,63), 0, 1
(69,74), 0, 1
(69,83), 0, 1
(70,17), 0, 1
(70,18), 0, 1
(70,29), 0, 1
(70,35), 0, 1
(70,50), 0, 1
(70,62), 0, 1
(70,63), 0, 1
(70,74), 0, 1
(70,80), 0, 1
(70,83), 0, 1
(71,17), 0, 1
(71,28), 0, 1
(71,29), 0, 1
(71,35), 0, 1
(71,62), 0, 1
(71,63), 0, 1
(71,65), 0, 1
(71,74), 0, 1
(71,80), 0, 1
(71,83), 0, 1
(72,40), 0, 1
(72,64), 0, 1
(72,66), 0, 1
(72,81), 0, 1
(73,0), 0, 1
(73,1), 0, 1
(73,2), 0, 1
(73,3), 0, 1
(73,5), 0, 1
(73,7), 0, 1
(73,8), 0, 1
(73,10), 0, 1
(73,11), 0, 1
(73,12), 0, 1
(73,13), 0, 1
(73,14), 0, 1
(73,16), 0, 1
(73,17), 0, 1
(73,18), 0, 1
(73,20), 0, 1
(73,21), 0, 1
(73,22), 0, 1
(73,23), 0, 1
(73,24), 0, 1
(73,25), 0, 1
(73,27), 0, 1
(73,29), 0, 1
(73,32), 0, 1
(73,35), 0, 1
(73,36), 0, 1
(73,38), 0, 1
(73,39), 0, 1
(73,40), 0, 1
(73,41), 0, 1
(73,43), 0, 1
(73,44), 0, 1
(73,45), 0, 1
(73,49), 0, 1
(73,50), 0, 1
(73,51), 0, 1
(73,53), 0, 1
(73,54), 0, 1
(73,55), 0, 1
(73,56), 0, 1
(73,57), 0, 1
(73,58), 0, 1
(73,59), 0, 1
(73,60), 0, 1
(73,62), 0, 1
(73,63), 0, 1
(73,64), 0, 1
(73,66), 0, 1
(73,67), 0, 1
(73,68), 0, 1
(73,69), 0, 1
(73,71), 0, 1
(73,72), 0, 1
(73,74), 0, 1
(73,77), 0, 1
(73,79), 0, 1
(73,80), 0, 1
(73,81), 0, 1
(73,82), 0, 1
(73,83), 0, 1
(73,84), 0, 1
(73,85), 0, 1
(73,86), 0, 1
(73,87), 0, 1
(73,88), 0, 1
(73,89), 0, 1
(73,91), 0, 1
(73,92), 0, 1
(74,38), 0, 1
(74,40), 0, 1
(74,44), 0, 1
(74,64), 0, 1
(74,66), 0, 1
(74,81), 0, 1
(75,0), 0, 1
(75,1), 0, 1
(75,2), 0, 1
(75,3), 0, 1
(75,8), 0, 1
(75,9), 0, 1
(75,10), 0, 1
(75,11), 0, 1
(75,12), 0, 1
(75,13), 0, 1
(75,14), 0, 1
(75,16), 0, 1
(75,17), 0, 1
(75,18), 0, 1
(75,21), 0, 1
(75,22), 0, 1
(75,23), 0, 1
(75,25), 0, 1
(75,27), 0, 1
(75,29), 0, 1
(75,30), 0, 1
(75,32), 0, 1
(75,33), 0, 1
(75,35), 0, 1
(75,36), 0, 1
(75,37), 0, 1
(75,38), 0, 1
(75,39), 0, 1
(75,40), 0, 1
(75,41), 0, 1
(75,42), 0, 1
(75,43), 0, 1
(75,44), 0, 1
(75,45), 0, 1
(75,47), 0, 1
(75,48), 0, 1
(75,49), 0, 1
(75,51), 0, 1
(75,53), 0, 1
(75,54), 0, 1
(75,55), 0, 1
(75,56), 0, 1
(75,57), 0, 1
(75,58), 0, 1
(75,59), 0, 1
(75,60), 0, 1
(75,62), 0, 1
(75,63), 0, 1
(75,64), 0, 1
(75,66), 0, 1
(75,68), 0, 1
(75,69), 0, 1
(75,70), 0, 1
(75,71), 0, 1
(75,72), 0, 1
(75,74), 0, 1
(75,76), 0, 1
(75,77), 0, 1
(75,78), 0, 1
(75,79), 0, 1
(75,80), 0, 1
(75,81), 0, 1
(75,82), 0, 1
(75,83), 0, 1
(75,86), 0, 1
(75,87), 0, 1
(75,88), 0, 1
(75,89), 0, 1
(75,91), 0, 1
(75,92), 0, 1
(75,93), 0, 1
(76,17), 0, 1
(76,18), 0, 1
(76,29), 0, 1
(76,35), 0, 1
(76,62), 0, 1
(76,63), 0, 1
(76,74), 0, 1
(76,80), 0, 1
(76,83), 0, 1
(77,38), 0, 1
(77,40), 0, 1
(77,44), 0, 1
(77,64), 0, 1
(77,66), 0, 1
(77,81), 0, 1
(78,17), 0, 1
(78,18), 0, 1
(78,19), 0, 1
(78,29), 0, 1
(78,35), 0, 1
(78,62), 0, 1
(78,63), 0, 1
(78,74), 0, 1
(78,80), 0, 1
(79,17), 0, 1
(79,18), 0, 1
(79,19), 0, 1
(79,29), 0, 1
(79,35), 0, 1
(79,50), 0, 1
(79,62), 0, 1
(79,63), 0, 1
(79,74), 0, 1
(79,83), 0, 1
(80,0), 0, 1
(80,1), 0, 1
(80,2), 0, 1
(80,3), 0, 1
(80,7), 0, 1
(80,8), 0, 1
(80,11), 0, 1
(80,12), 0, 1
(80,13), 0, 1
(80,14), 0, 1
(80,15), 0, 1
(80,16), 0, 1
(80,17), 0, 1
(80,18), 0, 1
(80,20), 0, 1
(80,21), 0, 1
(80,22), 0, 1
(80,23), 0, 1
(80,25), 0, 1
(80,27), 0, 1
(80,29), 0, 1
(80,30), 0, 1
(80,35), 0, 1
(80,36), 0, 1
(80,38), 0, 1
(80,39), 0, 1
(80,40), 0, 1
(80,41), 0, 1
(80,43), 0, 1
(80,45), 0, 1
(80,47), 0, 1
(80,48), 0, 1
(80,49), 0, 1
(80,50), 0, 1
(80,51), 0, 1
(80,54), 0, 1
(80,55), 0, 1
(80,56), 0, 1
(80,57), 0, 1
(80,58), 0, 1
(80,59), 0, 1
(80,60), 0, 1
(80,62), 0, 1
(80,63), 0, 1
(80,64), 0, 1
(80,66), 0, 1
(80,68), 0, 1
(80,69), 0, 1
(80,70), 0, 1
(80,71), 0, 1
(80,72), 0, 1
(80,74), 0, 1
(80,76), 0, 1
(80,77), 0, 1
(80,79), 0, 1
(80,81), 0, 1
(80,82), 0, 1
(80,83), 0, 1
(80,84), 0, 1
(80,86), 0, 1
(80,87), 0, 1
(80,88), 0, 1
(80,89), 0, 1
(80,91), 0, 1
(80,92), 0, 1
(80,93), 0, 1
(81,17), 0, 1
(81,19), 0, 1
(81,26), 0, 1
(81,29), 0, 1
(81,35), 0, 1
(81,63), 0, 1
(81,74), 0, 1
(81,83), 0, 1
(82,4), 0, 1
(82,17), 0, 1
(82,18), 0, 1
(82,29), 0, 1
(82,35), 0, 1
(82,50), 0, 1
(82,62), 0, 1
(82,63), 0, 1
(82,74), 0, 1
(83,38), 0, 1
(83,44), 0, 1
(83,64), 0, 1
(83,66), 0, 1
(83,81), 0, 1
(84,0), 0, 1
(84,1), 0, 1
(84,2), 0, 1
(84,7), 0, 1
(84,8), 0, 1
(84,9), 0, 1
(84,10), 0, 1
(84,11), 0, 1
(84,13), 0, 1
(84,14), 0, 1
(84,16), 0, 1
(84,18), 0, 1
(84,20), 0, 1
(84,21), 0, 1
(84,22), 0, 1
(84,23), 0, 1
(84,24), 0, 1
(84,25), 0, 1
(84,27), 0, 1
(84,29), 0, 1
(84,30), 0, 1
(84,32), 0, 1
(84,33), 0, 1
(84,36), 0, 1
(84,37), 0, 1
(84,38), 0, 1
(84,39), 0, 1
(84,40), 0, 1
(84,41), 0, 1
(84,43), 0, 1
(84,45), 0, 1
(84,47), 0, 1
(84,49), 0, 1
(84,50), 0, 1
(84,51), 0, 1
(84,54), 0, 1
(84,55), 0, 1
(84,57), 0, 1
(84,58), 0, 1
(84,59), 0, 1
(84,60), 0, 1
(84,62), 0, 1
(84,63), 0, 1
(84,64), 0, 1
(84,66), 0, 1
(84,69), 0, 1
(84,70), 0, 1
(84,71), 0, 1
(84,72), 0, 1
(84,74), 0, 1
(84,76), 0, 1
(84,77), 0, 1
(84,78), 0, 1
(84,79), 0, 1
(84,81), 0, 1
(84,82), 0, 1
(84,83), 0, 1
(84,85), 0, 1
(84,86), 0, 1
(84,87), 0, 1
(84,88), 0, 1
(84,89), 0, 1
(84,92), 0, 1
(84,93), 0, 1
(85,17), 0, 1
(85,18), 0, 1
(85,29), 0, 1
(85,35), 0, 1
(85,50), 0, 1
(85,62), 0, 1
(85,63), 0, 1
(85,65), 0, 1
(85,74), 0, 1
(85,83), 0, 1
(86,38), 0, 1
(86,44), 0, 1
(86,64), 0, 1
(86,81), 0, 1
(87,17), 0, 1
(87,18), 0, 1
(87,29), 0, 1
(87,35), 0, 1
(87,50), 0, 1
(87,62), 0, 1
(87,74), 0, 1
(87,80), 0, 1
(87,83), 0, 1
(87,90), 0, 1
(88,0), 0, 1
(88,1), 0, 1
(88,2), 0, 1
(88,3), 0, 1
(88,7), 0, 1
(88,8), 0, 1
(88,9), 0, 1
(88,10), 0, 1
(88,11), 0, 1
(88,12), 0, 1
(88,13), 0, 1
(88,16), 0, 1
(88,17), 0, 1
(88,20), 0, 1
(88,21), 0, 1
(88,23), 0, 1
(88,24), 0, 1
(88,25), 0, 1
(88,27), 0, 1
(88,28), 0, 1
(88,29), 0, 1
(88,30), 0, 1
(88,32), 0, 1
(88,33), 0, 1
(88,35), 0, 1
(88,36), 0, 1
(88,38), 0, 1
(88,39), 0, 1
(88,40), 0, 1
(88,41), 0, 1
(88,43), 0, 1
(88,44), 0, 1
(88,45), 0, 1
(88,47), 0, 1
(88,48), 0, 1
(88,49), 0, 1
(88,50), 0, 1
(88,51), 0, 1
(88,54), 0, 1
(88,55), 0, 1
(88,57), 0, 1
(88,58), 0, 1
(88,59), 0, 1
(88,60), 0, 1
(88,62), 0, 1
(88,63), 0, 1
(88,64), 0, 1
(88,66), 0, 1
(88,68), 0, 1
(88,69), 0, 1
(88,70), 0, 1
(88,71), 0, 1
(88,72), 0, 1
(88,74), 0, 1
(88,76), 0, 1
(88,77), 0, 1
(88,78), 0, 1
(88,79), 0, 1
(88,80), 0, 1
(88,81), 0, 1
(88,82), 0, 1
(88,86), 0, 1
(88,87), 0, 1
(88,89), 0, 1
(88,90), 0, 1
(88,91), 0, 1
(88,92), 0, 1
(88,93), 0, 1
(89,38), 0, 1
(89,44), 0, 1
(89,64), 0, 1
(89,81), 0, 1
(90,17), 0, 1
(90,29), 0, 1
(90,35), 0, 1
(90,50), 0, 1
(90,62), 0, 1
(90,63), 0, 1
(90,74), 0, 1
(90,80), 0, 1
(90,83), 0, 1
(91,17), 0, 1
(91,18), 0, 1
(91,29), 0, 1
(91,35), 0, 1
(91,50), 0, 1
(91,62), 0, 1
(91,63), 0, 1
(91,65), 0, 1
(91,74), 0, 1
(91,80), 0, 1
(92,38), 0, 1
(92,44), 0, 1
(92,64), 0, 1
(92,66), 0, 1
(92,81), 0, 1
(93,17), 0, 1
(93,18), 0, 1
(93,28), 0, 1
(93,29), 0, 1
(93,35), 0, 1
(93,62), 0, 1
(93,74), 0, 1
(93,80), 0, 1
(94,1), 0, 1
(94,2), 0, 1
(94,7), 0, 1
(94,8), 0, 1
(94,9), 0, 1
(94,11), 0, 1
(94,12), 0, 1
(94,13), 0, 1
(94,14), 0, 1
(94,16), 0, 1
(94,17), 0, 1
(94,20), 0, 1
(94,22), 0, 1
(94,23), 0, 1
(94,25), 0, 1
(94,27), 0, 1
(94,28), 0, 1
(94,29), 0, 1
(94,30), 0, 1
(94,32), 0, 1
(94,33), 0, 1
(94,35), 0, 1
(94,36), 0, 1
(94,38), 0, 1
(94,39), 0, 1
(94,40), 0, 1
(94,41), 0, 1
(94,43), 0, 1
(94,44), 0, 1
(94,45), 0, 1
(94,48), 0, 1
(94,50), 0, 1
(94,51), 0, 1
(94,54), 0, 1
(94,55), 0, 1
(94,56), 0, 1
(94,57), 0, 1
(94,58), 0, 1
(94,59), 0, 1
(94,60), 0, 1
(94,63), 0, 1
(94,64), 0, 1
(94,68), 0, 1
(94,69), 0, 1
(94,70), 0, 1
(94,71), 0, 1
(94,72), 0, 1
(94,73), 0, 1
(94,74), 0, 1
(94,76), 0, 1
(94,77), 0, 1
(94,79), 0, 1
(94,80), 0, 1
(94,81), 0, 1
(94,82), 0, 1
(94,83), 0, 1
(94,84), 0, 1
(94,85), 0, 1
(94,86), 0, 1
(94,87), 0, 1
(94,88), 0, 1
(94,89), 0, 1
(94,91), 0, 1
(94,92), 0, 1
(94,93), 0, 1
(95,4), 0, 1
(95,17), 0, 1
(95,18), 0, 1
(95,29), 0, 1
(95,50), 0, 1
(95,62), 0, 1
(95,63), 0, 1
(95,74), 0, 1
(95,83), 0, 1
(96,17), 0, 1
(96,18), 0, 1
(96,29), 0, 1
(96,50), 0, 1
(96,62), 0, 1
(96,63), 0, 1
(96,83), 0, 1
(97,4), 0, 1
(97,17), 0, 1
(97,18), 0, 1
(97,19), 0, 1
(97,29), 0, 1
(97,35), 0, 1
(97,50), 0, 1
(97,62), 0, 1
(97,63), 0, 1
(97,80), 0, 1
(97,83), 0, 1
(98,0), 0, 1
(98,1), 0, 1
(98,2), 0, 1
(98,7), 0, 1
(98,8), 0, 1
(98,9), 0, 1
(98,10), 0, 1
(98,11), 0, 1
(98,13), 0, 1
(98,14), 0, 1
(98,16), 0, 1
(98,17), 0, 1
(98,18), 0, 1
(98,20), 0, 1
(98,21), 0, 1
(98,22), 0, 1
(98,23), 0, 1
(98,24), 0, 1
(98,25), 0, 1
(98,27), 0, 1
(98,29), 0, 1
(98,32), 0, 1
(98,33), 0, 1
(98,35), 0, 1
(98,36), 0, 1
(98,38), 0, 1
(98,39), 0, 1
(98,40), 0, 1
(98,41), 0, 1
(98,43), 0, 1
(98,44), 0, 1
(98,47), 0, 1
(98,48), 0, 1
(98,49), 0, 1
(98,50), 0, 1
(98,51), 0, 1
(98,54), 0, 1
(98,55), 0, 1
(98,56), 0, 1
(98,57), 0, 1
(98,59), 0, 1
(98,60), 0, 1
(98,62), 0, 1
(98,63), 0, 1
(98,64), 0, 1
(98,66), 0, 1
(98,68), 0, 1
(98,69), 0, 1
(98,70), 0, 1
(98,71), 0, 1
(98,72), 0, 1
(98,74), 0, 1
(98,76), 0, 1
(98,77), 0, 1
(98,78), 0, 1
(98,79), 0, 1
(98,81), 0, 1
(98,82), 0, 1
(98,83), 0, 1
(98,84), 0, 1
(98,85), 0, 1
(98,86), 0, 1
(98,87), 0, 1
(98,88), 0, 1
(98,89), 0, 1
(98,92), 0, 1
(98,93), 0, 1
(99,17), 0, 1
(99,18), 0, 1
(99,29), 0, 1
(99,35), 0, 1
(99,50), 0, 1
(99,62), 0, 1
(99,63), 0, 1
(99,74), 0, 1
(99,83), 0, 1
