Nr_Pairs = 94
Nr_NDD = 6
Nr_Arcs = 1868
0	0.05
1	0.05
2	0.05
3	0.9
4	0.05
5	0.1
6	0.2875000000000001
7	0.9
8	0.9
9	0.925
10	0.1
11	0.2875000000000001
12	0.1
13	0.05
14	0.925
15	0.05
16	0.9
17	0.1
18	0.32499999999999996
19	0.2875000000000001
20	0.2875000000000001
21	0.1
22	0.05
23	0.05
24	0.05
25	0.2875000000000001
26	0.05
27	0.2875000000000001
28	0.9
29	0.05
30	0.925
31	0.05
32	0.9
33	0.05
34	0.05
35	0.05
36	0.05
37	0.05
38	0.05
39	0.1
40	0.05
41	0.05
42	0.05
43	0.1
44	0.05
45	0.05
46	0.2875000000000001
47	0.1
48	0.1
49	0.9
50	0.1
51	0.05
52	0.05
53	0.05
54	0.05
55	0.05
56	0.2875000000000001
57	0.05
58	0.05
59	0.1
60	0.2875000000000001
61	0.2875000000000001
62	0.05
63	0.05
64	0.05
65	0.05
66	0.2875000000000001
67	0.2875000000000001
68	0.2875000000000001
69	0.1
70	0.05
71	0.1
72	0.05
73	0.925
74	0.05
75	0.05
76	0.9
77	0.2875000000000001
78	0.2875000000000001
79	0.32499999999999996
80	0.925
81	0.05
82	0.1
83	0.1
84	0.05
85	0.9
86	0.05
87	0.1
88	0.1
89	0.05
90	0.05
91	0.05
92	0.2875000000000001
93	0.05
94	0.0
95	0.0
96	0.0
97	0.0
98	0.0
99	0.0
(0,2), 0, 1
(0,34), 0, 1
(0,43), 0, 1
(0,56), 0, 1
(0,61), 0, 1
(0,63), 0, 1
(0,83), 0, 1
(0,88), 0, 1
(0,90), 0, 1
(0,92), 0, 1
(1,2), 0, 1
(1,34), 0, 1
(1,56), 0, 1
(1,63), 0, 1
(1,77), 0, 1
(1,83), 0, 1
(1,88), 0, 1
(1,90), 0, 1
(2,27), 0, 1
(2,40), 0, 1
(2,51), 0, 1
(2,69), 0, 1
(2,70), 0, 1
(2,86), 0, 1
(2,89), 0, 1
(3,2), 0, 1
(3,34), 0, 1
(3,43), 0, 1
(3,61), 0, 1
(3,63), 0, 1
(3,77), 0, 1
(3,83), 0, 1
(3,88), 0, 1
(3,90), 0, 1
(3,92), 0, 1
(7,27), 0, 1
(7,40), 0, 1
(7,51), 0, 1
(7,67), 0, 1
(7,69), 0, 1
(7,70), 0, 1
(7,86), 0, 1
(7,89), 0, 1
(8,2), 0, 1
(8,34), 0, 1
(8,43), 0, 1
(8,49), 0, 1
(8,56), 0, 1
(8,63), 0, 1
(8,77), 0, 1
(8,83), 0, 1
(8,88), 0, 1
(8,90), 0, 1
(9,0), 0, 1
(9,1), 0, 1
(9,2), 0, 1
(9,3), 0, 1
(9,4), 0, 1
(9,5), 0, 1
(9,10), 0, 1
(9,11), 0, 1
(9,12), 0, 1
(9,13), 0, 1
(9,15), 0, 1
(9,17), 0, 1
(9,19), 0, 1
(9,20), 0, 1
(9,21), 0, 1
(9,22), 0, 1
(9,23), 0, 1
(9,24), 0, 1
(9,25), 0, 1
(9,26), 0, 1
(9,27), 0, 1
(9,29), 0, 1
(9,31), 0, 1
(9,32), 0, 1
(9,33), 0, 1
(9,34), 0, 1
(9,35), 0, 1
(9,36), 0, 1
(9,37), 0, 1
(9,38), 0, 1
(9,39), 0, 1
(9,40), 0, 1
(9,41), 0, 1
(9,42), 0, 1
(9,43), 0, 1
(9,44), 0, 1
(9,45), 0, 1
(9,46), 0, 1
(9,47), 0, 1
(9,48), 0, 1
(9,50), 0, 1
(9,51), 0, 1
(9,52), 0, 1
(9,53), 0, 1
(9,54), 0, 1
(9,55), 0, 1
(9,56), 0, 1
(9,57), 0, 1
(9,58), 0, 1
(9,59), 0, 1
(9,61), 0, 1
(9,62), 0, 1
(9,63), 0, 1
(9,64), 0, 1
(9,65), 0, 1
(9,66), 0, 1
(9,68), 0, 1
(9,69), 0, 1
(9,70), 0, 1
(9,71), 0, 1
(9,74), 0, 1
(9,75), 0, 1
(9,78), 0, 1
(9,79), 0, 1
(9,81), 0, 1
(9,82), 0, 1
(9,83), 0, 1
(9,84), 0, 1
(9,85), 0, 1
(9,86), 0, 1
(9,87), 0, 1
(9,88), 0, 1
(9,89), 0, 1
(9,90), 0, 1
(9,91), 0, 1
(9,92), 0, 1
(9,93), 0, 1
(10,2), 0, 1
(10,34), 0, 1
(10,43), 0, 1
(10,56), 0, 1
(10,61), 0, 1
(10,63), 0, 1
(10,77), 0, 1
(10,83), 0, 1
(10,88), 0, 1
(10,90), 0, 1
(10,92), 0, 1
(11,27), 0, 1
(11,40), 0, 1
(11,51), 0, 1
(11,67), 0, 1
(11,69), 0, 1
(11,70), 0, 1
(11,78), 0, 1
(11,86), 0, 1
(11,89), 0, 1
(12,2), 0, 1
(12,34), 0, 1
(12,43), 0, 1
(12,56), 0, 1
(12,61), 0, 1
(12,63), 0, 1
(12,77), 0, 1
(12,83), 0, 1
(12,88), 0, 1
(12,90), 0, 1
(12,92), 0, 1
(13,40), 0, 1
(13,51), 0, 1
(13,67), 0, 1
(13,69), 0, 1
(13,70), 0, 1
(13,86), 0, 1
(13,89), 0, 1
(14,0), 0, 1
(14,1), 0, 1
(14,2), 0, 1
(14,4), 0, 1
(14,6), 0, 1
(14,10), 0, 1
(14,11), 0, 1
(14,12), 0, 1
(14,13), 0, 1
(14,15), 0, 1
(14,17), 0, 1
(14,18), 0, 1
(14,19), 0, 1
(14,20), 0, 1
(14,21), 0, 1
(14,22), 0, 1
(14,23), 0, 1
(14,25), 0, 1
(14,26), 0, 1
(14,29), 0, 1
(14,31), 0, 1
(14,33), 0, 1
(14,34), 0, 1
(14,35), 0, 1
(14,36), 0, 1
(14,37), 0, 1
(14,38), 0, 1
(14,39), 0, 1
(14,40), 0, 1
(14,42), 0, 1
(14,43), 0, 1
(14,44), 0, 1
(14,45), 0, 1
(14,47), 0, 1
(14,48), 0, 1
(14,50), 0, 1
(14,51), 0, 1
(14,52), 0, 1
(14,53), 0, 1
(14,54), 0, 1
(14,56), 0, 1
(14,57), 0, 1
(14,58), 0, 1
(14,59), 0, 1
(14,60), 0, 1
(14,61), 0, 1
(14,62), 0, 1
(14,63), 0, 1
(14,64), 0, 1
(14,65), 0, 1
(14,66), 0, 1
(14,67), 0, 1
(14,68), 0, 1
(14,69), 0, 1
(14,71), 0, 1
(14,72), 0, 1
(14,74), 0, 1
(14,75), 0, 1
(14,77), 0, 1
(14,79), 0, 1
(14,81), 0, 1
(14,82), 0, 1
(14,83), 0, 1
(14,84), 0, 1
(14,86), 0, 1
(14,88), 0, 1
(14,90), 0, 1
(14,91), 0, 1
(14,92), 0, 1
(14,93), 0, 1
(15,27), 0, 1
(15,40), 0, 1
(15,51), 0, 1
(15,69), 0, 1
(15,70), 0, 1
(15,78), 0, 1
(15,86), 0, 1
(15,89), 0, 1
(16,27), 0, 1
(16,40), 0, 1
(16,51), 0, 1
(16,69), 0, 1
(16,70), 0, 1
(16,78), 0, 1
(16,86), 0, 1
(16,89), 0, 1
(17,2), 0, 1
(17,34), 0, 1
(17,43), 0, 1
(17,56), 0, 1
(17,63), 0, 1
(17,77), 0, 1
(17,83), 0, 1
(17,88), 0, 1
(17,90), 0, 1
(17,92), 0, 1
(18,2), 0, 1
(18,34), 0, 1
(18,56), 0, 1
(18,61), 0, 1
(18,63), 0, 1
(18,83), 0, 1
(18,88), 0, 1
(18,90), 0, 1
(18,92), 0, 1
(19,2), 0, 1
(19,34), 0, 1
(19,43), 0, 1
(19,61), 0, 1
(19,63), 0, 1
(19,77), 0, 1
(19,83), 0, 1
(19,88), 0, 1
(19,90), 0, 1
(19,92), 0, 1
(20,34), 0, 1
(20,43), 0, 1
(20,56), 0, 1
(20,63), 0, 1
(20,83), 0, 1
(20,88), 0, 1
(20,90), 0, 1
(20,92), 0, 1
(21,27), 0, 1
(21,40), 0, 1
(21,51), 0, 1
(21,67), 0, 1
(21,70), 0, 1
(21,86), 0, 1
(21,89), 0, 1
(22,2), 0, 1
(22,34), 0, 1
(22,43), 0, 1
(22,56), 0, 1
(22,61), 0, 1
(22,77), 0, 1
(22,83), 0, 1
(22,88), 0, 1
(22,90), 0, 1
(22,92), 0, 1
(24,27), 0, 1
(24,40), 0, 1
(24,51), 0, 1
(24,67), 0, 1
(24,70), 0, 1
(24,86), 0, 1
(24,89), 0, 1
(25,0), 0, 1
(25,1), 0, 1
(25,2), 0, 1
(25,4), 0, 1
(25,5), 0, 1
(25,6), 0, 1
(25,7), 0, 1
(25,9), 0, 1
(25,10), 0, 1
(25,12), 0, 1
(25,13), 0, 1
(25,15), 0, 1
(25,17), 0, 1
(25,18), 0, 1
(25,20), 0, 1
(25,21), 0, 1
(25,22), 0, 1
(25,23), 0, 1
(25,24), 0, 1
(25,26), 0, 1
(25,29), 0, 1
(25,31), 0, 1
(25,33), 0, 1
(25,34), 0, 1
(25,35), 0, 1
(25,37), 0, 1
(25,38), 0, 1
(25,39), 0, 1
(25,40), 0, 1
(25,41), 0, 1
(25,42), 0, 1
(25,43), 0, 1
(25,44), 0, 1
(25,45), 0, 1
(25,46), 0, 1
(25,48), 0, 1
(25,50), 0, 1
(25,51), 0, 1
(25,52), 0, 1
(25,53), 0, 1
(25,54), 0, 1
(25,55), 0, 1
(25,57), 0, 1
(25,58), 0, 1
(25,59), 0, 1
(25,60), 0, 1
(25,61), 0, 1
(25,62), 0, 1
(25,63), 0, 1
(25,64), 0, 1
(25,65), 0, 1
(25,66), 0, 1
(25,67), 0, 1
(25,68), 0, 1
(25,70), 0, 1
(25,71), 0, 1
(25,72), 0, 1
(25,74), 0, 1
(25,75), 0, 1
(25,78), 0, 1
(25,81), 0, 1
(25,82), 0, 1
(25,83), 0, 1
(25,84), 0, 1
(25,85), 0, 1
(25,86), 0, 1
(25,87), 0, 1
(25,88), 0, 1
(25,89), 0, 1
(25,90), 0, 1
(25,91), 0, 1
(25,92), 0, 1
(25,93), 0, 1
(26,27), 0, 1
(26,40), 0, 1
(26,51), 0, 1
(26,67), 0, 1
(26,69), 0, 1
(26,78), 0, 1
(26,86), 0, 1
(26,89), 0, 1
(27,0), 0, 1
(27,1), 0, 1
(27,2), 0, 1
(27,4), 0, 1
(27,5), 0, 1
(27,6), 0, 1
(27,10), 0, 1
(27,11), 0, 1
(27,12), 0, 1
(27,13), 0, 1
(27,15), 0, 1
(27,17), 0, 1
(27,21), 0, 1
(27,22), 0, 1
(27,23), 0, 1
(27,24), 0, 1
(27,26), 0, 1
(27,29), 0, 1
(27,31), 0, 1
(27,33), 0, 1
(27,34), 0, 1
(27,35), 0, 1
(27,36), 0, 1
(27,37), 0, 1
(27,38), 0, 1
(27,39), 0, 1
(27,40), 0, 1
(27,41), 0, 1
(27,42), 0, 1
(27,43), 0, 1
(27,44), 0, 1
(27,45), 0, 1
(27,46), 0, 1
(27,47), 0, 1
(27,48), 0, 1
(27,51), 0, 1
(27,52), 0, 1
(27,53), 0, 1
(27,54), 0, 1
(27,55), 0, 1
(27,56), 0, 1
(27,57), 0, 1
(27,58), 0, 1
(27,59), 0, 1
(27,60), 0, 1
(27,61), 0, 1
(27,62), 0, 1
(27,64), 0, 1
(27,65), 0, 1
(27,66), 0, 1
(27,67), 0, 1
(27,69), 0, 1
(27,70), 0, 1
(27,71), 0, 1
(27,72), 0, 1
(27,74), 0, 1
(27,75), 0, 1
(27,78), 0, 1
(27,79), 0, 1
(27,81), 0, 1
(27,82), 0, 1
(27,83), 0, 1
(27,84), 0, 1
(27,86), 0, 1
(27,87), 0, 1
(27,88), 0, 1
(27,89), 0, 1
(27,90), 0, 1
(27,91), 0, 1
(27,92), 0, 1
(27,93), 0, 1
(28,0), 0, 1
(28,1), 0, 1
(28,4), 0, 1
(28,5), 0, 1
(28,6), 0, 1
(28,10), 0, 1
(28,11), 0, 1
(28,12), 0, 1
(28,13), 0, 1
(28,15), 0, 1
(28,16), 0, 1
(28,17), 0, 1
(28,18), 0, 1
(28,20), 0, 1
(28,21), 0, 1
(28,22), 0, 1
(28,23), 0, 1
(28,24), 0, 1
(28,25), 0, 1
(28,26), 0, 1
(28,31), 0, 1
(28,33), 0, 1
(28,34), 0, 1
(28,35), 0, 1
(28,36), 0, 1
(28,37), 0, 1
(28,38), 0, 1
(28,39), 0, 1
(28,40), 0, 1
(28,41), 0, 1
(28,42), 0, 1
(28,43), 0, 1
(28,44), 0, 1
(28,45), 0, 1
(28,46), 0, 1
(28,48), 0, 1
(28,50), 0, 1
(28,52), 0, 1
(28,53), 0, 1
(28,54), 0, 1
(28,55), 0, 1
(28,56), 0, 1
(28,57), 0, 1
(28,58), 0, 1
(28,59), 0, 1
(28,60), 0, 1
(28,62), 0, 1
(28,63), 0, 1
(28,64), 0, 1
(28,65), 0, 1
(28,66), 0, 1
(28,67), 0, 1
(28,68), 0, 1
(28,69), 0, 1
(28,70), 0, 1
(28,71), 0, 1
(28,72), 0, 1
(28,74), 0, 1
(28,75), 0, 1
(28,78), 0, 1
(28,79), 0, 1
(28,81), 0, 1
(28,82), 0, 1
(28,83), 0, 1
(28,84), 0, 1
(28,86), 0, 1
(28,87), 0, 1
(28,88), 0, 1
(28,89), 0, 1
(28,90), 0, 1
(28,91), 0, 1
(28,92), 0, 1
(28,93), 0, 1
(29,2), 0, 1
(29,43), 0, 1
(29,61), 0, 1
(29,63), 0, 1
(29,77), 0, 1
(29,88), 0, 1
(29,90), 0, 1
(29,92), 0, 1
(30,0), 0, 1
(30,1), 0, 1
(30,2), 0, 1
(30,3), 0, 1
(30,4), 0, 1
(30,5), 0, 1
(30,10), 0, 1
(30,11), 0, 1
(30,12), 0, 1
(30,13), 0, 1
(30,14), 0, 1
(30,18), 0, 1
(30,19), 0, 1
(30,20), 0, 1
(30,22), 0, 1
(30,23), 0, 1
(30,24), 0, 1
(30,25), 0, 1
(30,26), 0, 1
(30,29), 0, 1
(30,31), 0, 1
(30,33), 0, 1
(30,34), 0, 1
(30,35), 0, 1
(30,36), 0, 1
(30,37), 0, 1
(30,38), 0, 1
(30,39), 0, 1
(30,40), 0, 1
(30,41), 0, 1
(30,42), 0, 1
(30,43), 0, 1
(30,44), 0, 1
(30,45), 0, 1
(30,46), 0, 1
(30,47), 0, 1
(30,48), 0, 1
(30,50), 0, 1
(30,51), 0, 1
(30,52), 0, 1
(30,53), 0, 1
(30,54), 0, 1
(30,55), 0, 1
(30,56), 0, 1
(30,57), 0, 1
(30,58), 0, 1
(30,59), 0, 1
(30,61), 0, 1
(30,62), 0, 1
(30,63), 0, 1
(30,64), 0, 1
(30,65), 0, 1
(30,67), 0, 1
(30,69), 0, 1
(30,70), 0, 1
(30,71), 0, 1
(30,72), 0, 1
(30,74), 0, 1
(30,75), 0, 1
(30,77), 0, 1
(30,78), 0, 1
(30,79), 0, 1
(30,81), 0, 1
(30,82), 0, 1
(30,83), 0, 1
(30,84), 0, 1
(30,86), 0, 1
(30,87), 0, 1
(30,89), 0, 1
(30,90), 0, 1
(30,91), 0, 1
(30,92), 0, 1
(30,93), 0, 1
(31,2), 0, 1
(31,34), 0, 1
(31,43), 0, 1
(31,49), 0, 1
(31,56), 0, 1
(31,61), 0, 1
(31,63), 0, 1
(31,83), 0, 1
(31,88), 0, 1
(31,90), 0, 1
(31,92), 0, 1
(32,2), 0, 1
(32,34), 0, 1
(32,43), 0, 1
(32,56), 0, 1
(32,61), 0, 1
(32,63), 0, 1
(32,77), 0, 1
(32,83), 0, 1
(32,88), 0, 1
(32,90), 0, 1
(32,92), 0, 1
(33,2), 0, 1
(33,34), 0, 1
(33,43), 0, 1
(33,56), 0, 1
(33,61), 0, 1
(33,63), 0, 1
(33,77), 0, 1
(33,83), 0, 1
(33,88), 0, 1
(33,90), 0, 1
(33,92), 0, 1
(35,27), 0, 1
(35,40), 0, 1
(35,51), 0, 1
(35,69), 0, 1
(35,70), 0, 1
(35,78), 0, 1
(35,86), 0, 1
(35,89), 0, 1
(36,2), 0, 1
(36,34), 0, 1
(36,43), 0, 1
(36,56), 0, 1
(36,61), 0, 1
(36,63), 0, 1
(36,83), 0, 1
(36,88), 0, 1
(36,90), 0, 1
(37,27), 0, 1
(37,40), 0, 1
(37,51), 0, 1
(37,67), 0, 1
(37,69), 0, 1
(37,70), 0, 1
(37,78), 0, 1
(37,86), 0, 1
(37,89), 0, 1
(38,2), 0, 1
(38,34), 0, 1
(38,43), 0, 1
(38,56), 0, 1
(38,61), 0, 1
(38,90), 0, 1
(38,92), 0, 1
(39,27), 0, 1
(39,40), 0, 1
(39,51), 0, 1
(39,67), 0, 1
(39,69), 0, 1
(39,70), 0, 1
(39,78), 0, 1
(39,86), 0, 1
(39,89), 0, 1
(42,2), 0, 1
(42,34), 0, 1
(42,43), 0, 1
(42,56), 0, 1
(42,61), 0, 1
(42,63), 0, 1
(42,77), 0, 1
(42,83), 0, 1
(42,88), 0, 1
(42,90), 0, 1
(42,92), 0, 1
(43,2), 0, 1
(43,56), 0, 1
(43,61), 0, 1
(43,63), 0, 1
(43,83), 0, 1
(43,88), 0, 1
(43,90), 0, 1
(44,2), 0, 1
(44,34), 0, 1
(44,43), 0, 1
(44,56), 0, 1
(44,77), 0, 1
(44,83), 0, 1
(44,90), 0, 1
(44,92), 0, 1
(45,16), 0, 1
(45,40), 0, 1
(45,51), 0, 1
(45,67), 0, 1
(45,69), 0, 1
(45,70), 0, 1
(45,78), 0, 1
(45,86), 0, 1
(45,89), 0, 1
(46,34), 0, 1
(46,43), 0, 1
(46,49), 0, 1
(46,56), 0, 1
(46,63), 0, 1
(46,77), 0, 1
(46,83), 0, 1
(46,88), 0, 1
(46,90), 0, 1
(47,2), 0, 1
(47,34), 0, 1
(47,43), 0, 1
(47,56), 0, 1
(47,61), 0, 1
(47,63), 0, 1
(47,77), 0, 1
(47,83), 0, 1
(47,88), 0, 1
(47,90), 0, 1
(48,27), 0, 1
(48,30), 0, 1
(48,51), 0, 1
(48,67), 0, 1
(48,69), 0, 1
(48,70), 0, 1
(48,86), 0, 1
(48,89), 0, 1
(49,2), 0, 1
(49,34), 0, 1
(49,43), 0, 1
(49,56), 0, 1
(49,61), 0, 1
(49,63), 0, 1
(49,77), 0, 1
(49,83), 0, 1
(49,88), 0, 1
(49,92), 0, 1
(50,27), 0, 1
(50,40), 0, 1
(50,51), 0, 1
(50,67), 0, 1
(50,86), 0, 1
(50,89), 0, 1
(51,2), 0, 1
(51,32), 0, 1
(51,34), 0, 1
(51,43), 0, 1
(51,63), 0, 1
(51,77), 0, 1
(51,83), 0, 1
(51,88), 0, 1
(51,90), 0, 1
(51,92), 0, 1
(52,27), 0, 1
(52,40), 0, 1
(52,51), 0, 1
(52,69), 0, 1
(52,70), 0, 1
(52,86), 0, 1
(52,89), 0, 1
(53,2), 0, 1
(53,43), 0, 1
(53,56), 0, 1
(53,61), 0, 1
(53,63), 0, 1
(53,77), 0, 1
(53,83), 0, 1
(53,88), 0, 1
(53,90), 0, 1
(53,92), 0, 1
(54,34), 0, 1
(54,43), 0, 1
(54,56), 0, 1
(54,63), 0, 1
(54,83), 0, 1
(54,88), 0, 1
(54,90), 0, 1
(54,92), 0, 1
(55,2), 0, 1
(55,32), 0, 1
(55,34), 0, 1
(55,43), 0, 1
(55,56), 0, 1
(55,61), 0, 1
(55,63), 0, 1
(55,77), 0, 1
(55,83), 0, 1
(55,88), 0, 1
(55,90), 0, 1
(56,27), 0, 1
(56,40), 0, 1
(56,51), 0, 1
(56,67), 0, 1
(56,69), 0, 1
(56,70), 0, 1
(56,78), 0, 1
(56,86), 0, 1
(56,89), 0, 1
(57,2), 0, 1
(57,34), 0, 1
(57,43), 0, 1
(57,56), 0, 1
(57,61), 0, 1
(57,63), 0, 1
(57,77), 0, 1
(57,83), 0, 1
(57,88), 0, 1
(57,90), 0, 1
(57,92), 0, 1
(58,2), 0, 1
(58,43), 0, 1
(58,61), 0, 1
(58,63), 0, 1
(58,83), 0, 1
(58,88), 0, 1
(58,90), 0, 1
(58,92), 0, 1
(59,27), 0, 1
(59,40), 0, 1
(59,51), 0, 1
(59,67), 0, 1
(59,69), 0, 1
(59,70), 0, 1
(59,86), 0, 1
(59,89), 0, 1
(60,0), 0, 1
(60,1), 0, 1
(60,2), 0, 1
(60,5), 0, 1
(60,6), 0, 1
(60,10), 0, 1
(60,11), 0, 1
(60,17), 0, 1
(60,18), 0, 1
(60,19), 0, 1
(60,20), 0, 1
(60,21), 0, 1
(60,23), 0, 1
(60,24), 0, 1
(60,25), 0, 1
(60,26), 0, 1
(60,27), 0, 1
(60,29), 0, 1
(60,31), 0, 1
(60,33), 0, 1
(60,34), 0, 1
(60,36), 0, 1
(60,37), 0, 1
(60,39), 0, 1
(60,40), 0, 1
(60,41), 0, 1
(60,42), 0, 1
(60,43), 0, 1
(60,44), 0, 1
(60,45), 0, 1
(60,47), 0, 1
(60,48), 0, 1
(60,49), 0, 1
(60,50), 0, 1
(60,51), 0, 1
(60,52), 0, 1
(60,53), 0, 1
(60,54), 0, 1
(60,55), 0, 1
(60,56), 0, 1
(60,57), 0, 1
(60,58), 0, 1
(60,59), 0, 1
(60,62), 0, 1
(60,63), 0, 1
(60,64), 0, 1
(60,65), 0, 1
(60,67), 0, 1
(60,68), 0, 1
(60,69), 0, 1
(60,70), 0, 1
(60,71), 0, 1
(60,72), 0, 1
(60,73), 0, 1
(60,74), 0, 1
(60,75), 0, 1
(60,78), 0, 1
(60,82), 0, 1
(60,83), 0, 1
(60,84), 0, 1
(60,86), 0, 1
(60,87), 0, 1
(60,88), 0, 1
(60,89), 0, 1
(60,90), 0, 1
(60,91), 0, 1
(60,93), 0, 1
(61,2), 0, 1
(61,34), 0, 1
(61,43), 0, 1
(61,56), 0, 1
(61,63), 0, 1
(61,77), 0, 1
(61,83), 0, 1
(61,88), 0, 1
(61,90), 0, 1
(61,92), 0, 1
(63,40), 0, 1
(63,51), 0, 1
(63,67), 0, 1
(63,69), 0, 1
(63,70), 0, 1
(63,78), 0, 1
(63,86), 0, 1
(63,89), 0, 1
(64,0), 0, 1
(64,1), 0, 1
(64,2), 0, 1
(64,4), 0, 1
(64,5), 0, 1
(64,6), 0, 1
(64,10), 0, 1
(64,11), 0, 1
(64,12), 0, 1
(64,13), 0, 1
(64,15), 0, 1
(64,17), 0, 1
(64,18), 0, 1
(64,20), 0, 1
(64,21), 0, 1
(64,22), 0, 1
(64,23), 0, 1
(64,24), 0, 1
(64,25), 0, 1
(64,26), 0, 1
(64,29), 0, 1
(64,31), 0, 1
(64,33), 0, 1
(64,34), 0, 1
(64,35), 0, 1
(64,36), 0, 1
(64,37), 0, 1
(64,38), 0, 1
(64,39), 0, 1
(64,40), 0, 1
(64,41), 0, 1
(64,42), 0, 1
(64,43), 0, 1
(64,44), 0, 1
(64,45), 0, 1
(64,47), 0, 1
(64,48), 0, 1
(64,51), 0, 1
(64,52), 0, 1
(64,53), 0, 1
(64,54), 0, 1
(64,55), 0, 1
(64,57), 0, 1
(64,58), 0, 1
(64,59), 0, 1
(64,60), 0, 1
(64,62), 0, 1
(64,63), 0, 1
(64,65), 0, 1
(64,66), 0, 1
(64,67), 0, 1
(64,69), 0, 1
(64,70), 0, 1
(64,72), 0, 1
(64,74), 0, 1
(64,75), 0, 1
(64,77), 0, 1
(64,78), 0, 1
(64,81), 0, 1
(64,82), 0, 1
(64,83), 0, 1
(64,84), 0, 1
(64,86), 0, 1
(64,87), 0, 1
(64,88), 0, 1
(64,89), 0, 1
(64,90), 0, 1
(64,91), 0, 1
(64,92), 0, 1
(64,93), 0, 1
(65,2), 0, 1
(65,34), 0, 1
(65,43), 0, 1
(65,63), 0, 1
(65,77), 0, 1
(65,83), 0, 1
(65,88), 0, 1
(65,90), 0, 1
(65,92), 0, 1
(66,0), 0, 1
(66,1), 0, 1
(66,4), 0, 1
(66,5), 0, 1
(66,10), 0, 1
(66,11), 0, 1
(66,12), 0, 1
(66,13), 0, 1
(66,15), 0, 1
(66,17), 0, 1
(66,18), 0, 1
(66,21), 0, 1
(66,22), 0, 1
(66,23), 0, 1
(66,24), 0, 1
(66,25), 0, 1
(66,26), 0, 1
(66,27), 0, 1
(66,29), 0, 1
(66,30), 0, 1
(66,31), 0, 1
(66,33), 0, 1
(66,34), 0, 1
(66,35), 0, 1
(66,36), 0, 1
(66,37), 0, 1
(66,38), 0, 1
(66,39), 0, 1
(66,40), 0, 1
(66,41), 0, 1
(66,42), 0, 1
(66,43), 0, 1
(66,44), 0, 1
(66,45), 0, 1
(66,48), 0, 1
(66,50), 0, 1
(66,51), 0, 1
(66,52), 0, 1
(66,53), 0, 1
(66,54), 0, 1
(66,55), 0, 1
(66,56), 0, 1
(66,57), 0, 1
(66,58), 0, 1
(66,59), 0, 1
(66,60), 0, 1
(66,61), 0, 1
(66,62), 0, 1
(66,64), 0, 1
(66,65), 0, 1
(66,68), 0, 1
(66,69), 0, 1
(66,70), 0, 1
(66,71), 0, 1
(66,72), 0, 1
(66,74), 0, 1
(66,75), 0, 1
(66,77), 0, 1
(66,78), 0, 1
(66,81), 0, 1
(66,82), 0, 1
(66,83), 0, 1
(66,84), 0, 1
(66,86), 0, 1
(66,87), 0, 1
(66,88), 0, 1
(66,89), 0, 1
(66,90), 0, 1
(66,92), 0, 1
(66,93), 0, 1
(67,2), 0, 1
(67,34), 0, 1
(67,43), 0, 1
(67,49), 0, 1
(67,56), 0, 1
(67,61), 0, 1
(67,63), 0, 1
(67,77), 0, 1
(67,83), 0, 1
(67,88), 0, 1
(67,90), 0, 1
(67,92), 0, 1
(68,2), 0, 1
(68,32), 0, 1
(68,34), 0, 1
(68,43), 0, 1
(68,61), 0, 1
(68,63), 0, 1
(68,83), 0, 1
(68,88), 0, 1
(68,90), 0, 1
(68,92), 0, 1
(69,2), 0, 1
(69,34), 0, 1
(69,43), 0, 1
(69,63), 0, 1
(69,77), 0, 1
(69,83), 0, 1
(69,88), 0, 1
(69,90), 0, 1
(69,92), 0, 1
(71,40), 0, 1
(71,51), 0, 1
(71,67), 0, 1
(71,69), 0, 1
(71,70), 0, 1
(71,78), 0, 1
(71,86), 0, 1
(71,89), 0, 1
(72,0), 0, 1
(72,1), 0, 1
(72,2), 0, 1
(72,4), 0, 1
(72,5), 0, 1
(72,6), 0, 1
(72,7), 0, 1
(72,10), 0, 1
(72,11), 0, 1
(72,12), 0, 1
(72,13), 0, 1
(72,15), 0, 1
(72,17), 0, 1
(72,18), 0, 1
(72,21), 0, 1
(72,22), 0, 1
(72,23), 0, 1
(72,24), 0, 1
(72,25), 0, 1
(72,26), 0, 1
(72,27), 0, 1
(72,29), 0, 1
(72,33), 0, 1
(72,34), 0, 1
(72,35), 0, 1
(72,36), 0, 1
(72,37), 0, 1
(72,38), 0, 1
(72,40), 0, 1
(72,41), 0, 1
(72,42), 0, 1
(72,43), 0, 1
(72,44), 0, 1
(72,45), 0, 1
(72,46), 0, 1
(72,47), 0, 1
(72,48), 0, 1
(72,50), 0, 1
(72,51), 0, 1
(72,52), 0, 1
(72,53), 0, 1
(72,54), 0, 1
(72,55), 0, 1
(72,56), 0, 1
(72,57), 0, 1
(72,58), 0, 1
(72,59), 0, 1
(72,60), 0, 1
(72,62), 0, 1
(72,63), 0, 1
(72,64), 0, 1
(72,65), 0, 1
(72,66), 0, 1
(72,68), 0, 1
(72,70), 0, 1
(72,71), 0, 1
(72,74), 0, 1
(72,75), 0, 1
(72,77), 0, 1
(72,78), 0, 1
(72,79), 0, 1
(72,81), 0, 1
(72,82), 0, 1
(72,83), 0, 1
(72,84), 0, 1
(72,86), 0, 1
(72,87), 0, 1
(72,88), 0, 1
(72,89), 0, 1
(72,90), 0, 1
(72,91), 0, 1
(72,93), 0, 1
(73,2), 0, 1
(73,34), 0, 1
(73,43), 0, 1
(73,61), 0, 1
(73,63), 0, 1
(73,83), 0, 1
(73,88), 0, 1
(73,90), 0, 1
(73,92), 0, 1
(74,2), 0, 1
(74,32), 0, 1
(74,34), 0, 1
(74,43), 0, 1
(74,56), 0, 1
(74,61), 0, 1
(74,83), 0, 1
(74,88), 0, 1
(74,90), 0, 1
(74,92), 0, 1
(75,2), 0, 1
(75,34), 0, 1
(75,43), 0, 1
(75,63), 0, 1
(75,77), 0, 1
(75,83), 0, 1
(75,88), 0, 1
(75,90), 0, 1
(76,30), 0, 1
(76,40), 0, 1
(76,51), 0, 1
(76,67), 0, 1
(76,69), 0, 1
(76,70), 0, 1
(76,78), 0, 1
(76,86), 0, 1
(76,89), 0, 1
(77,2), 0, 1
(77,34), 0, 1
(77,43), 0, 1
(77,61), 0, 1
(77,63), 0, 1
(77,83), 0, 1
(77,88), 0, 1
(77,90), 0, 1
(77,92), 0, 1
(79,1), 0, 1
(79,2), 0, 1
(79,4), 0, 1
(79,5), 0, 1
(79,6), 0, 1
(79,10), 0, 1
(79,11), 0, 1
(79,12), 0, 1
(79,13), 0, 1
(79,15), 0, 1
(79,16), 0, 1
(79,17), 0, 1
(79,18), 0, 1
(79,19), 0, 1
(79,21), 0, 1
(79,22), 0, 1
(79,23), 0, 1
(79,24), 0, 1
(79,25), 0, 1
(79,26), 0, 1
(79,27), 0, 1
(79,29), 0, 1
(79,31), 0, 1
(79,32), 0, 1
(79,33), 0, 1
(79,34), 0, 1
(79,35), 0, 1
(79,36), 0, 1
(79,37), 0, 1
(79,38), 0, 1
(79,39), 0, 1
(79,40), 0, 1
(79,41), 0, 1
(79,42), 0, 1
(79,43), 0, 1
(79,44), 0, 1
(79,45), 0, 1
(79,47), 0, 1
(79,48), 0, 1
(79,50), 0, 1
(79,51), 0, 1
(79,52), 0, 1
(79,53), 0, 1
(79,54), 0, 1
(79,55), 0, 1
(79,56), 0, 1
(79,57), 0, 1
(79,58), 0, 1
(79,59), 0, 1
(79,60), 0, 1
(79,61), 0, 1
(79,62), 0, 1
(79,63), 0, 1
(79,64), 0, 1
(79,65), 0, 1
(79,66), 0, 1
(79,67), 0, 1
(79,69), 0, 1
(79,70), 0, 1
(79,71), 0, 1
(79,72), 0, 1
(79,74), 0, 1
(79,75), 0, 1
(79,76), 0, 1
(79,81), 0, 1
(79,82), 0, 1
(79,83), 0, 1
(79,84), 0, 1
(79,86), 0, 1
(79,87), 0, 1
(79,88), 0, 1
(79,89), 0, 1
(79,91), 0, 1
(79,92), 0, 1
(79,93), 0, 1
(80,27), 0, 1
(80,40), 0, 1
(80,51), 0, 1
(80,67), 0, 1
(80,69), 0, 1
(80,70), 0, 1
(80,78), 0, 1
(80,86), 0, 1
(80,89), 0, 1
(81,2), 0, 1
(81,34), 0, 1
(81,43), 0, 1
(81,56), 0, 1
(81,61), 0, 1
(81,63), 0, 1
(81,77), 0, 1
(81,83), 0, 1
(81,88), 0, 1
(81,90), 0, 1
(81,92), 0, 1
(82,2), 0, 1
(82,43), 0, 1
(82,56), 0, 1
(82,61), 0, 1
(82,63), 0, 1
(82,83), 0, 1
(82,88), 0, 1
(82,90), 0, 1
(83,27), 0, 1
(83,40), 0, 1
(83,51), 0, 1
(83,67), 0, 1
(83,69), 0, 1
(83,86), 0, 1
(83,89), 0, 1
(84,0), 0, 1
(84,1), 0, 1
(84,2), 0, 1
(84,4), 0, 1
(84,5), 0, 1
(84,6), 0, 1
(84,10), 0, 1
(84,11), 0, 1
(84,12), 0, 1
(84,13), 0, 1
(84,15), 0, 1
(84,17), 0, 1
(84,18), 0, 1
(84,19), 0, 1
(84,21), 0, 1
(84,22), 0, 1
(84,23), 0, 1
(84,24), 0, 1
(84,29), 0, 1
(84,31), 0, 1
(84,32), 0, 1
(84,33), 0, 1
(84,34), 0, 1
(84,35), 0, 1
(84,36), 0, 1
(84,37), 0, 1
(84,38), 0, 1
(84,39), 0, 1
(84,40), 0, 1
(84,41), 0, 1
(84,42), 0, 1
(84,43), 0, 1
(84,44), 0, 1
(84,45), 0, 1
(84,46), 0, 1
(84,47), 0, 1
(84,48), 0, 1
(84,50), 0, 1
(84,51), 0, 1
(84,52), 0, 1
(84,53), 0, 1
(84,54), 0, 1
(84,55), 0, 1
(84,56), 0, 1
(84,57), 0, 1
(84,58), 0, 1
(84,59), 0, 1
(84,60), 0, 1
(84,61), 0, 1
(84,62), 0, 1
(84,63), 0, 1
(84,64), 0, 1
(84,65), 0, 1
(84,66), 0, 1
(84,67), 0, 1
(84,68), 0, 1
(84,69), 0, 1
(84,70), 0, 1
(84,71), 0, 1
(84,72), 0, 1
(84,75), 0, 1
(84,79), 0, 1
(84,81), 0, 1
(84,82), 0, 1
(84,83), 0, 1
(84,86), 0, 1
(84,87), 0, 1
(84,88), 0, 1
(84,89), 0, 1
(84,90), 0, 1
(84,91), 0, 1
(84,92), 0, 1
(84,93), 0, 1
(86,2), 0, 1
(86,16), 0, 1
(86,34), 0, 1
(86,43), 0, 1
(86,56), 0, 1
(86,61), 0, 1
(86,63), 0, 1
(86,77), 0, 1
(86,83), 0, 1
(86,88), 0, 1
(86,90), 0, 1
(86,92), 0, 1
(87,27), 0, 1
(87,40), 0, 1
(87,51), 0, 1
(87,67), 0, 1
(87,69), 0, 1
(87,70), 0, 1
(87,86), 0, 1
(87,89), 0, 1
(88,27), 0, 1
(88,40), 0, 1
(88,51), 0, 1
(88,67), 0, 1
(88,70), 0, 1
(88,78), 0, 1
(88,86), 0, 1
(88,89), 0, 1
(89,2), 0, 1
(89,34), 0, 1
(89,43), 0, 1
(89,56), 0, 1
(89,61), 0, 1
(89,63), 0, 1
(89,77), 0, 1
(89,83), 0, 1
(89,88), 0, 1
(89,90), 0, 1
(90,27), 0, 1
(90,40), 0, 1
(90,51), 0, 1
(90,67), 0, 1
(90,69), 0, 1
(90,70), 0, 1
(90,78), 0, 1
(90,86), 0, 1
(90,89), 0, 1
(91,2), 0, 1
(91,34), 0, 1
(91,43), 0, 1
(91,56), 0, 1
(91,61), 0, 1
(91,63), 0, 1
(91,77), 0, 1
(91,83), 0, 1
(91,88), 0, 1
(91,90), 0, 1
(91,92), 0, 1
(92,0), 0, 1
(92,1), 0, 1
(92,2), 0, 1
(92,4), 0, 1
(92,5), 0, 1
(92,10), 0, 1
(92,11), 0, 1
(92,12), 0, 1
(92,13), 0, 1
(92,15), 0, 1
(92,17), 0, 1
(92,19), 0, 1
(92,20), 0, 1
(92,21), 0, 1
(92,22), 0, 1
(92,23), 0, 1
(92,24), 0, 1
(92,26), 0, 1
(92,29), 0, 1
(92,31), 0, 1
(92,33), 0, 1
(92,34), 0, 1
(92,35), 0, 1
(92,36), 0, 1
(92,37), 0, 1
(92,38), 0, 1
(92,39), 0, 1
(92,40), 0, 1
(92,41), 0, 1
(92,42), 0, 1
(92,43), 0, 1
(92,44), 0, 1
(92,45), 0, 1
(92,47), 0, 1
(92,48), 0, 1
(92,50), 0, 1
(92,51), 0, 1
(92,52), 0, 1
(92,53), 0, 1
(92,54), 0, 1
(92,55), 0, 1
(92,57), 0, 1
(92,58), 0, 1
(92,59), 0, 1
(92,60), 0, 1
(92,62), 0, 1
(92,63), 0, 1
(92,64), 0, 1
(92,65), 0, 1
(92,66), 0, 1
(92,67), 0, 1
(92,68), 0, 1
(92,69), 0, 1
(92,70), 0, 1
(92,71), 0, 1
(92,72), 0, 1
(92,74), 0, 1
(92,75), 0, 1
(92,77), 0, 1
(92,78), 0, 1
(92,81), 0, 1
(92,82), 0, 1
(92,83), 0, 1
(92,84), 0, 1
(92,86), 0, 1
(92,87), 0, 1
(92,88), 0, 1
(92,89), 0, 1
(92,90), 0, 1
(92,91), 0, 1
(92,93), 0, 1
(93,2), 0, 1
(93,34), 0, 1
(93,43), 0, 1
(93,56), 0, 1
(93,61), 0, 1
(93,63), 0, 1
(93,77), 0, 1
(93,83), 0, 1
(93,88), 0, 1
(93,92), 0, 1
(94,0), 0, 1
(94,1), 0, 1
(94,2), 0, 1
(94,4), 0, 1
(94,5), 0, 1
(94,6), 0, 1
(94,7), 0, 1
(94,10), 0, 1
(94,11), 0, 1
(94,12), 0, 1
(94,13), 0, 1
(94,15), 0, 1
(94,17), 0, 1
(94,18), 0, 1
(94,20), 0, 1
(94,21), 0, 1
(94,22), 0, 1
(94,23), 0, 1
(94,24), 0, 1
(94,26), 0, 1
(94,27), 0, 1
(94,29), 0, 1
(94,31), 0, 1
(94,33), 0, 1
(94,34), 0, 1
(94,35), 0, 1
(94,36), 0, 1
(94,37), 0, 1
(94,38), 0, 1
(94,39), 0, 1
(94,40), 0, 1
(94,41), 0, 1
(94,42), 0, 1
(94,43), 0, 1
(94,44), 0, 1
(94,45), 0, 1
(94,47), 0, 1
(94,48), 0, 1
(94,51), 0, 1
(94,52), 0, 1
(94,53), 0, 1
(94,54), 0, 1
(94,55), 0, 1
(94,56), 0, 1
(94,57), 0, 1
(94,58), 0, 1
(94,59), 0, 1
(94,61), 0, 1
(94,62), 0, 1
(94,63), 0, 1
(94,65), 0, 1
(94,66), 0, 1
(94,67), 0, 1
(94,68), 0, 1
(94,70), 0, 1
(94,71), 0, 1
(94,72), 0, 1
(94,74), 0, 1
(94,75), 0, 1
(94,81), 0, 1
(94,82), 0, 1
(94,84), 0, 1
(94,86), 0, 1
(94,87), 0, 1
(94,88), 0, 1
(94,89), 0, 1
(94,90), 0, 1
(94,91), 0, 1
(94,93), 0, 1
(95,27), 0, 1
(95,40), 0, 1
(95,51), 0, 1
(95,78), 0, 1
(95,86), 0, 1
(95,89), 0, 1
(96,0), 0, 1
(96,1), 0, 1
(96,2), 0, 1
(96,4), 0, 1
(96,5), 0, 1
(96,6), 0, 1
(96,9), 0, 1
(96,10), 0, 1
(96,11), 0, 1
(96,12), 0, 1
(96,18), 0, 1
(96,20), 0, 1
(96,21), 0, 1
(96,22), 0, 1
(96,23), 0, 1
(96,24), 0, 1
(96,25), 0, 1
(96,26), 0, 1
(96,27), 0, 1
(96,29), 0, 1
(96,31), 0, 1
(96,33), 0, 1
(96,34), 0, 1
(96,36), 0, 1
(96,37), 0, 1
(96,39), 0, 1
(96,40), 0, 1
(96,41), 0, 1
(96,42), 0, 1
(96,43), 0, 1
(96,44), 0, 1
(96,45), 0, 1
(96,46), 0, 1
(96,47), 0, 1
(96,48), 0, 1
(96,50), 0, 1
(96,51), 0, 1
(96,53), 0, 1
(96,54), 0, 1
(96,55), 0, 1
(96,56), 0, 1
(96,57), 0, 1
(96,58), 0, 1
(96,59), 0, 1
(96,61), 0, 1
(96,62), 0, 1
(96,63), 0, 1
(96,64), 0, 1
(96,65), 0, 1
(96,66), 0, 1
(96,67), 0, 1
(96,68), 0, 1
(96,69), 0, 1
(96,70), 0, 1
(96,72), 0, 1
(96,74), 0, 1
(96,75), 0, 1
(96,78), 0, 1
(96,81), 0, 1
(96,83), 0, 1
(96,84), 0, 1
(96,86), 0, 1
(96,87), 0, 1
(96,88), 0, 1
(96,89), 0, 1
(96,90), 0, 1
(96,91), 0, 1
(96,92), 0, 1
(96,93), 0, 1
(97,0), 0, 1
(97,1), 0, 1
(97,2), 0, 1
(97,4), 0, 1
(97,5), 0, 1
(97,10), 0, 1
(97,12), 0, 1
(97,13), 0, 1
(97,14), 0, 1
(97,15), 0, 1
(97,17), 0, 1
(97,18), 0, 1
(97,19), 0, 1
(97,20), 0, 1
(97,21), 0, 1
(97,22), 0, 1
(97,23), 0, 1
(97,24), 0, 1
(97,25), 0, 1
(97,26), 0, 1
(97,27), 0, 1
(97,29), 0, 1
(97,31), 0, 1
(97,33), 0, 1
(97,34), 0, 1
(97,35), 0, 1
(97,37), 0, 1
(97,38), 0, 1
(97,39), 0, 1
(97,40), 0, 1
(97,41), 0, 1
(97,42), 0, 1
(97,43), 0, 1
(97,44), 0, 1
(97,45), 0, 1
(97,46), 0, 1
(97,47), 0, 1
(97,48), 0, 1
(97,49), 0, 1
(97,50), 0, 1
(97,51), 0, 1
(97,52), 0, 1
(97,53), 0, 1
(97,54), 0, 1
(97,55), 0, 1
(97,57), 0, 1
(97,58), 0, 1
(97,59), 0, 1
(97,63), 0, 1
(97,64), 0, 1
(97,65), 0, 1
(97,66), 0, 1
(97,68), 0, 1
(97,69), 0, 1
(97,70), 0, 1
(97,71), 0, 1
(97,72), 0, 1
(97,74), 0, 1
(97,75), 0, 1
(97,77), 0, 1
(97,78), 0, 1
(97,79), 0, 1
(97,81), 0, 1
(97,82), 0, 1
(97,83), 0, 1
(97,86), 0, 1
(97,87), 0, 1
(97,88), 0, 1
(97,89), 0, 1
(97,90), 0, 1
(97,91), 0, 1
(97,93), 0, 1
(98,0), 0, 1
(98,1), 0, 1
(98,2), 0, 1
(98,3), 0, 1
(98,4), 0, 1
(98,5), 0, 1
(98,6), 0, 1
(98,10), 0, 1
(98,12), 0, 1
(98,13), 0, 1
(98,15), 0, 1
(98,17), 0, 1
(98,18), 0, 1
(98,20), 0, 1
(98,21), 0, 1
(98,22), 0, 1
(98,23), 0, 1
(98,24), 0, 1
(98,25), 0, 1
(98,26), 0, 1
(98,29), 0, 1
(98,31), 0, 1
(98,33), 0, 1
(98,34), 0, 1
(98,35), 0, 1
(98,36), 0, 1
(98,37), 0, 1
(98,38), 0, 1
(98,39), 0, 1
(98,40), 0, 1
(98,41), 0, 1
(98,43), 0, 1
(98,44), 0, 1
(98,45), 0, 1
(98,46), 0, 1
(98,47), 0, 1
(98,48), 0, 1
(98,50), 0, 1
(98,51), 0, 1
(98,52), 0, 1
(98,53), 0, 1
(98,54), 0, 1
(98,55), 0, 1
(98,57), 0, 1
(98,58), 0, 1
(98,59), 0, 1
(98,60), 0, 1
(98,61), 0, 1
(98,62), 0, 1
(98,63), 0, 1
(98,64), 0, 1
(98,65), 0, 1
(98,66), 0, 1
(98,67), 0, 1
(98,68), 0, 1
(98,69), 0, 1
(98,70), 0, 1
(98,71), 0, 1
(98,72), 0, 1
(98,74), 0, 1
(98,75), 0, 1
(98,77), 0, 1
(98,78), 0, 1
(98,79), 0, 1
(98,81), 0, 1
(98,82), 0, 1
(98,83), 0, 1
(98,84), 0, 1
(98,86), 0, 1
(98,87), 0, 1
(98,88), 0, 1
(98,89), 0, 1
(98,90), 0, 1
(98,91), 0, 1
(98,92), 0, 1
(98,93), 0, 1
(99,2), 0, 1
(99,43), 0, 1
(99,56), 0, 1
(99,63), 0, 1
(99,83), 0, 1
(99,88), 0, 1
(99,90), 0, 1
(99,92), 0, 1
