Nr_Pairs = 95
Nr_NDD = 5
Nr_Arcs = 1776
0	0.32499999999999996
1	0.05
2	0.9
3	0.2875000000000001
4	0.05
5	0.2875000000000001
6	0.05
7	0.05
8	0.05
9	0.2875000000000001
10	0.9
11	0.1
12	0.2875000000000001
13	0.9
14	0.9
15	0.1
16	0.05
17	0.05
18	0.05
19	0.9
20	0.05
21	0.05
22	0.05
23	0.2875000000000001
24	0.9
25	0.05
26	0.9
27	0.05
28	0.05
29	0.9
30	0.1
31	0.05
32	0.05
33	0.1
34	0.05
35	0.05
36	0.05
37	0.2875000000000001
38	0.05
39	0.2875000000000001
40	0.05
41	0.05
42	0.925
43	0.05
44	0.925
45	0.1
46	0.2875000000000001
47	0.1
48	0.9
49	0.2875000000000001
50	0.05
51	0.9
52	0.9
53	0.05
54	0.32499999999999996
55	0.2875000000000001
56	0.1
57	0.2875000000000001
58	0.05
59	0.05
60	0.05
61	0.05
62	0.1
63	0.05
64	0.05
65	0.925
66	0.05
67	0.2875000000000001
68	0.2875000000000001
69	0.05
70	0.2875000000000001
71	0.2875000000000001
72	0.1
73	0.9
74	0.32499999999999996
75	0.32499999999999996
76	0.2875000000000001
77	0.05
78	0.05
79	0.9
80	0.1
81	0.05
82	0.925
83	0.05
84	0.05
85	0.2875000000000001
86	0.1
87	0.9
88	0.2875000000000001
89	0.1
90	0.2875000000000001
91	0.1
92	0.1
93	0.1
94	0.2875000000000001
95	0.0
96	0.0
97	0.0
98	0.0
99	0.0
(0,11), 0, 1
(0,16), 0, 1
(0,20), 0, 1
(0,25), 0, 1
(0,31), 0, 1
(0,33), 0, 1
(0,35), 0, 1
(0,45), 0, 1
(0,75), 0, 1
(0,87), 0, 1
(0,88), 0, 1
(0,93), 0, 1
(1,11), 0, 1
(1,16), 0, 1
(1,20), 0, 1
(1,25), 0, 1
(1,31), 0, 1
(1,33), 0, 1
(1,35), 0, 1
(1,41), 0, 1
(1,45), 0, 1
(1,75), 0, 1
(1,88), 0, 1
(1,93), 0, 1
(3,1), 0, 1
(3,4), 0, 1
(3,5), 0, 1
(3,6), 0, 1
(3,7), 0, 1
(3,8), 0, 1
(3,9), 0, 1
(3,11), 0, 1
(3,15), 0, 1
(3,16), 0, 1
(3,17), 0, 1
(3,18), 0, 1
(3,20), 0, 1
(3,21), 0, 1
(3,22), 0, 1
(3,23), 0, 1
(3,25), 0, 1
(3,27), 0, 1
(3,28), 0, 1
(3,30), 0, 1
(3,31), 0, 1
(3,32), 0, 1
(3,33), 0, 1
(3,34), 0, 1
(3,35), 0, 1
(3,36), 0, 1
(3,37), 0, 1
(3,38), 0, 1
(3,39), 0, 1
(3,40), 0, 1
(3,41), 0, 1
(3,43), 0, 1
(3,45), 0, 1
(3,46), 0, 1
(3,47), 0, 1
(3,50), 0, 1
(3,53), 0, 1
(3,55), 0, 1
(3,56), 0, 1
(3,57), 0, 1
(3,58), 0, 1
(3,59), 0, 1
(3,60), 0, 1
(3,61), 0, 1
(3,62), 0, 1
(3,63), 0, 1
(3,64), 0, 1
(3,66), 0, 1
(3,67), 0, 1
(3,68), 0, 1
(3,72), 0, 1
(3,73), 0, 1
(3,74), 0, 1
(3,75), 0, 1
(3,78), 0, 1
(3,80), 0, 1
(3,81), 0, 1
(3,83), 0, 1
(3,84), 0, 1
(3,86), 0, 1
(3,88), 0, 1
(3,89), 0, 1
(3,91), 0, 1
(3,92), 0, 1
(3,93), 0, 1
(5,1), 0, 1
(5,6), 0, 1
(5,17), 0, 1
(5,18), 0, 1
(5,22), 0, 1
(5,23), 0, 1
(5,43), 0, 1
(5,76), 0, 1
(5,81), 0, 1
(6,11), 0, 1
(6,20), 0, 1
(6,31), 0, 1
(6,33), 0, 1
(6,35), 0, 1
(6,41), 0, 1
(6,45), 0, 1
(6,75), 0, 1
(6,88), 0, 1
(6,93), 0, 1
(7,11), 0, 1
(7,16), 0, 1
(7,20), 0, 1
(7,25), 0, 1
(7,31), 0, 1
(7,33), 0, 1
(7,35), 0, 1
(7,41), 0, 1
(7,75), 0, 1
(7,88), 0, 1
(8,11), 0, 1
(8,16), 0, 1
(8,20), 0, 1
(8,25), 0, 1
(8,26), 0, 1
(8,35), 0, 1
(8,41), 0, 1
(8,45), 0, 1
(8,93), 0, 1
(9,1), 0, 1
(9,6), 0, 1
(9,17), 0, 1
(9,18), 0, 1
(9,22), 0, 1
(9,43), 0, 1
(9,76), 0, 1
(9,81), 0, 1
(10,11), 0, 1
(10,16), 0, 1
(10,25), 0, 1
(10,26), 0, 1
(10,31), 0, 1
(10,33), 0, 1
(10,35), 0, 1
(10,41), 0, 1
(10,75), 0, 1
(10,93), 0, 1
(12,11), 0, 1
(12,16), 0, 1
(12,20), 0, 1
(12,25), 0, 1
(12,31), 0, 1
(12,33), 0, 1
(12,35), 0, 1
(12,41), 0, 1
(12,45), 0, 1
(12,75), 0, 1
(12,88), 0, 1
(12,93), 0, 1
(13,1), 0, 1
(13,5), 0, 1
(13,17), 0, 1
(13,18), 0, 1
(13,22), 0, 1
(13,23), 0, 1
(13,43), 0, 1
(13,81), 0, 1
(14,11), 0, 1
(14,16), 0, 1
(14,20), 0, 1
(14,25), 0, 1
(14,31), 0, 1
(14,33), 0, 1
(14,35), 0, 1
(14,41), 0, 1
(14,45), 0, 1
(14,75), 0, 1
(14,87), 0, 1
(14,88), 0, 1
(14,93), 0, 1
(15,1), 0, 1
(15,6), 0, 1
(15,17), 0, 1
(15,22), 0, 1
(15,42), 0, 1
(15,43), 0, 1
(15,81), 0, 1
(16,1), 0, 1
(16,6), 0, 1
(16,17), 0, 1
(16,22), 0, 1
(16,23), 0, 1
(16,43), 0, 1
(16,76), 0, 1
(16,81), 0, 1
(17,11), 0, 1
(17,16), 0, 1
(17,20), 0, 1
(17,25), 0, 1
(17,31), 0, 1
(17,33), 0, 1
(17,35), 0, 1
(17,41), 0, 1
(17,45), 0, 1
(17,75), 0, 1
(17,88), 0, 1
(17,93), 0, 1
(19,11), 0, 1
(19,16), 0, 1
(19,20), 0, 1
(19,25), 0, 1
(19,31), 0, 1
(19,33), 0, 1
(19,41), 0, 1
(19,45), 0, 1
(19,88), 0, 1
(20,1), 0, 1
(20,5), 0, 1
(20,6), 0, 1
(20,17), 0, 1
(20,18), 0, 1
(20,22), 0, 1
(20,23), 0, 1
(20,43), 0, 1
(20,81), 0, 1
(21,1), 0, 1
(21,5), 0, 1
(21,6), 0, 1
(21,17), 0, 1
(21,18), 0, 1
(21,22), 0, 1
(21,23), 0, 1
(21,43), 0, 1
(21,76), 0, 1
(21,81), 0, 1
(22,11), 0, 1
(22,16), 0, 1
(22,20), 0, 1
(22,25), 0, 1
(22,31), 0, 1
(22,35), 0, 1
(22,41), 0, 1
(22,45), 0, 1
(22,75), 0, 1
(22,88), 0, 1
(23,0), 0, 1
(23,2), 0, 1
(23,3), 0, 1
(23,4), 0, 1
(23,6), 0, 1
(23,7), 0, 1
(23,8), 0, 1
(23,12), 0, 1
(23,15), 0, 1
(23,17), 0, 1
(23,18), 0, 1
(23,20), 0, 1
(23,21), 0, 1
(23,22), 0, 1
(23,25), 0, 1
(23,27), 0, 1
(23,28), 0, 1
(23,30), 0, 1
(23,31), 0, 1
(23,32), 0, 1
(23,33), 0, 1
(23,34), 0, 1
(23,36), 0, 1
(23,38), 0, 1
(23,39), 0, 1
(23,40), 0, 1
(23,41), 0, 1
(23,43), 0, 1
(23,45), 0, 1
(23,46), 0, 1
(23,47), 0, 1
(23,49), 0, 1
(23,50), 0, 1
(23,53), 0, 1
(23,54), 0, 1
(23,56), 0, 1
(23,58), 0, 1
(23,59), 0, 1
(23,60), 0, 1
(23,61), 0, 1
(23,62), 0, 1
(23,63), 0, 1
(23,64), 0, 1
(23,66), 0, 1
(23,67), 0, 1
(23,69), 0, 1
(23,72), 0, 1
(23,74), 0, 1
(23,75), 0, 1
(23,77), 0, 1
(23,78), 0, 1
(23,80), 0, 1
(23,81), 0, 1
(23,83), 0, 1
(23,84), 0, 1
(23,85), 0, 1
(23,86), 0, 1
(23,88), 0, 1
(23,89), 0, 1
(23,91), 0, 1
(23,92), 0, 1
(23,93), 0, 1
(25,1), 0, 1
(25,5), 0, 1
(25,6), 0, 1
(25,17), 0, 1
(25,22), 0, 1
(25,23), 0, 1
(25,43), 0, 1
(25,81), 0, 1
(26,1), 0, 1
(26,3), 0, 1
(26,4), 0, 1
(26,5), 0, 1
(26,7), 0, 1
(26,8), 0, 1
(26,9), 0, 1
(26,11), 0, 1
(26,12), 0, 1
(26,15), 0, 1
(26,16), 0, 1
(26,17), 0, 1
(26,18), 0, 1
(26,20), 0, 1
(26,21), 0, 1
(26,22), 0, 1
(26,23), 0, 1
(26,25), 0, 1
(26,27), 0, 1
(26,28), 0, 1
(26,30), 0, 1
(26,31), 0, 1
(26,32), 0, 1
(26,33), 0, 1
(26,34), 0, 1
(26,35), 0, 1
(26,36), 0, 1
(26,37), 0, 1
(26,38), 0, 1
(26,40), 0, 1
(26,41), 0, 1
(26,43), 0, 1
(26,45), 0, 1
(26,47), 0, 1
(26,48), 0, 1
(26,49), 0, 1
(26,50), 0, 1
(26,53), 0, 1
(26,54), 0, 1
(26,55), 0, 1
(26,58), 0, 1
(26,59), 0, 1
(26,60), 0, 1
(26,61), 0, 1
(26,62), 0, 1
(26,63), 0, 1
(26,64), 0, 1
(26,66), 0, 1
(26,67), 0, 1
(26,69), 0, 1
(26,70), 0, 1
(26,71), 0, 1
(26,72), 0, 1
(26,74), 0, 1
(26,76), 0, 1
(26,78), 0, 1
(26,80), 0, 1
(26,81), 0, 1
(26,83), 0, 1
(26,84), 0, 1
(26,85), 0, 1
(26,88), 0, 1
(26,89), 0, 1
(26,90), 0, 1
(26,91), 0, 1
(26,92), 0, 1
(26,93), 0, 1
(27,1), 0, 1
(27,5), 0, 1
(27,6), 0, 1
(27,22), 0, 1
(27,23), 0, 1
(27,43), 0, 1
(27,76), 0, 1
(27,81), 0, 1
(28,1), 0, 1
(28,5), 0, 1
(28,6), 0, 1
(28,17), 0, 1
(28,18), 0, 1
(28,22), 0, 1
(28,23), 0, 1
(28,43), 0, 1
(28,76), 0, 1
(28,81), 0, 1
(29,11), 0, 1
(29,16), 0, 1
(29,20), 0, 1
(29,25), 0, 1
(29,31), 0, 1
(29,33), 0, 1
(29,41), 0, 1
(29,45), 0, 1
(29,75), 0, 1
(29,87), 0, 1
(29,88), 0, 1
(29,93), 0, 1
(30,11), 0, 1
(30,16), 0, 1
(30,20), 0, 1
(30,25), 0, 1
(30,31), 0, 1
(30,33), 0, 1
(30,35), 0, 1
(30,75), 0, 1
(30,88), 0, 1
(30,93), 0, 1
(31,1), 0, 1
(31,5), 0, 1
(31,6), 0, 1
(31,18), 0, 1
(31,22), 0, 1
(31,23), 0, 1
(31,43), 0, 1
(31,76), 0, 1
(31,81), 0, 1
(31,82), 0, 1
(32,11), 0, 1
(32,16), 0, 1
(32,20), 0, 1
(32,25), 0, 1
(32,31), 0, 1
(32,33), 0, 1
(32,35), 0, 1
(32,41), 0, 1
(32,45), 0, 1
(32,75), 0, 1
(32,87), 0, 1
(32,88), 0, 1
(32,93), 0, 1
(33,0), 0, 1
(33,1), 0, 1
(33,3), 0, 1
(33,4), 0, 1
(33,5), 0, 1
(33,6), 0, 1
(33,7), 0, 1
(33,8), 0, 1
(33,9), 0, 1
(33,11), 0, 1
(33,13), 0, 1
(33,15), 0, 1
(33,16), 0, 1
(33,17), 0, 1
(33,18), 0, 1
(33,20), 0, 1
(33,22), 0, 1
(33,25), 0, 1
(33,27), 0, 1
(33,28), 0, 1
(33,30), 0, 1
(33,31), 0, 1
(33,32), 0, 1
(33,34), 0, 1
(33,35), 0, 1
(33,36), 0, 1
(33,37), 0, 1
(33,38), 0, 1
(33,39), 0, 1
(33,40), 0, 1
(33,41), 0, 1
(33,43), 0, 1
(33,45), 0, 1
(33,46), 0, 1
(33,47), 0, 1
(33,50), 0, 1
(33,53), 0, 1
(33,54), 0, 1
(33,55), 0, 1
(33,56), 0, 1
(33,57), 0, 1
(33,58), 0, 1
(33,59), 0, 1
(33,60), 0, 1
(33,61), 0, 1
(33,62), 0, 1
(33,64), 0, 1
(33,66), 0, 1
(33,67), 0, 1
(33,68), 0, 1
(33,69), 0, 1
(33,72), 0, 1
(33,74), 0, 1
(33,75), 0, 1
(33,76), 0, 1
(33,77), 0, 1
(33,78), 0, 1
(33,80), 0, 1
(33,81), 0, 1
(33,82), 0, 1
(33,83), 0, 1
(33,84), 0, 1
(33,86), 0, 1
(33,88), 0, 1
(33,89), 0, 1
(33,91), 0, 1
(33,92), 0, 1
(33,93), 0, 1
(34,11), 0, 1
(34,16), 0, 1
(34,20), 0, 1
(34,25), 0, 1
(34,33), 0, 1
(34,35), 0, 1
(34,41), 0, 1
(34,45), 0, 1
(34,75), 0, 1
(34,88), 0, 1
(34,93), 0, 1
(35,1), 0, 1
(35,5), 0, 1
(35,6), 0, 1
(35,17), 0, 1
(35,18), 0, 1
(35,22), 0, 1
(35,43), 0, 1
(35,81), 0, 1
(36,16), 0, 1
(36,20), 0, 1
(36,31), 0, 1
(36,33), 0, 1
(36,35), 0, 1
(36,45), 0, 1
(36,75), 0, 1
(36,88), 0, 1
(36,93), 0, 1
(38,1), 0, 1
(38,5), 0, 1
(38,17), 0, 1
(38,18), 0, 1
(38,22), 0, 1
(38,23), 0, 1
(38,43), 0, 1
(38,76), 0, 1
(38,81), 0, 1
(39,1), 0, 1
(39,5), 0, 1
(39,6), 0, 1
(39,18), 0, 1
(39,22), 0, 1
(39,23), 0, 1
(39,43), 0, 1
(39,76), 0, 1
(39,81), 0, 1
(40,11), 0, 1
(40,16), 0, 1
(40,20), 0, 1
(40,31), 0, 1
(40,33), 0, 1
(40,35), 0, 1
(40,41), 0, 1
(40,45), 0, 1
(40,75), 0, 1
(40,88), 0, 1
(40,93), 0, 1
(41,1), 0, 1
(41,6), 0, 1
(41,17), 0, 1
(41,18), 0, 1
(41,22), 0, 1
(41,23), 0, 1
(41,43), 0, 1
(41,81), 0, 1
(41,82), 0, 1
(42,0), 0, 1
(42,1), 0, 1
(42,3), 0, 1
(42,4), 0, 1
(42,5), 0, 1
(42,6), 0, 1
(42,7), 0, 1
(42,9), 0, 1
(42,12), 0, 1
(42,13), 0, 1
(42,15), 0, 1
(42,16), 0, 1
(42,17), 0, 1
(42,18), 0, 1
(42,20), 0, 1
(42,21), 0, 1
(42,22), 0, 1
(42,25), 0, 1
(42,27), 0, 1
(42,28), 0, 1
(42,30), 0, 1
(42,31), 0, 1
(42,32), 0, 1
(42,33), 0, 1
(42,35), 0, 1
(42,36), 0, 1
(42,37), 0, 1
(42,38), 0, 1
(42,40), 0, 1
(42,41), 0, 1
(42,43), 0, 1
(42,44), 0, 1
(42,45), 0, 1
(42,46), 0, 1
(42,47), 0, 1
(42,49), 0, 1
(42,50), 0, 1
(42,53), 0, 1
(42,54), 0, 1
(42,55), 0, 1
(42,56), 0, 1
(42,58), 0, 1
(42,59), 0, 1
(42,60), 0, 1
(42,61), 0, 1
(42,62), 0, 1
(42,63), 0, 1
(42,64), 0, 1
(42,66), 0, 1
(42,67), 0, 1
(42,68), 0, 1
(42,69), 0, 1
(42,70), 0, 1
(42,71), 0, 1
(42,72), 0, 1
(42,73), 0, 1
(42,74), 0, 1
(42,75), 0, 1
(42,77), 0, 1
(42,78), 0, 1
(42,80), 0, 1
(42,81), 0, 1
(42,83), 0, 1
(42,84), 0, 1
(42,85), 0, 1
(42,86), 0, 1
(42,88), 0, 1
(42,90), 0, 1
(42,91), 0, 1
(42,92), 0, 1
(42,93), 0, 1
(42,94), 0, 1
(44,0), 0, 1
(44,1), 0, 1
(44,3), 0, 1
(44,4), 0, 1
(44,6), 0, 1
(44,7), 0, 1
(44,8), 0, 1
(44,9), 0, 1
(44,11), 0, 1
(44,15), 0, 1
(44,16), 0, 1
(44,17), 0, 1
(44,18), 0, 1
(44,20), 0, 1
(44,21), 0, 1
(44,22), 0, 1
(44,23), 0, 1
(44,25), 0, 1
(44,26), 0, 1
(44,27), 0, 1
(44,28), 0, 1
(44,30), 0, 1
(44,31), 0, 1
(44,32), 0, 1
(44,33), 0, 1
(44,34), 0, 1
(44,35), 0, 1
(44,36), 0, 1
(44,37), 0, 1
(44,38), 0, 1
(44,39), 0, 1
(44,40), 0, 1
(44,41), 0, 1
(44,45), 0, 1
(44,46), 0, 1
(44,47), 0, 1
(44,49), 0, 1
(44,50), 0, 1
(44,51), 0, 1
(44,53), 0, 1
(44,54), 0, 1
(44,55), 0, 1
(44,56), 0, 1
(44,57), 0, 1
(44,58), 0, 1
(44,59), 0, 1
(44,60), 0, 1
(44,61), 0, 1
(44,62), 0, 1
(44,63), 0, 1
(44,65), 0, 1
(44,66), 0, 1
(44,67), 0, 1
(44,68), 0, 1
(44,69), 0, 1
(44,71), 0, 1
(44,72), 0, 1
(44,76), 0, 1
(44,77), 0, 1
(44,78), 0, 1
(44,80), 0, 1
(44,81), 0, 1
(44,83), 0, 1
(44,84), 0, 1
(44,85), 0, 1
(44,86), 0, 1
(44,88), 0, 1
(44,89), 0, 1
(44,90), 0, 1
(44,91), 0, 1
(44,92), 0, 1
(44,93), 0, 1
(45,1), 0, 1
(45,5), 0, 1
(45,6), 0, 1
(45,17), 0, 1
(45,18), 0, 1
(45,22), 0, 1
(45,23), 0, 1
(45,43), 0, 1
(45,76), 0, 1
(45,81), 0, 1
(47,1), 0, 1
(47,6), 0, 1
(47,17), 0, 1
(47,18), 0, 1
(47,22), 0, 1
(47,43), 0, 1
(47,76), 0, 1
(47,81), 0, 1
(48,0), 0, 1
(48,1), 0, 1
(48,3), 0, 1
(48,4), 0, 1
(48,5), 0, 1
(48,6), 0, 1
(48,7), 0, 1
(48,8), 0, 1
(48,9), 0, 1
(48,11), 0, 1
(48,12), 0, 1
(48,15), 0, 1
(48,16), 0, 1
(48,17), 0, 1
(48,18), 0, 1
(48,20), 0, 1
(48,21), 0, 1
(48,22), 0, 1
(48,23), 0, 1
(48,25), 0, 1
(48,27), 0, 1
(48,28), 0, 1
(48,30), 0, 1
(48,31), 0, 1
(48,32), 0, 1
(48,33), 0, 1
(48,34), 0, 1
(48,35), 0, 1
(48,36), 0, 1
(48,38), 0, 1
(48,39), 0, 1
(48,40), 0, 1
(48,41), 0, 1
(48,43), 0, 1
(48,45), 0, 1
(48,46), 0, 1
(48,49), 0, 1
(48,50), 0, 1
(48,53), 0, 1
(48,54), 0, 1
(48,56), 0, 1
(48,57), 0, 1
(48,58), 0, 1
(48,59), 0, 1
(48,60), 0, 1
(48,61), 0, 1
(48,62), 0, 1
(48,63), 0, 1
(48,64), 0, 1
(48,66), 0, 1
(48,67), 0, 1
(48,68), 0, 1
(48,69), 0, 1
(48,70), 0, 1
(48,72), 0, 1
(48,74), 0, 1
(48,75), 0, 1
(48,76), 0, 1
(48,77), 0, 1
(48,78), 0, 1
(48,80), 0, 1
(48,81), 0, 1
(48,83), 0, 1
(48,84), 0, 1
(48,85), 0, 1
(48,86), 0, 1
(48,88), 0, 1
(48,90), 0, 1
(48,91), 0, 1
(48,92), 0, 1
(48,93), 0, 1
(48,94), 0, 1
(49,11), 0, 1
(49,16), 0, 1
(49,20), 0, 1
(49,25), 0, 1
(49,31), 0, 1
(49,33), 0, 1
(49,35), 0, 1
(49,41), 0, 1
(49,45), 0, 1
(49,88), 0, 1
(49,93), 0, 1
(50,11), 0, 1
(50,16), 0, 1
(50,20), 0, 1
(50,25), 0, 1
(50,31), 0, 1
(50,33), 0, 1
(50,35), 0, 1
(50,41), 0, 1
(50,45), 0, 1
(50,93), 0, 1
(53,1), 0, 1
(53,5), 0, 1
(53,6), 0, 1
(53,17), 0, 1
(53,18), 0, 1
(53,22), 0, 1
(53,23), 0, 1
(53,43), 0, 1
(53,76), 0, 1
(53,81), 0, 1
(54,11), 0, 1
(54,16), 0, 1
(54,20), 0, 1
(54,25), 0, 1
(54,31), 0, 1
(54,33), 0, 1
(54,35), 0, 1
(54,41), 0, 1
(54,45), 0, 1
(54,75), 0, 1
(55,11), 0, 1
(55,16), 0, 1
(55,20), 0, 1
(55,25), 0, 1
(55,31), 0, 1
(55,35), 0, 1
(55,41), 0, 1
(55,45), 0, 1
(55,75), 0, 1
(55,88), 0, 1
(55,93), 0, 1
(56,11), 0, 1
(56,16), 0, 1
(56,20), 0, 1
(56,31), 0, 1
(56,33), 0, 1
(56,35), 0, 1
(56,41), 0, 1
(56,75), 0, 1
(56,93), 0, 1
(57,11), 0, 1
(57,16), 0, 1
(57,20), 0, 1
(57,25), 0, 1
(57,31), 0, 1
(57,33), 0, 1
(57,35), 0, 1
(57,41), 0, 1
(57,45), 0, 1
(57,75), 0, 1
(57,88), 0, 1
(57,93), 0, 1
(58,1), 0, 1
(58,5), 0, 1
(58,6), 0, 1
(58,17), 0, 1
(58,18), 0, 1
(58,22), 0, 1
(58,23), 0, 1
(58,43), 0, 1
(58,76), 0, 1
(58,81), 0, 1
(59,11), 0, 1
(59,16), 0, 1
(59,20), 0, 1
(59,25), 0, 1
(59,31), 0, 1
(59,33), 0, 1
(59,35), 0, 1
(59,41), 0, 1
(59,45), 0, 1
(59,75), 0, 1
(59,88), 0, 1
(59,93), 0, 1
(60,11), 0, 1
(60,16), 0, 1
(60,20), 0, 1
(60,25), 0, 1
(60,26), 0, 1
(60,31), 0, 1
(60,33), 0, 1
(60,35), 0, 1
(60,41), 0, 1
(60,75), 0, 1
(60,93), 0, 1
(61,11), 0, 1
(61,16), 0, 1
(61,20), 0, 1
(61,25), 0, 1
(61,26), 0, 1
(61,33), 0, 1
(61,35), 0, 1
(61,41), 0, 1
(61,45), 0, 1
(61,75), 0, 1
(61,88), 0, 1
(61,93), 0, 1
(62,11), 0, 1
(62,16), 0, 1
(62,20), 0, 1
(62,25), 0, 1
(62,31), 0, 1
(62,33), 0, 1
(62,35), 0, 1
(62,41), 0, 1
(62,45), 0, 1
(63,11), 0, 1
(63,16), 0, 1
(63,20), 0, 1
(63,25), 0, 1
(63,31), 0, 1
(63,33), 0, 1
(63,35), 0, 1
(63,41), 0, 1
(63,45), 0, 1
(63,88), 0, 1
(63,93), 0, 1
(64,11), 0, 1
(64,16), 0, 1
(64,20), 0, 1
(64,25), 0, 1
(64,31), 0, 1
(64,33), 0, 1
(64,35), 0, 1
(64,41), 0, 1
(64,45), 0, 1
(64,88), 0, 1
(64,93), 0, 1
(65,11), 0, 1
(65,16), 0, 1
(65,25), 0, 1
(65,31), 0, 1
(65,33), 0, 1
(65,35), 0, 1
(65,41), 0, 1
(65,45), 0, 1
(65,75), 0, 1
(65,88), 0, 1
(65,93), 0, 1
(67,0), 0, 1
(67,1), 0, 1
(67,3), 0, 1
(67,4), 0, 1
(67,5), 0, 1
(67,6), 0, 1
(67,7), 0, 1
(67,8), 0, 1
(67,9), 0, 1
(67,11), 0, 1
(67,12), 0, 1
(67,15), 0, 1
(67,16), 0, 1
(67,17), 0, 1
(67,18), 0, 1
(67,20), 0, 1
(67,21), 0, 1
(67,22), 0, 1
(67,23), 0, 1
(67,25), 0, 1
(67,27), 0, 1
(67,28), 0, 1
(67,31), 0, 1
(67,33), 0, 1
(67,34), 0, 1
(67,35), 0, 1
(67,36), 0, 1
(67,37), 0, 1
(67,38), 0, 1
(67,39), 0, 1
(67,40), 0, 1
(67,41), 0, 1
(67,43), 0, 1
(67,45), 0, 1
(67,46), 0, 1
(67,47), 0, 1
(67,50), 0, 1
(67,53), 0, 1
(67,54), 0, 1
(67,55), 0, 1
(67,56), 0, 1
(67,57), 0, 1
(67,58), 0, 1
(67,59), 0, 1
(67,60), 0, 1
(67,62), 0, 1
(67,63), 0, 1
(67,64), 0, 1
(67,66), 0, 1
(67,69), 0, 1
(67,70), 0, 1
(67,71), 0, 1
(67,72), 0, 1
(67,75), 0, 1
(67,76), 0, 1
(67,77), 0, 1
(67,78), 0, 1
(67,80), 0, 1
(67,81), 0, 1
(67,83), 0, 1
(67,84), 0, 1
(67,86), 0, 1
(67,88), 0, 1
(67,89), 0, 1
(67,91), 0, 1
(67,92), 0, 1
(67,93), 0, 1
(68,1), 0, 1
(68,3), 0, 1
(68,4), 0, 1
(68,6), 0, 1
(68,7), 0, 1
(68,8), 0, 1
(68,9), 0, 1
(68,11), 0, 1
(68,12), 0, 1
(68,15), 0, 1
(68,16), 0, 1
(68,17), 0, 1
(68,18), 0, 1
(68,20), 0, 1
(68,21), 0, 1
(68,22), 0, 1
(68,23), 0, 1
(68,25), 0, 1
(68,27), 0, 1
(68,28), 0, 1
(68,30), 0, 1
(68,31), 0, 1
(68,32), 0, 1
(68,33), 0, 1
(68,34), 0, 1
(68,36), 0, 1
(68,38), 0, 1
(68,39), 0, 1
(68,40), 0, 1
(68,41), 0, 1
(68,43), 0, 1
(68,44), 0, 1
(68,45), 0, 1
(68,46), 0, 1
(68,47), 0, 1
(68,49), 0, 1
(68,50), 0, 1
(68,53), 0, 1
(68,54), 0, 1
(68,55), 0, 1
(68,56), 0, 1
(68,57), 0, 1
(68,58), 0, 1
(68,59), 0, 1
(68,60), 0, 1
(68,61), 0, 1
(68,62), 0, 1
(68,63), 0, 1
(68,64), 0, 1
(68,65), 0, 1
(68,66), 0, 1
(68,67), 0, 1
(68,69), 0, 1
(68,70), 0, 1
(68,72), 0, 1
(68,74), 0, 1
(68,75), 0, 1
(68,77), 0, 1
(68,78), 0, 1
(68,81), 0, 1
(68,83), 0, 1
(68,84), 0, 1
(68,85), 0, 1
(68,86), 0, 1
(68,88), 0, 1
(68,89), 0, 1
(68,91), 0, 1
(68,92), 0, 1
(68,93), 0, 1
(68,94), 0, 1
(69,11), 0, 1
(69,20), 0, 1
(69,25), 0, 1
(69,31), 0, 1
(69,33), 0, 1
(69,35), 0, 1
(69,41), 0, 1
(69,88), 0, 1
(69,93), 0, 1
(70,1), 0, 1
(70,5), 0, 1
(70,17), 0, 1
(70,18), 0, 1
(70,22), 0, 1
(70,23), 0, 1
(70,43), 0, 1
(70,76), 0, 1
(70,81), 0, 1
(71,16), 0, 1
(71,20), 0, 1
(71,25), 0, 1
(71,31), 0, 1
(71,33), 0, 1
(71,41), 0, 1
(71,45), 0, 1
(71,75), 0, 1
(71,87), 0, 1
(71,93), 0, 1
(72,11), 0, 1
(72,16), 0, 1
(72,20), 0, 1
(72,25), 0, 1
(72,26), 0, 1
(72,31), 0, 1
(72,33), 0, 1
(72,35), 0, 1
(72,41), 0, 1
(72,45), 0, 1
(72,88), 0, 1
(72,93), 0, 1
(73,0), 0, 1
(73,1), 0, 1
(73,3), 0, 1
(73,4), 0, 1
(73,5), 0, 1
(73,6), 0, 1
(73,7), 0, 1
(73,8), 0, 1
(73,9), 0, 1
(73,11), 0, 1
(73,12), 0, 1
(73,15), 0, 1
(73,16), 0, 1
(73,17), 0, 1
(73,18), 0, 1
(73,20), 0, 1
(73,21), 0, 1
(73,22), 0, 1
(73,23), 0, 1
(73,25), 0, 1
(73,27), 0, 1
(73,28), 0, 1
(73,30), 0, 1
(73,31), 0, 1
(73,32), 0, 1
(73,34), 0, 1
(73,35), 0, 1
(73,36), 0, 1
(73,37), 0, 1
(73,38), 0, 1
(73,40), 0, 1
(73,41), 0, 1
(73,45), 0, 1
(73,46), 0, 1
(73,47), 0, 1
(73,48), 0, 1
(73,49), 0, 1
(73,50), 0, 1
(73,53), 0, 1
(73,54), 0, 1
(73,55), 0, 1
(73,56), 0, 1
(73,58), 0, 1
(73,59), 0, 1
(73,61), 0, 1
(73,62), 0, 1
(73,63), 0, 1
(73,64), 0, 1
(73,65), 0, 1
(73,67), 0, 1
(73,68), 0, 1
(73,69), 0, 1
(73,71), 0, 1
(73,72), 0, 1
(73,74), 0, 1
(73,75), 0, 1
(73,76), 0, 1
(73,77), 0, 1
(73,78), 0, 1
(73,80), 0, 1
(73,81), 0, 1
(73,83), 0, 1
(73,84), 0, 1
(73,85), 0, 1
(73,86), 0, 1
(73,89), 0, 1
(73,90), 0, 1
(73,91), 0, 1
(73,92), 0, 1
(73,93), 0, 1
(73,94), 0, 1
(74,1), 0, 1
(74,6), 0, 1
(74,17), 0, 1
(74,18), 0, 1
(74,22), 0, 1
(74,43), 0, 1
(74,76), 0, 1
(74,81), 0, 1
(75,1), 0, 1
(75,5), 0, 1
(75,6), 0, 1
(75,17), 0, 1
(75,18), 0, 1
(75,22), 0, 1
(75,43), 0, 1
(75,81), 0, 1
(76,11), 0, 1
(76,16), 0, 1
(76,20), 0, 1
(76,25), 0, 1
(76,33), 0, 1
(76,35), 0, 1
(76,41), 0, 1
(76,45), 0, 1
(76,75), 0, 1
(76,88), 0, 1
(76,93), 0, 1
(77,1), 0, 1
(77,5), 0, 1
(77,6), 0, 1
(77,18), 0, 1
(77,22), 0, 1
(77,43), 0, 1
(77,76), 0, 1
(77,81), 0, 1
(78,11), 0, 1
(78,16), 0, 1
(78,25), 0, 1
(78,31), 0, 1
(78,35), 0, 1
(78,41), 0, 1
(78,45), 0, 1
(78,93), 0, 1
(79,0), 0, 1
(79,1), 0, 1
(79,3), 0, 1
(79,4), 0, 1
(79,6), 0, 1
(79,7), 0, 1
(79,8), 0, 1
(79,9), 0, 1
(79,11), 0, 1
(79,12), 0, 1
(79,15), 0, 1
(79,16), 0, 1
(79,18), 0, 1
(79,20), 0, 1
(79,21), 0, 1
(79,22), 0, 1
(79,25), 0, 1
(79,27), 0, 1
(79,30), 0, 1
(79,31), 0, 1
(79,32), 0, 1
(79,33), 0, 1
(79,34), 0, 1
(79,35), 0, 1
(79,36), 0, 1
(79,37), 0, 1
(79,38), 0, 1
(79,40), 0, 1
(79,41), 0, 1
(79,43), 0, 1
(79,45), 0, 1
(79,46), 0, 1
(79,47), 0, 1
(79,49), 0, 1
(79,50), 0, 1
(79,53), 0, 1
(79,54), 0, 1
(79,55), 0, 1
(79,58), 0, 1
(79,59), 0, 1
(79,60), 0, 1
(79,61), 0, 1
(79,62), 0, 1
(79,63), 0, 1
(79,64), 0, 1
(79,66), 0, 1
(79,67), 0, 1
(79,68), 0, 1
(79,69), 0, 1
(79,70), 0, 1
(79,71), 0, 1
(79,72), 0, 1
(79,74), 0, 1
(79,76), 0, 1
(79,77), 0, 1
(79,78), 0, 1
(79,80), 0, 1
(79,81), 0, 1
(79,83), 0, 1
(79,84), 0, 1
(79,85), 0, 1
(79,86), 0, 1
(79,88), 0, 1
(79,89), 0, 1
(79,91), 0, 1
(79,92), 0, 1
(79,93), 0, 1
(79,94), 0, 1
(80,11), 0, 1
(80,16), 0, 1
(80,20), 0, 1
(80,25), 0, 1
(80,31), 0, 1
(80,35), 0, 1
(80,41), 0, 1
(80,45), 0, 1
(80,88), 0, 1
(80,93), 0, 1
(81,11), 0, 1
(81,20), 0, 1
(81,25), 0, 1
(81,31), 0, 1
(81,33), 0, 1
(81,35), 0, 1
(81,41), 0, 1
(81,45), 0, 1
(81,75), 0, 1
(81,88), 0, 1
(82,11), 0, 1
(82,16), 0, 1
(82,20), 0, 1
(82,25), 0, 1
(82,31), 0, 1
(82,33), 0, 1
(82,35), 0, 1
(82,41), 0, 1
(82,45), 0, 1
(82,88), 0, 1
(82,93), 0, 1
(83,1), 0, 1
(83,5), 0, 1
(83,6), 0, 1
(83,17), 0, 1
(83,18), 0, 1
(83,22), 0, 1
(83,43), 0, 1
(83,76), 0, 1
(83,81), 0, 1
(83,82), 0, 1
(84,11), 0, 1
(84,16), 0, 1
(84,20), 0, 1
(84,25), 0, 1
(84,31), 0, 1
(84,33), 0, 1
(84,35), 0, 1
(84,41), 0, 1
(84,45), 0, 1
(84,75), 0, 1
(84,88), 0, 1
(84,93), 0, 1
(85,11), 0, 1
(85,16), 0, 1
(85,20), 0, 1
(85,25), 0, 1
(85,31), 0, 1
(85,33), 0, 1
(85,35), 0, 1
(85,41), 0, 1
(85,45), 0, 1
(85,75), 0, 1
(85,88), 0, 1
(85,93), 0, 1
(86,16), 0, 1
(86,20), 0, 1
(86,25), 0, 1
(86,31), 0, 1
(86,33), 0, 1
(86,35), 0, 1
(86,41), 0, 1
(86,45), 0, 1
(86,93), 0, 1
(87,1), 0, 1
(87,4), 0, 1
(87,6), 0, 1
(87,7), 0, 1
(87,8), 0, 1
(87,11), 0, 1
(87,14), 0, 1
(87,15), 0, 1
(87,17), 0, 1
(87,18), 0, 1
(87,20), 0, 1
(87,21), 0, 1
(87,22), 0, 1
(87,23), 0, 1
(87,25), 0, 1
(87,27), 0, 1
(87,28), 0, 1
(87,30), 0, 1
(87,31), 0, 1
(87,32), 0, 1
(87,33), 0, 1
(87,34), 0, 1
(87,35), 0, 1
(87,36), 0, 1
(87,39), 0, 1
(87,40), 0, 1
(87,41), 0, 1
(87,42), 0, 1
(87,43), 0, 1
(87,45), 0, 1
(87,46), 0, 1
(87,47), 0, 1
(87,49), 0, 1
(87,50), 0, 1
(87,52), 0, 1
(87,53), 0, 1
(87,55), 0, 1
(87,56), 0, 1
(87,57), 0, 1
(87,58), 0, 1
(87,59), 0, 1
(87,60), 0, 1
(87,61), 0, 1
(87,62), 0, 1
(87,63), 0, 1
(87,64), 0, 1
(87,66), 0, 1
(87,67), 0, 1
(87,68), 0, 1
(87,69), 0, 1
(87,70), 0, 1
(87,71), 0, 1
(87,72), 0, 1
(87,74), 0, 1
(87,75), 0, 1
(87,76), 0, 1
(87,77), 0, 1
(87,78), 0, 1
(87,80), 0, 1
(87,81), 0, 1
(87,83), 0, 1
(87,84), 0, 1
(87,85), 0, 1
(87,89), 0, 1
(87,90), 0, 1
(87,91), 0, 1
(87,92), 0, 1
(87,93), 0, 1
(87,94), 0, 1
(88,11), 0, 1
(88,16), 0, 1
(88,20), 0, 1
(88,25), 0, 1
(88,31), 0, 1
(88,33), 0, 1
(88,35), 0, 1
(88,41), 0, 1
(88,45), 0, 1
(89,10), 0, 1
(89,11), 0, 1
(89,16), 0, 1
(89,20), 0, 1
(89,25), 0, 1
(89,31), 0, 1
(89,35), 0, 1
(89,41), 0, 1
(89,45), 0, 1
(89,75), 0, 1
(89,88), 0, 1
(89,93), 0, 1
(90,1), 0, 1
(90,6), 0, 1
(90,17), 0, 1
(90,18), 0, 1
(90,22), 0, 1
(90,23), 0, 1
(90,43), 0, 1
(90,76), 0, 1
(90,81), 0, 1
(90,82), 0, 1
(91,11), 0, 1
(91,16), 0, 1
(91,20), 0, 1
(91,25), 0, 1
(91,26), 0, 1
(91,31), 0, 1
(91,33), 0, 1
(91,35), 0, 1
(91,41), 0, 1
(91,45), 0, 1
(91,75), 0, 1
(91,93), 0, 1
(92,1), 0, 1
(92,5), 0, 1
(92,6), 0, 1
(92,17), 0, 1
(92,18), 0, 1
(92,22), 0, 1
(92,23), 0, 1
(92,43), 0, 1
(92,76), 0, 1
(92,81), 0, 1
(93,1), 0, 1
(93,5), 0, 1
(93,6), 0, 1
(93,17), 0, 1
(93,18), 0, 1
(93,22), 0, 1
(93,23), 0, 1
(93,43), 0, 1
(93,76), 0, 1
(93,81), 0, 1
(94,11), 0, 1
(94,16), 0, 1
(94,20), 0, 1
(94,25), 0, 1
(94,31), 0, 1
(94,33), 0, 1
(94,35), 0, 1
(94,41), 0, 1
(94,45), 0, 1
(94,88), 0, 1
(94,93), 0, 1
(95,1), 0, 1
(95,3), 0, 1
(95,4), 0, 1
(95,5), 0, 1
(95,6), 0, 1
(95,7), 0, 1
(95,8), 0, 1
(95,9), 0, 1
(95,11), 0, 1
(95,12), 0, 1
(95,15), 0, 1
(95,16), 0, 1
(95,17), 0, 1
(95,18), 0, 1
(95,19), 0, 1
(95,20), 0, 1
(95,21), 0, 1
(95,22), 0, 1
(95,23), 0, 1
(95,25), 0, 1
(95,27), 0, 1
(95,28), 0, 1
(95,31), 0, 1
(95,32), 0, 1
(95,33), 0, 1
(95,34), 0, 1
(95,36), 0, 1
(95,38), 0, 1
(95,39), 0, 1
(95,40), 0, 1
(95,41), 0, 1
(95,43), 0, 1
(95,45), 0, 1
(95,46), 0, 1
(95,47), 0, 1
(95,48), 0, 1
(95,50), 0, 1
(95,53), 0, 1
(95,55), 0, 1
(95,56), 0, 1
(95,57), 0, 1
(95,58), 0, 1
(95,59), 0, 1
(95,61), 0, 1
(95,62), 0, 1
(95,63), 0, 1
(95,64), 0, 1
(95,65), 0, 1
(95,66), 0, 1
(95,67), 0, 1
(95,68), 0, 1
(95,70), 0, 1
(95,71), 0, 1
(95,72), 0, 1
(95,75), 0, 1
(95,76), 0, 1
(95,77), 0, 1
(95,78), 0, 1
(95,81), 0, 1
(95,83), 0, 1
(95,84), 0, 1
(95,86), 0, 1
(95,88), 0, 1
(95,89), 0, 1
(95,92), 0, 1
(95,93), 0, 1
(95,94), 0, 1
(96,11), 0, 1
(96,16), 0, 1
(96,20), 0, 1
(96,25), 0, 1
(96,31), 0, 1
(96,33), 0, 1
(96,35), 0, 1
(96,41), 0, 1
(96,45), 0, 1
(96,75), 0, 1
(96,87), 0, 1
(96,93), 0, 1
(97,1), 0, 1
(97,4), 0, 1
(97,6), 0, 1
(97,7), 0, 1
(97,8), 0, 1
(97,9), 0, 1
(97,11), 0, 1
(97,15), 0, 1
(97,16), 0, 1
(97,17), 0, 1
(97,18), 0, 1
(97,20), 0, 1
(97,21), 0, 1
(97,22), 0, 1
(97,25), 0, 1
(97,27), 0, 1
(97,28), 0, 1
(97,29), 0, 1
(97,30), 0, 1
(97,31), 0, 1
(97,32), 0, 1
(97,33), 0, 1
(97,34), 0, 1
(97,35), 0, 1
(97,36), 0, 1
(97,37), 0, 1
(97,38), 0, 1
(97,40), 0, 1
(97,41), 0, 1
(97,43), 0, 1
(97,45), 0, 1
(97,46), 0, 1
(97,47), 0, 1
(97,49), 0, 1
(97,50), 0, 1
(97,51), 0, 1
(97,53), 0, 1
(97,54), 0, 1
(97,55), 0, 1
(97,56), 0, 1
(97,57), 0, 1
(97,58), 0, 1
(97,59), 0, 1
(97,60), 0, 1
(97,61), 0, 1
(97,62), 0, 1
(97,63), 0, 1
(97,64), 0, 1
(97,66), 0, 1
(97,67), 0, 1
(97,68), 0, 1
(97,69), 0, 1
(97,70), 0, 1
(97,71), 0, 1
(97,72), 0, 1
(97,74), 0, 1
(97,75), 0, 1
(97,76), 0, 1
(97,77), 0, 1
(97,78), 0, 1
(97,80), 0, 1
(97,81), 0, 1
(97,83), 0, 1
(97,84), 0, 1
(97,87), 0, 1
(97,88), 0, 1
(97,89), 0, 1
(97,91), 0, 1
(97,92), 0, 1
(97,94), 0, 1
(98,11), 0, 1
(98,16), 0, 1
(98,20), 0, 1
(98,25), 0, 1
(98,33), 0, 1
(98,35), 0, 1
(98,41), 0, 1
(98,45), 0, 1
(98,75), 0, 1
(98,93), 0, 1
(99,1), 0, 1
(99,2), 0, 1
(99,4), 0, 1
(99,5), 0, 1
(99,6), 0, 1
(99,7), 0, 1
(99,8), 0, 1
(99,9), 0, 1
(99,11), 0, 1
(99,12), 0, 1
(99,14), 0, 1
(99,15), 0, 1
(99,16), 0, 1
(99,17), 0, 1
(99,18), 0, 1
(99,20), 0, 1
(99,21), 0, 1
(99,22), 0, 1
(99,25), 0, 1
(99,27), 0, 1
(99,28), 0, 1
(99,29), 0, 1
(99,30), 0, 1
(99,31), 0, 1
(99,32), 0, 1
(99,33), 0, 1
(99,34), 0, 1
(99,35), 0, 1
(99,36), 0, 1
(99,37), 0, 1
(99,38), 0, 1
(99,39), 0, 1
(99,40), 0, 1
(99,41), 0, 1
(99,43), 0, 1
(99,45), 0, 1
(99,46), 0, 1
(99,47), 0, 1
(99,50), 0, 1
(99,53), 0, 1
(99,54), 0, 1
(99,55), 0, 1
(99,56), 0, 1
(99,58), 0, 1
(99,59), 0, 1
(99,60), 0, 1
(99,61), 0, 1
(99,64), 0, 1
(99,67), 0, 1
(99,68), 0, 1
(99,69), 0, 1
(99,70), 0, 1
(99,71), 0, 1
(99,72), 0, 1
(99,74), 0, 1
(99,75), 0, 1
(99,76), 0, 1
(99,77), 0, 1
(99,78), 0, 1
(99,80), 0, 1
(99,81), 0, 1
(99,83), 0, 1
(99,86), 0, 1
(99,88), 0, 1
(99,89), 0, 1
(99,90), 0, 1
(99,91), 0, 1
(99,92), 0, 1
(99,93), 0, 1
(99,94), 0, 1
