Nr_Pairs = 93
Nr_NDD = 7
Nr_Arcs = 2366
0	0.05
1	0.2875000000000001
2	0.05
3	0.05
4	0.2875000000000001
5	0.05
6	0.2875000000000001
7	0.9
8	0.32499999999999996
9	0.2875000000000001
10	0.1
11	0.05
12	0.9
13	0.05
14	0.1
15	0.925
16	0.925
17	0.32499999999999996
18	0.2875000000000001
19	0.925
20	0.05
21	0.05
22	0.1
23	0.05
24	0.2875000000000001
25	0.05
26	0.925
27	0.05
28	0.05
29	0.05
30	0.9
31	0.05
32	0.1
33	0.05
34	0.9
35	0.2875000000000001
36	0.1
37	0.05
38	0.05
39	0.05
40	0.05
41	0.05
42	0.05
43	0.32499999999999996
44	0.1
45	0.05
46	0.2875000000000001
47	0.1
48	0.2875000000000001
49	0.05
50	0.05
51	0.9
52	0.05
53	0.05
54	0.05
55	0.32499999999999996
56	0.9
57	0.2875000000000001
58	0.05
59	0.05
60	0.9
61	0.05
62	0.1
63	0.9
64	0.2875000000000001
65	0.32499999999999996
66	0.1
67	0.2875000000000001
68	0.9
69	0.05
70	0.32499999999999996
71	0.2875000000000001
72	0.05
73	0.05
74	0.2875000000000001
75	0.05
76	0.05
77	0.05
78	0.32499999999999996
79	0.1
80	0.1
81	0.05
82	0.9
83	0.05
84	0.9
85	0.05
86	0.1
87	0.2875000000000001
88	0.2875000000000001
89	0.05
90	0.05
91	0.9
92	0.05
93	0.0
94	0.0
95	0.0
96	0.0
97	0.0
98	0.0
99	0.0
(0,6), 0, 1
(0,12), 0, 1
(0,44), 0, 1
(0,45), 0, 1
(0,54), 0, 1
(0,73), 0, 1
(0,75), 0, 1
(1,0), 0, 1
(1,2), 0, 1
(1,3), 0, 1
(1,4), 0, 1
(1,5), 0, 1
(1,8), 0, 1
(1,10), 0, 1
(1,11), 0, 1
(1,13), 0, 1
(1,14), 0, 1
(1,17), 0, 1
(1,18), 0, 1
(1,20), 0, 1
(1,21), 0, 1
(1,22), 0, 1
(1,23), 0, 1
(1,24), 0, 1
(1,25), 0, 1
(1,28), 0, 1
(1,29), 0, 1
(1,32), 0, 1
(1,33), 0, 1
(1,35), 0, 1
(1,36), 0, 1
(1,37), 0, 1
(1,38), 0, 1
(1,39), 0, 1
(1,40), 0, 1
(1,41), 0, 1
(1,42), 0, 1
(1,43), 0, 1
(1,44), 0, 1
(1,45), 0, 1
(1,48), 0, 1
(1,49), 0, 1
(1,50), 0, 1
(1,52), 0, 1
(1,53), 0, 1
(1,54), 0, 1
(1,57), 0, 1
(1,58), 0, 1
(1,59), 0, 1
(1,61), 0, 1
(1,62), 0, 1
(1,64), 0, 1
(1,65), 0, 1
(1,66), 0, 1
(1,68), 0, 1
(1,69), 0, 1
(1,70), 0, 1
(1,71), 0, 1
(1,72), 0, 1
(1,73), 0, 1
(1,74), 0, 1
(1,75), 0, 1
(1,76), 0, 1
(1,77), 0, 1
(1,78), 0, 1
(1,79), 0, 1
(1,80), 0, 1
(1,81), 0, 1
(1,82), 0, 1
(1,83), 0, 1
(1,85), 0, 1
(1,86), 0, 1
(1,87), 0, 1
(1,88), 0, 1
(1,89), 0, 1
(1,90), 0, 1
(1,92), 0, 1
(2,6), 0, 1
(2,9), 0, 1
(2,44), 0, 1
(2,45), 0, 1
(2,54), 0, 1
(2,73), 0, 1
(2,75), 0, 1
(3,6), 0, 1
(3,45), 0, 1
(3,52), 0, 1
(3,54), 0, 1
(3,56), 0, 1
(3,73), 0, 1
(3,75), 0, 1
(4,0), 0, 1
(4,1), 0, 1
(4,2), 0, 1
(4,3), 0, 1
(4,5), 0, 1
(4,6), 0, 1
(4,8), 0, 1
(4,10), 0, 1
(4,11), 0, 1
(4,13), 0, 1
(4,14), 0, 1
(4,17), 0, 1
(4,18), 0, 1
(4,20), 0, 1
(4,21), 0, 1
(4,22), 0, 1
(4,23), 0, 1
(4,24), 0, 1
(4,27), 0, 1
(4,28), 0, 1
(4,29), 0, 1
(4,31), 0, 1
(4,32), 0, 1
(4,33), 0, 1
(4,34), 0, 1
(4,35), 0, 1
(4,36), 0, 1
(4,37), 0, 1
(4,38), 0, 1
(4,39), 0, 1
(4,40), 0, 1
(4,41), 0, 1
(4,42), 0, 1
(4,43), 0, 1
(4,44), 0, 1
(4,45), 0, 1
(4,46), 0, 1
(4,47), 0, 1
(4,49), 0, 1
(4,50), 0, 1
(4,52), 0, 1
(4,53), 0, 1
(4,54), 0, 1
(4,55), 0, 1
(4,57), 0, 1
(4,58), 0, 1
(4,59), 0, 1
(4,61), 0, 1
(4,62), 0, 1
(4,65), 0, 1
(4,67), 0, 1
(4,69), 0, 1
(4,70), 0, 1
(4,71), 0, 1
(4,72), 0, 1
(4,73), 0, 1
(4,74), 0, 1
(4,75), 0, 1
(4,76), 0, 1
(4,77), 0, 1
(4,79), 0, 1
(4,80), 0, 1
(4,81), 0, 1
(4,83), 0, 1
(4,85), 0, 1
(4,86), 0, 1
(4,87), 0, 1
(4,89), 0, 1
(4,90), 0, 1
(4,92), 0, 1
(5,9), 0, 1
(5,44), 0, 1
(5,45), 0, 1
(5,52), 0, 1
(5,54), 0, 1
(5,73), 0, 1
(5,75), 0, 1
(6,0), 0, 1
(6,1), 0, 1
(6,2), 0, 1
(6,3), 0, 1
(6,4), 0, 1
(6,5), 0, 1
(6,9), 0, 1
(6,10), 0, 1
(6,11), 0, 1
(6,13), 0, 1
(6,14), 0, 1
(6,17), 0, 1
(6,18), 0, 1
(6,20), 0, 1
(6,21), 0, 1
(6,22), 0, 1
(6,23), 0, 1
(6,24), 0, 1
(6,25), 0, 1
(6,26), 0, 1
(6,27), 0, 1
(6,28), 0, 1
(6,29), 0, 1
(6,31), 0, 1
(6,32), 0, 1
(6,33), 0, 1
(6,34), 0, 1
(6,36), 0, 1
(6,37), 0, 1
(6,38), 0, 1
(6,39), 0, 1
(6,40), 0, 1
(6,41), 0, 1
(6,42), 0, 1
(6,43), 0, 1
(6,44), 0, 1
(6,45), 0, 1
(6,46), 0, 1
(6,47), 0, 1
(6,48), 0, 1
(6,49), 0, 1
(6,50), 0, 1
(6,52), 0, 1
(6,53), 0, 1
(6,54), 0, 1
(6,57), 0, 1
(6,61), 0, 1
(6,62), 0, 1
(6,66), 0, 1
(6,67), 0, 1
(6,69), 0, 1
(6,70), 0, 1
(6,71), 0, 1
(6,72), 0, 1
(6,73), 0, 1
(6,74), 0, 1
(6,75), 0, 1
(6,76), 0, 1
(6,77), 0, 1
(6,78), 0, 1
(6,79), 0, 1
(6,80), 0, 1
(6,81), 0, 1
(6,83), 0, 1
(6,85), 0, 1
(6,86), 0, 1
(6,87), 0, 1
(6,88), 0, 1
(6,89), 0, 1
(6,90), 0, 1
(6,92), 0, 1
(7,6), 0, 1
(7,9), 0, 1
(7,44), 0, 1
(7,45), 0, 1
(7,52), 0, 1
(7,54), 0, 1
(7,75), 0, 1
(8,0), 0, 1
(8,1), 0, 1
(8,2), 0, 1
(8,3), 0, 1
(8,5), 0, 1
(8,6), 0, 1
(8,9), 0, 1
(8,10), 0, 1
(8,11), 0, 1
(8,13), 0, 1
(8,17), 0, 1
(8,18), 0, 1
(8,20), 0, 1
(8,21), 0, 1
(8,22), 0, 1
(8,23), 0, 1
(8,24), 0, 1
(8,25), 0, 1
(8,27), 0, 1
(8,28), 0, 1
(8,29), 0, 1
(8,31), 0, 1
(8,32), 0, 1
(8,33), 0, 1
(8,35), 0, 1
(8,36), 0, 1
(8,37), 0, 1
(8,38), 0, 1
(8,39), 0, 1
(8,40), 0, 1
(8,41), 0, 1
(8,42), 0, 1
(8,43), 0, 1
(8,44), 0, 1
(8,45), 0, 1
(8,46), 0, 1
(8,47), 0, 1
(8,49), 0, 1
(8,50), 0, 1
(8,52), 0, 1
(8,53), 0, 1
(8,54), 0, 1
(8,55), 0, 1
(8,57), 0, 1
(8,58), 0, 1
(8,59), 0, 1
(8,61), 0, 1
(8,62), 0, 1
(8,64), 0, 1
(8,66), 0, 1
(8,67), 0, 1
(8,71), 0, 1
(8,72), 0, 1
(8,73), 0, 1
(8,74), 0, 1
(8,75), 0, 1
(8,76), 0, 1
(8,77), 0, 1
(8,78), 0, 1
(8,79), 0, 1
(8,80), 0, 1
(8,81), 0, 1
(8,82), 0, 1
(8,83), 0, 1
(8,85), 0, 1
(8,86), 0, 1
(8,87), 0, 1
(8,88), 0, 1
(8,89), 0, 1
(8,90), 0, 1
(8,92), 0, 1
(9,0), 0, 1
(9,1), 0, 1
(9,2), 0, 1
(9,3), 0, 1
(9,4), 0, 1
(9,8), 0, 1
(9,10), 0, 1
(9,11), 0, 1
(9,13), 0, 1
(9,14), 0, 1
(9,17), 0, 1
(9,18), 0, 1
(9,20), 0, 1
(9,21), 0, 1
(9,22), 0, 1
(9,23), 0, 1
(9,24), 0, 1
(9,27), 0, 1
(9,28), 0, 1
(9,29), 0, 1
(9,31), 0, 1
(9,32), 0, 1
(9,33), 0, 1
(9,35), 0, 1
(9,36), 0, 1
(9,37), 0, 1
(9,38), 0, 1
(9,39), 0, 1
(9,40), 0, 1
(9,41), 0, 1
(9,42), 0, 1
(9,44), 0, 1
(9,45), 0, 1
(9,47), 0, 1
(9,48), 0, 1
(9,49), 0, 1
(9,50), 0, 1
(9,52), 0, 1
(9,55), 0, 1
(9,57), 0, 1
(9,58), 0, 1
(9,59), 0, 1
(9,61), 0, 1
(9,62), 0, 1
(9,64), 0, 1
(9,69), 0, 1
(9,70), 0, 1
(9,72), 0, 1
(9,73), 0, 1
(9,74), 0, 1
(9,75), 0, 1
(9,76), 0, 1
(9,77), 0, 1
(9,78), 0, 1
(9,79), 0, 1
(9,80), 0, 1
(9,83), 0, 1
(9,85), 0, 1
(9,87), 0, 1
(9,89), 0, 1
(9,90), 0, 1
(9,92), 0, 1
(10,0), 0, 1
(10,1), 0, 1
(10,2), 0, 1
(10,3), 0, 1
(10,4), 0, 1
(10,5), 0, 1
(10,6), 0, 1
(10,8), 0, 1
(10,9), 0, 1
(10,11), 0, 1
(10,13), 0, 1
(10,14), 0, 1
(10,17), 0, 1
(10,20), 0, 1
(10,21), 0, 1
(10,22), 0, 1
(10,23), 0, 1
(10,24), 0, 1
(10,25), 0, 1
(10,26), 0, 1
(10,27), 0, 1
(10,28), 0, 1
(10,29), 0, 1
(10,31), 0, 1
(10,32), 0, 1
(10,33), 0, 1
(10,35), 0, 1
(10,36), 0, 1
(10,37), 0, 1
(10,39), 0, 1
(10,40), 0, 1
(10,41), 0, 1
(10,42), 0, 1
(10,43), 0, 1
(10,45), 0, 1
(10,47), 0, 1
(10,48), 0, 1
(10,49), 0, 1
(10,50), 0, 1
(10,52), 0, 1
(10,53), 0, 1
(10,54), 0, 1
(10,57), 0, 1
(10,58), 0, 1
(10,59), 0, 1
(10,61), 0, 1
(10,62), 0, 1
(10,64), 0, 1
(10,66), 0, 1
(10,71), 0, 1
(10,72), 0, 1
(10,73), 0, 1
(10,74), 0, 1
(10,75), 0, 1
(10,76), 0, 1
(10,77), 0, 1
(10,79), 0, 1
(10,80), 0, 1
(10,81), 0, 1
(10,83), 0, 1
(10,85), 0, 1
(10,86), 0, 1
(10,87), 0, 1
(10,89), 0, 1
(10,90), 0, 1
(10,92), 0, 1
(11,44), 0, 1
(11,45), 0, 1
(11,52), 0, 1
(11,54), 0, 1
(11,73), 0, 1
(11,75), 0, 1
(12,0), 0, 1
(12,1), 0, 1
(12,2), 0, 1
(12,3), 0, 1
(12,4), 0, 1
(12,5), 0, 1
(12,8), 0, 1
(12,9), 0, 1
(12,10), 0, 1
(12,11), 0, 1
(12,13), 0, 1
(12,14), 0, 1
(12,17), 0, 1
(12,18), 0, 1
(12,20), 0, 1
(12,21), 0, 1
(12,22), 0, 1
(12,23), 0, 1
(12,24), 0, 1
(12,25), 0, 1
(12,27), 0, 1
(12,28), 0, 1
(12,29), 0, 1
(12,31), 0, 1
(12,32), 0, 1
(12,33), 0, 1
(12,35), 0, 1
(12,36), 0, 1
(12,37), 0, 1
(12,38), 0, 1
(12,39), 0, 1
(12,40), 0, 1
(12,42), 0, 1
(12,43), 0, 1
(12,44), 0, 1
(12,47), 0, 1
(12,48), 0, 1
(12,49), 0, 1
(12,50), 0, 1
(12,52), 0, 1
(12,53), 0, 1
(12,54), 0, 1
(12,55), 0, 1
(12,57), 0, 1
(12,58), 0, 1
(12,59), 0, 1
(12,61), 0, 1
(12,62), 0, 1
(12,65), 0, 1
(12,66), 0, 1
(12,67), 0, 1
(12,69), 0, 1
(12,70), 0, 1
(12,72), 0, 1
(12,73), 0, 1
(12,74), 0, 1
(12,75), 0, 1
(12,76), 0, 1
(12,77), 0, 1
(12,79), 0, 1
(12,80), 0, 1
(12,81), 0, 1
(12,83), 0, 1
(12,85), 0, 1
(12,86), 0, 1
(12,87), 0, 1
(12,88), 0, 1
(12,89), 0, 1
(12,90), 0, 1
(12,91), 0, 1
(12,92), 0, 1
(13,6), 0, 1
(13,12), 0, 1
(13,44), 0, 1
(13,45), 0, 1
(13,52), 0, 1
(13,54), 0, 1
(13,73), 0, 1
(13,75), 0, 1
(14,9), 0, 1
(14,12), 0, 1
(14,45), 0, 1
(14,52), 0, 1
(14,54), 0, 1
(14,73), 0, 1
(14,75), 0, 1
(15,0), 0, 1
(15,23), 0, 1
(15,27), 0, 1
(15,38), 0, 1
(15,67), 0, 1
(15,74), 0, 1
(16,2), 0, 1
(16,3), 0, 1
(16,4), 0, 1
(16,5), 0, 1
(16,6), 0, 1
(16,8), 0, 1
(16,9), 0, 1
(16,13), 0, 1
(16,14), 0, 1
(16,15), 0, 1
(16,17), 0, 1
(16,18), 0, 1
(16,20), 0, 1
(16,21), 0, 1
(16,22), 0, 1
(16,25), 0, 1
(16,28), 0, 1
(16,29), 0, 1
(16,31), 0, 1
(16,32), 0, 1
(16,33), 0, 1
(16,35), 0, 1
(16,36), 0, 1
(16,37), 0, 1
(16,38), 0, 1
(16,39), 0, 1
(16,40), 0, 1
(16,41), 0, 1
(16,42), 0, 1
(16,43), 0, 1
(16,44), 0, 1
(16,45), 0, 1
(16,46), 0, 1
(16,47), 0, 1
(16,48), 0, 1
(16,49), 0, 1
(16,50), 0, 1
(16,52), 0, 1
(16,53), 0, 1
(16,54), 0, 1
(16,57), 0, 1
(16,58), 0, 1
(16,59), 0, 1
(16,61), 0, 1
(16,62), 0, 1
(16,64), 0, 1
(16,65), 0, 1
(16,66), 0, 1
(16,68), 0, 1
(16,69), 0, 1
(16,70), 0, 1
(16,71), 0, 1
(16,72), 0, 1
(16,73), 0, 1
(16,75), 0, 1
(16,76), 0, 1
(16,77), 0, 1
(16,78), 0, 1
(16,79), 0, 1
(16,81), 0, 1
(16,83), 0, 1
(16,85), 0, 1
(16,87), 0, 1
(16,88), 0, 1
(16,89), 0, 1
(16,90), 0, 1
(16,92), 0, 1
(17,0), 0, 1
(17,2), 0, 1
(17,3), 0, 1
(17,4), 0, 1
(17,5), 0, 1
(17,6), 0, 1
(17,9), 0, 1
(17,10), 0, 1
(17,11), 0, 1
(17,13), 0, 1
(17,14), 0, 1
(17,20), 0, 1
(17,21), 0, 1
(17,22), 0, 1
(17,23), 0, 1
(17,24), 0, 1
(17,25), 0, 1
(17,27), 0, 1
(17,28), 0, 1
(17,29), 0, 1
(17,31), 0, 1
(17,32), 0, 1
(17,33), 0, 1
(17,35), 0, 1
(17,36), 0, 1
(17,38), 0, 1
(17,39), 0, 1
(17,40), 0, 1
(17,42), 0, 1
(17,43), 0, 1
(17,44), 0, 1
(17,45), 0, 1
(17,46), 0, 1
(17,47), 0, 1
(17,48), 0, 1
(17,49), 0, 1
(17,50), 0, 1
(17,52), 0, 1
(17,53), 0, 1
(17,54), 0, 1
(17,55), 0, 1
(17,57), 0, 1
(17,58), 0, 1
(17,59), 0, 1
(17,61), 0, 1
(17,62), 0, 1
(17,65), 0, 1
(17,66), 0, 1
(17,67), 0, 1
(17,69), 0, 1
(17,70), 0, 1
(17,71), 0, 1
(17,72), 0, 1
(17,75), 0, 1
(17,76), 0, 1
(17,77), 0, 1
(17,79), 0, 1
(17,80), 0, 1
(17,81), 0, 1
(17,83), 0, 1
(17,85), 0, 1
(17,86), 0, 1
(17,87), 0, 1
(17,88), 0, 1
(17,89), 0, 1
(17,90), 0, 1
(17,92), 0, 1
(18,6), 0, 1
(18,9), 0, 1
(18,44), 0, 1
(18,45), 0, 1
(18,52), 0, 1
(18,54), 0, 1
(18,73), 0, 1
(18,75), 0, 1
(19,0), 0, 1
(19,6), 0, 1
(19,10), 0, 1
(19,23), 0, 1
(19,24), 0, 1
(19,27), 0, 1
(19,35), 0, 1
(19,38), 0, 1
(19,67), 0, 1
(19,74), 0, 1
(20,9), 0, 1
(20,44), 0, 1
(20,45), 0, 1
(20,52), 0, 1
(20,54), 0, 1
(20,73), 0, 1
(20,75), 0, 1
(21,6), 0, 1
(21,10), 0, 1
(21,23), 0, 1
(21,27), 0, 1
(21,35), 0, 1
(21,38), 0, 1
(21,74), 0, 1
(22,0), 0, 1
(22,1), 0, 1
(22,2), 0, 1
(22,3), 0, 1
(22,4), 0, 1
(22,5), 0, 1
(22,8), 0, 1
(22,10), 0, 1
(22,11), 0, 1
(22,13), 0, 1
(22,14), 0, 1
(22,18), 0, 1
(22,20), 0, 1
(22,21), 0, 1
(22,23), 0, 1
(22,24), 0, 1
(22,25), 0, 1
(22,27), 0, 1
(22,28), 0, 1
(22,29), 0, 1
(22,31), 0, 1
(22,32), 0, 1
(22,33), 0, 1
(22,34), 0, 1
(22,35), 0, 1
(22,36), 0, 1
(22,37), 0, 1
(22,38), 0, 1
(22,39), 0, 1
(22,40), 0, 1
(22,42), 0, 1
(22,43), 0, 1
(22,44), 0, 1
(22,45), 0, 1
(22,46), 0, 1
(22,47), 0, 1
(22,49), 0, 1
(22,50), 0, 1
(22,52), 0, 1
(22,53), 0, 1
(22,54), 0, 1
(22,55), 0, 1
(22,57), 0, 1
(22,58), 0, 1
(22,59), 0, 1
(22,61), 0, 1
(22,62), 0, 1
(22,63), 0, 1
(22,64), 0, 1
(22,65), 0, 1
(22,66), 0, 1
(22,67), 0, 1
(22,69), 0, 1
(22,70), 0, 1
(22,72), 0, 1
(22,73), 0, 1
(22,75), 0, 1
(22,76), 0, 1
(22,77), 0, 1
(22,78), 0, 1
(22,79), 0, 1
(22,81), 0, 1
(22,83), 0, 1
(22,85), 0, 1
(22,86), 0, 1
(22,87), 0, 1
(22,88), 0, 1
(22,89), 0, 1
(22,90), 0, 1
(22,92), 0, 1
(23,0), 0, 1
(23,1), 0, 1
(23,2), 0, 1
(23,3), 0, 1
(23,4), 0, 1
(23,5), 0, 1
(23,8), 0, 1
(23,10), 0, 1
(23,11), 0, 1
(23,13), 0, 1
(23,14), 0, 1
(23,17), 0, 1
(23,18), 0, 1
(23,20), 0, 1
(23,21), 0, 1
(23,25), 0, 1
(23,27), 0, 1
(23,28), 0, 1
(23,29), 0, 1
(23,31), 0, 1
(23,32), 0, 1
(23,33), 0, 1
(23,35), 0, 1
(23,37), 0, 1
(23,38), 0, 1
(23,39), 0, 1
(23,40), 0, 1
(23,41), 0, 1
(23,42), 0, 1
(23,43), 0, 1
(23,44), 0, 1
(23,45), 0, 1
(23,46), 0, 1
(23,47), 0, 1
(23,49), 0, 1
(23,50), 0, 1
(23,52), 0, 1
(23,53), 0, 1
(23,54), 0, 1
(23,57), 0, 1
(23,58), 0, 1
(23,59), 0, 1
(23,61), 0, 1
(23,62), 0, 1
(23,65), 0, 1
(23,66), 0, 1
(23,67), 0, 1
(23,69), 0, 1
(23,70), 0, 1
(23,71), 0, 1
(23,72), 0, 1
(23,73), 0, 1
(23,75), 0, 1
(23,76), 0, 1
(23,77), 0, 1
(23,78), 0, 1
(23,79), 0, 1
(23,80), 0, 1
(23,81), 0, 1
(23,83), 0, 1
(23,84), 0, 1
(23,85), 0, 1
(23,86), 0, 1
(23,88), 0, 1
(23,89), 0, 1
(23,90), 0, 1
(23,92), 0, 1
(24,6), 0, 1
(24,9), 0, 1
(24,44), 0, 1
(24,45), 0, 1
(24,52), 0, 1
(24,54), 0, 1
(24,73), 0, 1
(24,75), 0, 1
(25,6), 0, 1
(25,9), 0, 1
(25,44), 0, 1
(25,45), 0, 1
(25,52), 0, 1
(25,54), 0, 1
(25,56), 0, 1
(25,73), 0, 1
(25,75), 0, 1
(26,6), 0, 1
(27,6), 0, 1
(27,9), 0, 1
(27,44), 0, 1
(27,45), 0, 1
(27,52), 0, 1
(27,54), 0, 1
(27,73), 0, 1
(27,75), 0, 1
(28,9), 0, 1
(28,44), 0, 1
(28,45), 0, 1
(28,52), 0, 1
(28,54), 0, 1
(28,73), 0, 1
(28,75), 0, 1
(29,9), 0, 1
(29,44), 0, 1
(29,45), 0, 1
(29,52), 0, 1
(29,54), 0, 1
(29,73), 0, 1
(29,75), 0, 1
(30,0), 0, 1
(30,19), 0, 1
(30,23), 0, 1
(30,27), 0, 1
(30,38), 0, 1
(30,74), 0, 1
(32,0), 0, 1
(32,1), 0, 1
(32,2), 0, 1
(32,3), 0, 1
(32,5), 0, 1
(32,6), 0, 1
(32,8), 0, 1
(32,10), 0, 1
(32,11), 0, 1
(32,13), 0, 1
(32,14), 0, 1
(32,17), 0, 1
(32,19), 0, 1
(32,20), 0, 1
(32,21), 0, 1
(32,22), 0, 1
(32,23), 0, 1
(32,24), 0, 1
(32,25), 0, 1
(32,28), 0, 1
(32,29), 0, 1
(32,31), 0, 1
(32,35), 0, 1
(32,36), 0, 1
(32,37), 0, 1
(32,38), 0, 1
(32,39), 0, 1
(32,40), 0, 1
(32,41), 0, 1
(32,42), 0, 1
(32,43), 0, 1
(32,44), 0, 1
(32,45), 0, 1
(32,46), 0, 1
(32,47), 0, 1
(32,48), 0, 1
(32,49), 0, 1
(32,50), 0, 1
(32,52), 0, 1
(32,53), 0, 1
(32,54), 0, 1
(32,55), 0, 1
(32,57), 0, 1
(32,58), 0, 1
(32,59), 0, 1
(32,61), 0, 1
(32,62), 0, 1
(32,64), 0, 1
(32,66), 0, 1
(32,69), 0, 1
(32,70), 0, 1
(32,72), 0, 1
(32,73), 0, 1
(32,74), 0, 1
(32,75), 0, 1
(32,76), 0, 1
(32,77), 0, 1
(32,78), 0, 1
(32,79), 0, 1
(32,80), 0, 1
(32,81), 0, 1
(32,83), 0, 1
(32,85), 0, 1
(32,86), 0, 1
(32,87), 0, 1
(32,88), 0, 1
(32,89), 0, 1
(32,90), 0, 1
(32,92), 0, 1
(33,6), 0, 1
(33,9), 0, 1
(33,12), 0, 1
(33,44), 0, 1
(33,45), 0, 1
(33,52), 0, 1
(33,54), 0, 1
(33,73), 0, 1
(33,75), 0, 1
(34,6), 0, 1
(34,44), 0, 1
(34,45), 0, 1
(34,52), 0, 1
(34,54), 0, 1
(34,73), 0, 1
(34,75), 0, 1
(35,0), 0, 1
(35,6), 0, 1
(35,10), 0, 1
(35,19), 0, 1
(35,23), 0, 1
(35,24), 0, 1
(35,27), 0, 1
(35,38), 0, 1
(35,67), 0, 1
(36,6), 0, 1
(36,9), 0, 1
(36,12), 0, 1
(36,44), 0, 1
(36,45), 0, 1
(36,52), 0, 1
(36,54), 0, 1
(36,73), 0, 1
(36,75), 0, 1
(37,0), 0, 1
(37,6), 0, 1
(37,23), 0, 1
(37,24), 0, 1
(37,27), 0, 1
(37,38), 0, 1
(37,67), 0, 1
(38,1), 0, 1
(38,2), 0, 1
(38,3), 0, 1
(38,4), 0, 1
(38,5), 0, 1
(38,6), 0, 1
(38,8), 0, 1
(38,9), 0, 1
(38,10), 0, 1
(38,11), 0, 1
(38,13), 0, 1
(38,14), 0, 1
(38,17), 0, 1
(38,20), 0, 1
(38,21), 0, 1
(38,23), 0, 1
(38,24), 0, 1
(38,25), 0, 1
(38,27), 0, 1
(38,28), 0, 1
(38,30), 0, 1
(38,32), 0, 1
(38,33), 0, 1
(38,35), 0, 1
(38,36), 0, 1
(38,37), 0, 1
(38,39), 0, 1
(38,40), 0, 1
(38,41), 0, 1
(38,45), 0, 1
(38,46), 0, 1
(38,47), 0, 1
(38,48), 0, 1
(38,49), 0, 1
(38,50), 0, 1
(38,51), 0, 1
(38,52), 0, 1
(38,53), 0, 1
(38,54), 0, 1
(38,57), 0, 1
(38,58), 0, 1
(38,59), 0, 1
(38,61), 0, 1
(38,62), 0, 1
(38,65), 0, 1
(38,68), 0, 1
(38,70), 0, 1
(38,71), 0, 1
(38,72), 0, 1
(38,73), 0, 1
(38,75), 0, 1
(38,76), 0, 1
(38,77), 0, 1
(38,78), 0, 1
(38,79), 0, 1
(38,80), 0, 1
(38,81), 0, 1
(38,83), 0, 1
(38,85), 0, 1
(38,86), 0, 1
(38,87), 0, 1
(38,89), 0, 1
(38,90), 0, 1
(38,92), 0, 1
(39,0), 0, 1
(39,6), 0, 1
(39,23), 0, 1
(39,24), 0, 1
(39,27), 0, 1
(39,35), 0, 1
(39,38), 0, 1
(39,67), 0, 1
(39,74), 0, 1
(40,6), 0, 1
(40,9), 0, 1
(40,44), 0, 1
(40,45), 0, 1
(40,52), 0, 1
(40,54), 0, 1
(40,73), 0, 1
(40,75), 0, 1
(41,0), 0, 1
(41,6), 0, 1
(41,10), 0, 1
(41,23), 0, 1
(41,24), 0, 1
(41,27), 0, 1
(41,35), 0, 1
(41,38), 0, 1
(41,67), 0, 1
(41,74), 0, 1
(43,6), 0, 1
(43,9), 0, 1
(43,44), 0, 1
(43,45), 0, 1
(43,52), 0, 1
(43,54), 0, 1
(43,73), 0, 1
(43,75), 0, 1
(44,6), 0, 1
(44,45), 0, 1
(44,52), 0, 1
(44,54), 0, 1
(44,73), 0, 1
(44,75), 0, 1
(45,44), 0, 1
(45,52), 0, 1
(45,54), 0, 1
(45,73), 0, 1
(45,75), 0, 1
(46,0), 0, 1
(46,1), 0, 1
(46,3), 0, 1
(46,4), 0, 1
(46,5), 0, 1
(46,6), 0, 1
(46,8), 0, 1
(46,10), 0, 1
(46,11), 0, 1
(46,13), 0, 1
(46,14), 0, 1
(46,17), 0, 1
(46,18), 0, 1
(46,19), 0, 1
(46,20), 0, 1
(46,22), 0, 1
(46,25), 0, 1
(46,27), 0, 1
(46,28), 0, 1
(46,29), 0, 1
(46,31), 0, 1
(46,32), 0, 1
(46,33), 0, 1
(46,36), 0, 1
(46,37), 0, 1
(46,38), 0, 1
(46,39), 0, 1
(46,40), 0, 1
(46,41), 0, 1
(46,42), 0, 1
(46,45), 0, 1
(46,47), 0, 1
(46,48), 0, 1
(46,49), 0, 1
(46,50), 0, 1
(46,52), 0, 1
(46,53), 0, 1
(46,54), 0, 1
(46,55), 0, 1
(46,58), 0, 1
(46,59), 0, 1
(46,61), 0, 1
(46,62), 0, 1
(46,64), 0, 1
(46,65), 0, 1
(46,66), 0, 1
(46,67), 0, 1
(46,69), 0, 1
(46,70), 0, 1
(46,71), 0, 1
(46,72), 0, 1
(46,73), 0, 1
(46,75), 0, 1
(46,76), 0, 1
(46,77), 0, 1
(46,78), 0, 1
(46,79), 0, 1
(46,80), 0, 1
(46,81), 0, 1
(46,83), 0, 1
(46,85), 0, 1
(46,86), 0, 1
(46,87), 0, 1
(46,88), 0, 1
(46,89), 0, 1
(46,90), 0, 1
(46,92), 0, 1
(47,6), 0, 1
(47,44), 0, 1
(47,45), 0, 1
(47,52), 0, 1
(47,54), 0, 1
(47,73), 0, 1
(48,9), 0, 1
(48,44), 0, 1
(48,45), 0, 1
(48,52), 0, 1
(48,54), 0, 1
(48,73), 0, 1
(48,75), 0, 1
(49,0), 0, 1
(49,10), 0, 1
(49,23), 0, 1
(49,24), 0, 1
(49,27), 0, 1
(49,35), 0, 1
(49,38), 0, 1
(49,67), 0, 1
(50,6), 0, 1
(50,9), 0, 1
(50,45), 0, 1
(50,52), 0, 1
(50,54), 0, 1
(50,73), 0, 1
(50,75), 0, 1
(51,0), 0, 1
(51,6), 0, 1
(51,10), 0, 1
(51,23), 0, 1
(51,24), 0, 1
(51,27), 0, 1
(51,35), 0, 1
(51,38), 0, 1
(51,74), 0, 1
(52,0), 0, 1
(52,6), 0, 1
(52,10), 0, 1
(52,19), 0, 1
(52,23), 0, 1
(52,24), 0, 1
(52,27), 0, 1
(52,35), 0, 1
(52,38), 0, 1
(52,74), 0, 1
(53,44), 0, 1
(53,45), 0, 1
(53,52), 0, 1
(53,54), 0, 1
(53,73), 0, 1
(53,75), 0, 1
(54,0), 0, 1
(54,6), 0, 1
(54,10), 0, 1
(54,23), 0, 1
(54,35), 0, 1
(54,38), 0, 1
(54,67), 0, 1
(54,74), 0, 1
(55,0), 0, 1
(55,1), 0, 1
(55,2), 0, 1
(55,3), 0, 1
(55,4), 0, 1
(55,6), 0, 1
(55,9), 0, 1
(55,10), 0, 1
(55,11), 0, 1
(55,13), 0, 1
(55,14), 0, 1
(55,18), 0, 1
(55,20), 0, 1
(55,21), 0, 1
(55,22), 0, 1
(55,23), 0, 1
(55,24), 0, 1
(55,25), 0, 1
(55,27), 0, 1
(55,28), 0, 1
(55,29), 0, 1
(55,31), 0, 1
(55,32), 0, 1
(55,33), 0, 1
(55,35), 0, 1
(55,36), 0, 1
(55,37), 0, 1
(55,38), 0, 1
(55,39), 0, 1
(55,40), 0, 1
(55,41), 0, 1
(55,42), 0, 1
(55,43), 0, 1
(55,44), 0, 1
(55,45), 0, 1
(55,47), 0, 1
(55,48), 0, 1
(55,49), 0, 1
(55,50), 0, 1
(55,52), 0, 1
(55,53), 0, 1
(55,54), 0, 1
(55,57), 0, 1
(55,58), 0, 1
(55,59), 0, 1
(55,60), 0, 1
(55,61), 0, 1
(55,62), 0, 1
(55,64), 0, 1
(55,65), 0, 1
(55,66), 0, 1
(55,68), 0, 1
(55,69), 0, 1
(55,70), 0, 1
(55,71), 0, 1
(55,72), 0, 1
(55,75), 0, 1
(55,77), 0, 1
(55,78), 0, 1
(55,80), 0, 1
(55,81), 0, 1
(55,83), 0, 1
(55,84), 0, 1
(55,85), 0, 1
(55,86), 0, 1
(55,88), 0, 1
(55,89), 0, 1
(55,90), 0, 1
(56,0), 0, 1
(56,2), 0, 1
(56,3), 0, 1
(56,5), 0, 1
(56,6), 0, 1
(56,8), 0, 1
(56,9), 0, 1
(56,10), 0, 1
(56,11), 0, 1
(56,13), 0, 1
(56,14), 0, 1
(56,17), 0, 1
(56,18), 0, 1
(56,20), 0, 1
(56,21), 0, 1
(56,22), 0, 1
(56,23), 0, 1
(56,24), 0, 1
(56,25), 0, 1
(56,27), 0, 1
(56,28), 0, 1
(56,29), 0, 1
(56,31), 0, 1
(56,32), 0, 1
(56,33), 0, 1
(56,35), 0, 1
(56,36), 0, 1
(56,37), 0, 1
(56,38), 0, 1
(56,39), 0, 1
(56,40), 0, 1
(56,41), 0, 1
(56,42), 0, 1
(56,44), 0, 1
(56,45), 0, 1
(56,46), 0, 1
(56,47), 0, 1
(56,48), 0, 1
(56,49), 0, 1
(56,52), 0, 1
(56,53), 0, 1
(56,54), 0, 1
(56,55), 0, 1
(56,57), 0, 1
(56,59), 0, 1
(56,60), 0, 1
(56,61), 0, 1
(56,62), 0, 1
(56,64), 0, 1
(56,65), 0, 1
(56,66), 0, 1
(56,69), 0, 1
(56,70), 0, 1
(56,71), 0, 1
(56,72), 0, 1
(56,73), 0, 1
(56,74), 0, 1
(56,75), 0, 1
(56,76), 0, 1
(56,77), 0, 1
(56,78), 0, 1
(56,79), 0, 1
(56,80), 0, 1
(56,81), 0, 1
(56,83), 0, 1
(56,85), 0, 1
(56,86), 0, 1
(56,88), 0, 1
(56,89), 0, 1
(56,90), 0, 1
(56,92), 0, 1
(57,0), 0, 1
(57,6), 0, 1
(57,10), 0, 1
(57,23), 0, 1
(57,24), 0, 1
(57,27), 0, 1
(57,38), 0, 1
(57,67), 0, 1
(57,74), 0, 1
(58,0), 0, 1
(58,10), 0, 1
(58,23), 0, 1
(58,24), 0, 1
(58,27), 0, 1
(58,35), 0, 1
(58,38), 0, 1
(58,67), 0, 1
(58,74), 0, 1
(59,6), 0, 1
(59,9), 0, 1
(59,45), 0, 1
(59,52), 0, 1
(59,54), 0, 1
(59,73), 0, 1
(59,75), 0, 1
(60,0), 0, 1
(60,2), 0, 1
(60,3), 0, 1
(60,4), 0, 1
(60,5), 0, 1
(60,6), 0, 1
(60,8), 0, 1
(60,10), 0, 1
(60,11), 0, 1
(60,13), 0, 1
(60,14), 0, 1
(60,17), 0, 1
(60,18), 0, 1
(60,20), 0, 1
(60,21), 0, 1
(60,22), 0, 1
(60,23), 0, 1
(60,24), 0, 1
(60,25), 0, 1
(60,27), 0, 1
(60,28), 0, 1
(60,31), 0, 1
(60,32), 0, 1
(60,33), 0, 1
(60,34), 0, 1
(60,35), 0, 1
(60,36), 0, 1
(60,37), 0, 1
(60,38), 0, 1
(60,39), 0, 1
(60,40), 0, 1
(60,41), 0, 1
(60,42), 0, 1
(60,43), 0, 1
(60,44), 0, 1
(60,45), 0, 1
(60,46), 0, 1
(60,47), 0, 1
(60,49), 0, 1
(60,50), 0, 1
(60,51), 0, 1
(60,52), 0, 1
(60,53), 0, 1
(60,54), 0, 1
(60,55), 0, 1
(60,58), 0, 1
(60,59), 0, 1
(60,61), 0, 1
(60,62), 0, 1
(60,64), 0, 1
(60,65), 0, 1
(60,66), 0, 1
(60,67), 0, 1
(60,69), 0, 1
(60,70), 0, 1
(60,71), 0, 1
(60,72), 0, 1
(60,73), 0, 1
(60,74), 0, 1
(60,75), 0, 1
(60,76), 0, 1
(60,77), 0, 1
(60,80), 0, 1
(60,81), 0, 1
(60,83), 0, 1
(60,85), 0, 1
(60,86), 0, 1
(60,87), 0, 1
(60,88), 0, 1
(60,89), 0, 1
(60,90), 0, 1
(60,92), 0, 1
(61,0), 0, 1
(61,6), 0, 1
(61,10), 0, 1
(61,23), 0, 1
(61,24), 0, 1
(61,27), 0, 1
(61,38), 0, 1
(62,9), 0, 1
(62,44), 0, 1
(62,45), 0, 1
(62,52), 0, 1
(62,54), 0, 1
(62,73), 0, 1
(62,75), 0, 1
(63,6), 0, 1
(63,9), 0, 1
(63,44), 0, 1
(63,45), 0, 1
(63,52), 0, 1
(63,54), 0, 1
(63,73), 0, 1
(63,75), 0, 1
(64,0), 0, 1
(64,1), 0, 1
(64,2), 0, 1
(64,3), 0, 1
(64,4), 0, 1
(64,6), 0, 1
(64,10), 0, 1
(64,11), 0, 1
(64,13), 0, 1
(64,14), 0, 1
(64,17), 0, 1
(64,20), 0, 1
(64,21), 0, 1
(64,22), 0, 1
(64,23), 0, 1
(64,24), 0, 1
(64,25), 0, 1
(64,27), 0, 1
(64,28), 0, 1
(64,29), 0, 1
(64,31), 0, 1
(64,32), 0, 1
(64,33), 0, 1
(64,36), 0, 1
(64,37), 0, 1
(64,39), 0, 1
(64,40), 0, 1
(64,42), 0, 1
(64,44), 0, 1
(64,45), 0, 1
(64,47), 0, 1
(64,48), 0, 1
(64,49), 0, 1
(64,50), 0, 1
(64,51), 0, 1
(64,53), 0, 1
(64,54), 0, 1
(64,55), 0, 1
(64,57), 0, 1
(64,58), 0, 1
(64,59), 0, 1
(64,61), 0, 1
(64,62), 0, 1
(64,65), 0, 1
(64,67), 0, 1
(64,69), 0, 1
(64,70), 0, 1
(64,71), 0, 1
(64,72), 0, 1
(64,73), 0, 1
(64,74), 0, 1
(64,75), 0, 1
(64,76), 0, 1
(64,77), 0, 1
(64,78), 0, 1
(64,79), 0, 1
(64,80), 0, 1
(64,81), 0, 1
(64,83), 0, 1
(64,86), 0, 1
(64,88), 0, 1
(64,89), 0, 1
(64,90), 0, 1
(64,91), 0, 1
(64,92), 0, 1
(65,0), 0, 1
(65,1), 0, 1
(65,2), 0, 1
(65,3), 0, 1
(65,4), 0, 1
(65,5), 0, 1
(65,6), 0, 1
(65,8), 0, 1
(65,9), 0, 1
(65,10), 0, 1
(65,11), 0, 1
(65,13), 0, 1
(65,14), 0, 1
(65,17), 0, 1
(65,18), 0, 1
(65,20), 0, 1
(65,21), 0, 1
(65,23), 0, 1
(65,24), 0, 1
(65,25), 0, 1
(65,27), 0, 1
(65,28), 0, 1
(65,29), 0, 1
(65,31), 0, 1
(65,32), 0, 1
(65,33), 0, 1
(65,35), 0, 1
(65,37), 0, 1
(65,38), 0, 1
(65,39), 0, 1
(65,40), 0, 1
(65,41), 0, 1
(65,43), 0, 1
(65,44), 0, 1
(65,45), 0, 1
(65,46), 0, 1
(65,47), 0, 1
(65,48), 0, 1
(65,49), 0, 1
(65,50), 0, 1
(65,52), 0, 1
(65,53), 0, 1
(65,54), 0, 1
(65,55), 0, 1
(65,57), 0, 1
(65,58), 0, 1
(65,59), 0, 1
(65,60), 0, 1
(65,61), 0, 1
(65,62), 0, 1
(65,64), 0, 1
(65,66), 0, 1
(65,69), 0, 1
(65,70), 0, 1
(65,71), 0, 1
(65,72), 0, 1
(65,73), 0, 1
(65,74), 0, 1
(65,75), 0, 1
(65,77), 0, 1
(65,79), 0, 1
(65,80), 0, 1
(65,81), 0, 1
(65,83), 0, 1
(65,85), 0, 1
(65,86), 0, 1
(65,88), 0, 1
(65,89), 0, 1
(65,90), 0, 1
(65,92), 0, 1
(66,0), 0, 1
(66,10), 0, 1
(66,23), 0, 1
(66,24), 0, 1
(66,27), 0, 1
(66,35), 0, 1
(66,38), 0, 1
(66,67), 0, 1
(66,74), 0, 1
(67,9), 0, 1
(67,44), 0, 1
(67,45), 0, 1
(67,54), 0, 1
(67,56), 0, 1
(67,73), 0, 1
(67,75), 0, 1
(68,0), 0, 1
(68,1), 0, 1
(68,2), 0, 1
(68,3), 0, 1
(68,4), 0, 1
(68,5), 0, 1
(68,8), 0, 1
(68,9), 0, 1
(68,11), 0, 1
(68,13), 0, 1
(68,14), 0, 1
(68,17), 0, 1
(68,18), 0, 1
(68,20), 0, 1
(68,21), 0, 1
(68,22), 0, 1
(68,23), 0, 1
(68,24), 0, 1
(68,25), 0, 1
(68,27), 0, 1
(68,28), 0, 1
(68,29), 0, 1
(68,31), 0, 1
(68,32), 0, 1
(68,33), 0, 1
(68,35), 0, 1
(68,36), 0, 1
(68,38), 0, 1
(68,39), 0, 1
(68,40), 0, 1
(68,41), 0, 1
(68,42), 0, 1
(68,43), 0, 1
(68,45), 0, 1
(68,46), 0, 1
(68,47), 0, 1
(68,49), 0, 1
(68,50), 0, 1
(68,51), 0, 1
(68,52), 0, 1
(68,53), 0, 1
(68,54), 0, 1
(68,55), 0, 1
(68,57), 0, 1
(68,58), 0, 1
(68,61), 0, 1
(68,62), 0, 1
(68,66), 0, 1
(68,67), 0, 1
(68,69), 0, 1
(68,70), 0, 1
(68,71), 0, 1
(68,72), 0, 1
(68,73), 0, 1
(68,76), 0, 1
(68,77), 0, 1
(68,79), 0, 1
(68,80), 0, 1
(68,81), 0, 1
(68,83), 0, 1
(68,85), 0, 1
(68,90), 0, 1
(68,91), 0, 1
(68,92), 0, 1
(69,0), 0, 1
(69,6), 0, 1
(69,10), 0, 1
(69,27), 0, 1
(69,38), 0, 1
(69,67), 0, 1
(69,74), 0, 1
(70,0), 0, 1
(70,6), 0, 1
(70,23), 0, 1
(70,24), 0, 1
(70,27), 0, 1
(70,38), 0, 1
(70,67), 0, 1
(70,74), 0, 1
(71,6), 0, 1
(71,9), 0, 1
(71,44), 0, 1
(71,45), 0, 1
(71,52), 0, 1
(71,54), 0, 1
(71,73), 0, 1
(71,75), 0, 1
(72,6), 0, 1
(72,9), 0, 1
(72,12), 0, 1
(72,44), 0, 1
(72,45), 0, 1
(72,52), 0, 1
(72,54), 0, 1
(72,73), 0, 1
(72,75), 0, 1
(73,0), 0, 1
(73,6), 0, 1
(73,10), 0, 1
(73,23), 0, 1
(73,24), 0, 1
(73,27), 0, 1
(73,35), 0, 1
(73,67), 0, 1
(73,74), 0, 1
(74,6), 0, 1
(74,44), 0, 1
(74,45), 0, 1
(74,52), 0, 1
(74,54), 0, 1
(74,75), 0, 1
(75,0), 0, 1
(75,6), 0, 1
(75,10), 0, 1
(75,23), 0, 1
(75,27), 0, 1
(75,35), 0, 1
(75,38), 0, 1
(75,74), 0, 1
(76,6), 0, 1
(76,45), 0, 1
(76,52), 0, 1
(76,54), 0, 1
(76,73), 0, 1
(76,75), 0, 1
(77,0), 0, 1
(77,6), 0, 1
(77,10), 0, 1
(77,23), 0, 1
(77,24), 0, 1
(77,27), 0, 1
(77,35), 0, 1
(77,38), 0, 1
(78,6), 0, 1
(78,9), 0, 1
(78,44), 0, 1
(78,45), 0, 1
(78,52), 0, 1
(78,54), 0, 1
(78,56), 0, 1
(78,73), 0, 1
(78,75), 0, 1
(79,6), 0, 1
(79,9), 0, 1
(79,44), 0, 1
(79,45), 0, 1
(79,52), 0, 1
(79,54), 0, 1
(79,73), 0, 1
(79,75), 0, 1
(81,6), 0, 1
(81,44), 0, 1
(81,45), 0, 1
(81,52), 0, 1
(81,54), 0, 1
(81,73), 0, 1
(81,75), 0, 1
(82,0), 0, 1
(82,1), 0, 1
(82,2), 0, 1
(82,3), 0, 1
(82,4), 0, 1
(82,5), 0, 1
(82,6), 0, 1
(82,8), 0, 1
(82,9), 0, 1
(82,10), 0, 1
(82,11), 0, 1
(82,13), 0, 1
(82,14), 0, 1
(82,17), 0, 1
(82,18), 0, 1
(82,20), 0, 1
(82,21), 0, 1
(82,22), 0, 1
(82,23), 0, 1
(82,24), 0, 1
(82,25), 0, 1
(82,27), 0, 1
(82,28), 0, 1
(82,29), 0, 1
(82,31), 0, 1
(82,32), 0, 1
(82,33), 0, 1
(82,34), 0, 1
(82,35), 0, 1
(82,36), 0, 1
(82,37), 0, 1
(82,38), 0, 1
(82,39), 0, 1
(82,40), 0, 1
(82,41), 0, 1
(82,42), 0, 1
(82,44), 0, 1
(82,45), 0, 1
(82,47), 0, 1
(82,49), 0, 1
(82,50), 0, 1
(82,52), 0, 1
(82,53), 0, 1
(82,54), 0, 1
(82,55), 0, 1
(82,58), 0, 1
(82,59), 0, 1
(82,61), 0, 1
(82,62), 0, 1
(82,64), 0, 1
(82,65), 0, 1
(82,67), 0, 1
(82,69), 0, 1
(82,70), 0, 1
(82,72), 0, 1
(82,73), 0, 1
(82,74), 0, 1
(82,75), 0, 1
(82,76), 0, 1
(82,77), 0, 1
(82,78), 0, 1
(82,79), 0, 1
(82,81), 0, 1
(82,83), 0, 1
(82,85), 0, 1
(82,86), 0, 1
(82,88), 0, 1
(82,89), 0, 1
(82,90), 0, 1
(82,92), 0, 1
(83,6), 0, 1
(83,9), 0, 1
(83,52), 0, 1
(83,54), 0, 1
(83,73), 0, 1
(83,75), 0, 1
(84,0), 0, 1
(84,2), 0, 1
(84,3), 0, 1
(84,4), 0, 1
(84,5), 0, 1
(84,10), 0, 1
(84,11), 0, 1
(84,13), 0, 1
(84,14), 0, 1
(84,17), 0, 1
(84,18), 0, 1
(84,20), 0, 1
(84,21), 0, 1
(84,22), 0, 1
(84,23), 0, 1
(84,24), 0, 1
(84,25), 0, 1
(84,27), 0, 1
(84,29), 0, 1
(84,31), 0, 1
(84,32), 0, 1
(84,33), 0, 1
(84,35), 0, 1
(84,36), 0, 1
(84,37), 0, 1
(84,38), 0, 1
(84,39), 0, 1
(84,40), 0, 1
(84,41), 0, 1
(84,42), 0, 1
(84,43), 0, 1
(84,44), 0, 1
(84,45), 0, 1
(84,46), 0, 1
(84,47), 0, 1
(84,49), 0, 1
(84,52), 0, 1
(84,53), 0, 1
(84,54), 0, 1
(84,55), 0, 1
(84,57), 0, 1
(84,58), 0, 1
(84,59), 0, 1
(84,61), 0, 1
(84,62), 0, 1
(84,63), 0, 1
(84,65), 0, 1
(84,66), 0, 1
(84,69), 0, 1
(84,70), 0, 1
(84,71), 0, 1
(84,72), 0, 1
(84,73), 0, 1
(84,74), 0, 1
(84,75), 0, 1
(84,76), 0, 1
(84,77), 0, 1
(84,79), 0, 1
(84,80), 0, 1
(84,81), 0, 1
(84,83), 0, 1
(84,85), 0, 1
(84,86), 0, 1
(84,87), 0, 1
(84,88), 0, 1
(84,89), 0, 1
(84,90), 0, 1
(84,92), 0, 1
(85,6), 0, 1
(85,9), 0, 1
(85,44), 0, 1
(85,45), 0, 1
(85,52), 0, 1
(85,54), 0, 1
(85,73), 0, 1
(85,75), 0, 1
(86,9), 0, 1
(86,44), 0, 1
(86,45), 0, 1
(86,52), 0, 1
(86,54), 0, 1
(86,73), 0, 1
(86,75), 0, 1
(87,0), 0, 1
(87,2), 0, 1
(87,3), 0, 1
(87,4), 0, 1
(87,5), 0, 1
(87,6), 0, 1
(87,8), 0, 1
(87,9), 0, 1
(87,10), 0, 1
(87,11), 0, 1
(87,13), 0, 1
(87,14), 0, 1
(87,18), 0, 1
(87,20), 0, 1
(87,22), 0, 1
(87,23), 0, 1
(87,24), 0, 1
(87,25), 0, 1
(87,27), 0, 1
(87,28), 0, 1
(87,29), 0, 1
(87,31), 0, 1
(87,33), 0, 1
(87,35), 0, 1
(87,36), 0, 1
(87,37), 0, 1
(87,38), 0, 1
(87,39), 0, 1
(87,40), 0, 1
(87,41), 0, 1
(87,42), 0, 1
(87,44), 0, 1
(87,45), 0, 1
(87,46), 0, 1
(87,47), 0, 1
(87,49), 0, 1
(87,50), 0, 1
(87,52), 0, 1
(87,53), 0, 1
(87,54), 0, 1
(87,55), 0, 1
(87,56), 0, 1
(87,58), 0, 1
(87,59), 0, 1
(87,61), 0, 1
(87,64), 0, 1
(87,65), 0, 1
(87,69), 0, 1
(87,71), 0, 1
(87,72), 0, 1
(87,73), 0, 1
(87,74), 0, 1
(87,75), 0, 1
(87,76), 0, 1
(87,77), 0, 1
(87,78), 0, 1
(87,79), 0, 1
(87,80), 0, 1
(87,81), 0, 1
(87,83), 0, 1
(87,85), 0, 1
(87,86), 0, 1
(87,88), 0, 1
(87,89), 0, 1
(87,90), 0, 1
(87,91), 0, 1
(87,92), 0, 1
(88,0), 0, 1
(88,10), 0, 1
(88,23), 0, 1
(88,27), 0, 1
(88,35), 0, 1
(88,38), 0, 1
(88,67), 0, 1
(88,74), 0, 1
(89,6), 0, 1
(89,9), 0, 1
(89,44), 0, 1
(89,45), 0, 1
(89,52), 0, 1
(89,54), 0, 1
(89,73), 0, 1
(89,75), 0, 1
(90,6), 0, 1
(90,9), 0, 1
(90,44), 0, 1
(90,45), 0, 1
(90,52), 0, 1
(90,54), 0, 1
(90,73), 0, 1
(90,75), 0, 1
(91,0), 0, 1
(91,1), 0, 1
(91,2), 0, 1
(91,3), 0, 1
(91,4), 0, 1
(91,5), 0, 1
(91,6), 0, 1
(91,9), 0, 1
(91,10), 0, 1
(91,11), 0, 1
(91,13), 0, 1
(91,14), 0, 1
(91,17), 0, 1
(91,18), 0, 1
(91,20), 0, 1
(91,21), 0, 1
(91,22), 0, 1
(91,23), 0, 1
(91,24), 0, 1
(91,25), 0, 1
(91,27), 0, 1
(91,28), 0, 1
(91,29), 0, 1
(91,31), 0, 1
(91,32), 0, 1
(91,33), 0, 1
(91,35), 0, 1
(91,36), 0, 1
(91,38), 0, 1
(91,39), 0, 1
(91,40), 0, 1
(91,41), 0, 1
(91,42), 0, 1
(91,43), 0, 1
(91,45), 0, 1
(91,46), 0, 1
(91,47), 0, 1
(91,48), 0, 1
(91,49), 0, 1
(91,50), 0, 1
(91,52), 0, 1
(91,53), 0, 1
(91,54), 0, 1
(91,55), 0, 1
(91,58), 0, 1
(91,59), 0, 1
(91,61), 0, 1
(91,62), 0, 1
(91,65), 0, 1
(91,66), 0, 1
(91,67), 0, 1
(91,69), 0, 1
(91,70), 0, 1
(91,71), 0, 1
(91,72), 0, 1
(91,73), 0, 1
(91,75), 0, 1
(91,76), 0, 1
(91,77), 0, 1
(91,78), 0, 1
(91,79), 0, 1
(91,80), 0, 1
(91,81), 0, 1
(91,82), 0, 1
(91,83), 0, 1
(91,85), 0, 1
(91,86), 0, 1
(91,87), 0, 1
(91,88), 0, 1
(91,89), 0, 1
(91,90), 0, 1
(91,92), 0, 1
(92,6), 0, 1
(92,45), 0, 1
(92,54), 0, 1
(92,73), 0, 1
(92,75), 0, 1
(93,6), 0, 1
(94,0), 0, 1
(94,1), 0, 1
(94,2), 0, 1
(94,3), 0, 1
(94,4), 0, 1
(94,5), 0, 1
(94,6), 0, 1
(94,9), 0, 1
(94,10), 0, 1
(94,11), 0, 1
(94,13), 0, 1
(94,14), 0, 1
(94,17), 0, 1
(94,19), 0, 1
(94,20), 0, 1
(94,21), 0, 1
(94,22), 0, 1
(94,23), 0, 1
(94,24), 0, 1
(94,25), 0, 1
(94,27), 0, 1
(94,28), 0, 1
(94,29), 0, 1
(94,31), 0, 1
(94,32), 0, 1
(94,35), 0, 1
(94,36), 0, 1
(94,37), 0, 1
(94,38), 0, 1
(94,39), 0, 1
(94,40), 0, 1
(94,41), 0, 1
(94,42), 0, 1
(94,43), 0, 1
(94,44), 0, 1
(94,45), 0, 1
(94,46), 0, 1
(94,47), 0, 1
(94,48), 0, 1
(94,49), 0, 1
(94,50), 0, 1
(94,52), 0, 1
(94,53), 0, 1
(94,54), 0, 1
(94,55), 0, 1
(94,57), 0, 1
(94,58), 0, 1
(94,59), 0, 1
(94,61), 0, 1
(94,62), 0, 1
(94,64), 0, 1
(94,65), 0, 1
(94,66), 0, 1
(94,69), 0, 1
(94,71), 0, 1
(94,72), 0, 1
(94,73), 0, 1
(94,74), 0, 1
(94,75), 0, 1
(94,76), 0, 1
(94,77), 0, 1
(94,79), 0, 1
(94,80), 0, 1
(94,81), 0, 1
(94,83), 0, 1
(94,85), 0, 1
(94,86), 0, 1
(94,87), 0, 1
(94,88), 0, 1
(94,89), 0, 1
(94,90), 0, 1
(94,92), 0, 1
(95,0), 0, 1
(95,10), 0, 1
(95,23), 0, 1
(95,24), 0, 1
(95,27), 0, 1
(95,38), 0, 1
(95,67), 0, 1
(95,74), 0, 1
(96,1), 0, 1
(96,2), 0, 1
(96,3), 0, 1
(96,4), 0, 1
(96,5), 0, 1
(96,7), 0, 1
(96,8), 0, 1
(96,9), 0, 1
(96,11), 0, 1
(96,13), 0, 1
(96,14), 0, 1
(96,17), 0, 1
(96,18), 0, 1
(96,20), 0, 1
(96,21), 0, 1
(96,22), 0, 1
(96,23), 0, 1
(96,24), 0, 1
(96,25), 0, 1
(96,27), 0, 1
(96,28), 0, 1
(96,29), 0, 1
(96,31), 0, 1
(96,32), 0, 1
(96,33), 0, 1
(96,34), 0, 1
(96,36), 0, 1
(96,37), 0, 1
(96,38), 0, 1
(96,39), 0, 1
(96,40), 0, 1
(96,41), 0, 1
(96,42), 0, 1
(96,45), 0, 1
(96,46), 0, 1
(96,47), 0, 1
(96,49), 0, 1
(96,50), 0, 1
(96,52), 0, 1
(96,53), 0, 1
(96,54), 0, 1
(96,55), 0, 1
(96,57), 0, 1
(96,58), 0, 1
(96,59), 0, 1
(96,61), 0, 1
(96,62), 0, 1
(96,64), 0, 1
(96,66), 0, 1
(96,67), 0, 1
(96,69), 0, 1
(96,70), 0, 1
(96,71), 0, 1
(96,72), 0, 1
(96,73), 0, 1
(96,74), 0, 1
(96,76), 0, 1
(96,77), 0, 1
(96,80), 0, 1
(96,81), 0, 1
(96,83), 0, 1
(96,86), 0, 1
(96,87), 0, 1
(96,88), 0, 1
(96,89), 0, 1
(96,90), 0, 1
(96,92), 0, 1
(97,0), 0, 1
(97,1), 0, 1
(97,2), 0, 1
(97,3), 0, 1
(97,4), 0, 1
(97,5), 0, 1
(97,6), 0, 1
(97,7), 0, 1
(97,9), 0, 1
(97,10), 0, 1
(97,11), 0, 1
(97,13), 0, 1
(97,14), 0, 1
(97,20), 0, 1
(97,21), 0, 1
(97,22), 0, 1
(97,23), 0, 1
(97,24), 0, 1
(97,25), 0, 1
(97,27), 0, 1
(97,28), 0, 1
(97,29), 0, 1
(97,31), 0, 1
(97,32), 0, 1
(97,33), 0, 1
(97,35), 0, 1
(97,36), 0, 1
(97,37), 0, 1
(97,38), 0, 1
(97,39), 0, 1
(97,40), 0, 1
(97,41), 0, 1
(97,42), 0, 1
(97,43), 0, 1
(97,44), 0, 1
(97,45), 0, 1
(97,47), 0, 1
(97,48), 0, 1
(97,50), 0, 1
(97,52), 0, 1
(97,53), 0, 1
(97,54), 0, 1
(97,55), 0, 1
(97,57), 0, 1
(97,58), 0, 1
(97,59), 0, 1
(97,60), 0, 1
(97,61), 0, 1
(97,62), 0, 1
(97,64), 0, 1
(97,66), 0, 1
(97,67), 0, 1
(97,69), 0, 1
(97,70), 0, 1
(97,72), 0, 1
(97,73), 0, 1
(97,74), 0, 1
(97,75), 0, 1
(97,76), 0, 1
(97,77), 0, 1
(97,78), 0, 1
(97,79), 0, 1
(97,81), 0, 1
(97,83), 0, 1
(97,85), 0, 1
(97,86), 0, 1
(97,87), 0, 1
(97,89), 0, 1
(97,90), 0, 1
(98,45), 0, 1
(98,52), 0, 1
(98,54), 0, 1
(98,73), 0, 1
(98,75), 0, 1
(99,0), 0, 1
(99,6), 0, 1
(99,10), 0, 1
(99,19), 0, 1
(99,23), 0, 1
(99,24), 0, 1
(99,27), 0, 1
(99,35), 0, 1
(99,38), 0, 1
(99,67), 0, 1
(99,74), 0, 1
