Nr_Pairs = 96
Nr_NDD = 4
Nr_Arcs = 2088
0	0.05
1	0.05
2	0.05
3	0.05
4	0.05
5	0.1
6	0.05
7	0.2875000000000001
8	0.9
9	0.925
10	0.05
11	0.05
12	0.9
13	0.925
14	0.2875000000000001
15	0.05
16	0.2875000000000001
17	0.1
18	0.05
19	0.05
20	0.925
21	0.05
22	0.9
23	0.05
24	0.1
25	0.2875000000000001
26	0.05
27	0.05
28	0.32499999999999996
29	0.05
30	0.9
31	0.05
32	0.05
33	0.05
34	0.9
35	0.1
36	0.925
37	0.1
38	0.9
39	0.05
40	0.05
41	0.1
42	0.9
43	0.05
44	0.05
45	0.05
46	0.05
47	0.1
48	0.2875000000000001
49	0.32499999999999996
50	0.05
51	0.9
52	0.1
53	0.1
54	0.2875000000000001
55	0.05
56	0.2875000000000001
57	0.05
58	0.05
59	0.05
60	0.9
61	0.05
62	0.1
63	0.05
64	0.2875000000000001
65	0.05
66	0.1
67	0.2875000000000001
68	0.05
69	0.2875000000000001
70	0.05
71	0.1
72	0.2875000000000001
73	0.9
74	0.05
75	0.1
76	0.05
77	0.9
78	0.1
79	0.2875000000000001
80	0.2875000000000001
81	0.1
82	0.05
83	0.05
84	0.1
85	0.05
86	0.2875000000000001
87	0.2875000000000001
88	0.1
89	0.2875000000000001
90	0.32499999999999996
91	0.2875000000000001
92	0.1
93	0.2875000000000001
94	0.1
95	0.9
96	0.0
97	0.0
98	0.0
99	0.0
(0,10), 0, 1
(0,11), 0, 1
(0,15), 0, 1
(0,16), 0, 1
(0,46), 0, 1
(0,59), 0, 1
(0,63), 0, 1
(0,71), 0, 1
(0,80), 0, 1
(0,82), 0, 1
(0,88), 0, 1
(0,93), 0, 1
(1,10), 0, 1
(1,11), 0, 1
(1,15), 0, 1
(1,16), 0, 1
(1,46), 0, 1
(1,56), 0, 1
(1,59), 0, 1
(1,60), 0, 1
(1,63), 0, 1
(1,65), 0, 1
(1,71), 0, 1
(1,82), 0, 1
(1,88), 0, 1
(1,93), 0, 1
(2,0), 0, 1
(2,1), 0, 1
(2,3), 0, 1
(2,4), 0, 1
(2,5), 0, 1
(2,6), 0, 1
(2,10), 0, 1
(2,11), 0, 1
(2,14), 0, 1
(2,15), 0, 1
(2,16), 0, 1
(2,17), 0, 1
(2,18), 0, 1
(2,19), 0, 1
(2,21), 0, 1
(2,23), 0, 1
(2,24), 0, 1
(2,25), 0, 1
(2,26), 0, 1
(2,27), 0, 1
(2,29), 0, 1
(2,31), 0, 1
(2,32), 0, 1
(2,33), 0, 1
(2,35), 0, 1
(2,37), 0, 1
(2,39), 0, 1
(2,40), 0, 1
(2,41), 0, 1
(2,43), 0, 1
(2,45), 0, 1
(2,46), 0, 1
(2,47), 0, 1
(2,48), 0, 1
(2,49), 0, 1
(2,50), 0, 1
(2,53), 0, 1
(2,54), 0, 1
(2,55), 0, 1
(2,57), 0, 1
(2,58), 0, 1
(2,59), 0, 1
(2,61), 0, 1
(2,62), 0, 1
(2,63), 0, 1
(2,64), 0, 1
(2,65), 0, 1
(2,66), 0, 1
(2,67), 0, 1
(2,68), 0, 1
(2,69), 0, 1
(2,70), 0, 1
(2,71), 0, 1
(2,72), 0, 1
(2,74), 0, 1
(2,75), 0, 1
(2,76), 0, 1
(2,78), 0, 1
(2,80), 0, 1
(2,81), 0, 1
(2,82), 0, 1
(2,83), 0, 1
(2,84), 0, 1
(2,85), 0, 1
(2,87), 0, 1
(2,88), 0, 1
(2,89), 0, 1
(2,91), 0, 1
(2,92), 0, 1
(2,93), 0, 1
(3,10), 0, 1
(3,11), 0, 1
(3,15), 0, 1
(3,46), 0, 1
(3,56), 0, 1
(3,59), 0, 1
(3,63), 0, 1
(3,65), 0, 1
(3,71), 0, 1
(3,80), 0, 1
(3,82), 0, 1
(3,88), 0, 1
(3,93), 0, 1
(4,11), 0, 1
(4,15), 0, 1
(4,16), 0, 1
(4,46), 0, 1
(4,56), 0, 1
(4,59), 0, 1
(4,63), 0, 1
(4,65), 0, 1
(4,71), 0, 1
(4,82), 0, 1
(4,88), 0, 1
(4,93), 0, 1
(5,10), 0, 1
(5,11), 0, 1
(5,15), 0, 1
(5,16), 0, 1
(5,46), 0, 1
(5,59), 0, 1
(5,63), 0, 1
(5,65), 0, 1
(5,80), 0, 1
(5,82), 0, 1
(5,88), 0, 1
(5,93), 0, 1
(6,9), 0, 1
(6,10), 0, 1
(6,11), 0, 1
(6,15), 0, 1
(6,46), 0, 1
(6,59), 0, 1
(6,63), 0, 1
(6,65), 0, 1
(6,80), 0, 1
(6,82), 0, 1
(6,88), 0, 1
(6,93), 0, 1
(7,18), 0, 1
(7,75), 0, 1
(7,90), 0, 1
(8,0), 0, 1
(8,1), 0, 1
(8,2), 0, 1
(8,3), 0, 1
(8,4), 0, 1
(8,6), 0, 1
(8,7), 0, 1
(8,10), 0, 1
(8,11), 0, 1
(8,15), 0, 1
(8,17), 0, 1
(8,18), 0, 1
(8,19), 0, 1
(8,21), 0, 1
(8,23), 0, 1
(8,24), 0, 1
(8,25), 0, 1
(8,26), 0, 1
(8,27), 0, 1
(8,28), 0, 1
(8,29), 0, 1
(8,31), 0, 1
(8,32), 0, 1
(8,33), 0, 1
(8,35), 0, 1
(8,37), 0, 1
(8,39), 0, 1
(8,40), 0, 1
(8,41), 0, 1
(8,43), 0, 1
(8,44), 0, 1
(8,45), 0, 1
(8,46), 0, 1
(8,47), 0, 1
(8,48), 0, 1
(8,52), 0, 1
(8,53), 0, 1
(8,54), 0, 1
(8,55), 0, 1
(8,57), 0, 1
(8,58), 0, 1
(8,59), 0, 1
(8,62), 0, 1
(8,63), 0, 1
(8,65), 0, 1
(8,66), 0, 1
(8,68), 0, 1
(8,69), 0, 1
(8,70), 0, 1
(8,71), 0, 1
(8,74), 0, 1
(8,76), 0, 1
(8,78), 0, 1
(8,80), 0, 1
(8,81), 0, 1
(8,82), 0, 1
(8,83), 0, 1
(8,84), 0, 1
(8,85), 0, 1
(8,86), 0, 1
(8,87), 0, 1
(8,88), 0, 1
(8,89), 0, 1
(8,90), 0, 1
(8,91), 0, 1
(8,92), 0, 1
(8,93), 0, 1
(8,94), 0, 1
(9,0), 0, 1
(9,1), 0, 1
(9,2), 0, 1
(9,3), 0, 1
(9,4), 0, 1
(9,5), 0, 1
(9,6), 0, 1
(9,7), 0, 1
(9,10), 0, 1
(9,11), 0, 1
(9,14), 0, 1
(9,15), 0, 1
(9,16), 0, 1
(9,17), 0, 1
(9,18), 0, 1
(9,19), 0, 1
(9,21), 0, 1
(9,22), 0, 1
(9,23), 0, 1
(9,24), 0, 1
(9,26), 0, 1
(9,27), 0, 1
(9,29), 0, 1
(9,31), 0, 1
(9,32), 0, 1
(9,33), 0, 1
(9,34), 0, 1
(9,37), 0, 1
(9,39), 0, 1
(9,40), 0, 1
(9,41), 0, 1
(9,44), 0, 1
(9,45), 0, 1
(9,46), 0, 1
(9,47), 0, 1
(9,48), 0, 1
(9,49), 0, 1
(9,53), 0, 1
(9,54), 0, 1
(9,55), 0, 1
(9,57), 0, 1
(9,58), 0, 1
(9,59), 0, 1
(9,61), 0, 1
(9,62), 0, 1
(9,63), 0, 1
(9,64), 0, 1
(9,65), 0, 1
(9,66), 0, 1
(9,67), 0, 1
(9,68), 0, 1
(9,69), 0, 1
(9,70), 0, 1
(9,71), 0, 1
(9,72), 0, 1
(9,74), 0, 1
(9,75), 0, 1
(9,76), 0, 1
(9,80), 0, 1
(9,81), 0, 1
(9,82), 0, 1
(9,83), 0, 1
(9,84), 0, 1
(9,85), 0, 1
(9,86), 0, 1
(9,87), 0, 1
(9,88), 0, 1
(9,90), 0, 1
(9,91), 0, 1
(9,92), 0, 1
(9,93), 0, 1
(9,94), 0, 1
(10,18), 0, 1
(10,75), 0, 1
(10,86), 0, 1
(11,18), 0, 1
(11,75), 0, 1
(12,10), 0, 1
(12,11), 0, 1
(12,15), 0, 1
(12,46), 0, 1
(12,59), 0, 1
(12,63), 0, 1
(12,65), 0, 1
(12,71), 0, 1
(12,80), 0, 1
(12,88), 0, 1
(13,0), 0, 1
(13,1), 0, 1
(13,2), 0, 1
(13,4), 0, 1
(13,5), 0, 1
(13,6), 0, 1
(13,10), 0, 1
(13,11), 0, 1
(13,14), 0, 1
(13,15), 0, 1
(13,16), 0, 1
(13,17), 0, 1
(13,18), 0, 1
(13,19), 0, 1
(13,21), 0, 1
(13,23), 0, 1
(13,24), 0, 1
(13,25), 0, 1
(13,26), 0, 1
(13,27), 0, 1
(13,29), 0, 1
(13,31), 0, 1
(13,32), 0, 1
(13,33), 0, 1
(13,35), 0, 1
(13,37), 0, 1
(13,39), 0, 1
(13,40), 0, 1
(13,41), 0, 1
(13,43), 0, 1
(13,44), 0, 1
(13,45), 0, 1
(13,46), 0, 1
(13,47), 0, 1
(13,49), 0, 1
(13,50), 0, 1
(13,52), 0, 1
(13,53), 0, 1
(13,54), 0, 1
(13,55), 0, 1
(13,56), 0, 1
(13,57), 0, 1
(13,58), 0, 1
(13,59), 0, 1
(13,61), 0, 1
(13,62), 0, 1
(13,63), 0, 1
(13,64), 0, 1
(13,65), 0, 1
(13,66), 0, 1
(13,67), 0, 1
(13,68), 0, 1
(13,69), 0, 1
(13,70), 0, 1
(13,71), 0, 1
(13,72), 0, 1
(13,74), 0, 1
(13,75), 0, 1
(13,76), 0, 1
(13,78), 0, 1
(13,80), 0, 1
(13,81), 0, 1
(13,82), 0, 1
(13,83), 0, 1
(13,85), 0, 1
(13,86), 0, 1
(13,88), 0, 1
(13,89), 0, 1
(13,90), 0, 1
(13,91), 0, 1
(13,92), 0, 1
(13,94), 0, 1
(14,10), 0, 1
(14,11), 0, 1
(14,15), 0, 1
(14,16), 0, 1
(14,46), 0, 1
(14,56), 0, 1
(14,59), 0, 1
(14,63), 0, 1
(14,65), 0, 1
(14,71), 0, 1
(14,80), 0, 1
(14,82), 0, 1
(14,88), 0, 1
(15,18), 0, 1
(15,75), 0, 1
(15,86), 0, 1
(15,90), 0, 1
(16,0), 0, 1
(16,1), 0, 1
(16,2), 0, 1
(16,3), 0, 1
(16,4), 0, 1
(16,5), 0, 1
(16,10), 0, 1
(16,11), 0, 1
(16,15), 0, 1
(16,17), 0, 1
(16,18), 0, 1
(16,19), 0, 1
(16,21), 0, 1
(16,23), 0, 1
(16,24), 0, 1
(16,26), 0, 1
(16,27), 0, 1
(16,28), 0, 1
(16,29), 0, 1
(16,31), 0, 1
(16,32), 0, 1
(16,33), 0, 1
(16,37), 0, 1
(16,39), 0, 1
(16,40), 0, 1
(16,41), 0, 1
(16,43), 0, 1
(16,44), 0, 1
(16,45), 0, 1
(16,46), 0, 1
(16,47), 0, 1
(16,48), 0, 1
(16,50), 0, 1
(16,52), 0, 1
(16,53), 0, 1
(16,54), 0, 1
(16,55), 0, 1
(16,56), 0, 1
(16,57), 0, 1
(16,58), 0, 1
(16,59), 0, 1
(16,60), 0, 1
(16,61), 0, 1
(16,62), 0, 1
(16,63), 0, 1
(16,64), 0, 1
(16,65), 0, 1
(16,66), 0, 1
(16,67), 0, 1
(16,68), 0, 1
(16,69), 0, 1
(16,70), 0, 1
(16,71), 0, 1
(16,74), 0, 1
(16,75), 0, 1
(16,76), 0, 1
(16,78), 0, 1
(16,79), 0, 1
(16,81), 0, 1
(16,82), 0, 1
(16,83), 0, 1
(16,84), 0, 1
(16,85), 0, 1
(16,86), 0, 1
(16,88), 0, 1
(16,89), 0, 1
(16,90), 0, 1
(16,91), 0, 1
(16,92), 0, 1
(16,93), 0, 1
(16,94), 0, 1
(17,18), 0, 1
(17,75), 0, 1
(17,86), 0, 1
(18,10), 0, 1
(18,11), 0, 1
(18,15), 0, 1
(18,16), 0, 1
(18,46), 0, 1
(18,56), 0, 1
(18,59), 0, 1
(18,63), 0, 1
(18,80), 0, 1
(18,82), 0, 1
(18,88), 0, 1
(18,93), 0, 1
(19,10), 0, 1
(19,11), 0, 1
(19,15), 0, 1
(19,46), 0, 1
(19,56), 0, 1
(19,59), 0, 1
(19,63), 0, 1
(19,65), 0, 1
(19,82), 0, 1
(19,88), 0, 1
(19,93), 0, 1
(20,0), 0, 1
(20,1), 0, 1
(20,2), 0, 1
(20,3), 0, 1
(20,4), 0, 1
(20,5), 0, 1
(20,6), 0, 1
(20,7), 0, 1
(20,9), 0, 1
(20,10), 0, 1
(20,11), 0, 1
(20,13), 0, 1
(20,14), 0, 1
(20,15), 0, 1
(20,16), 0, 1
(20,17), 0, 1
(20,18), 0, 1
(20,19), 0, 1
(20,21), 0, 1
(20,23), 0, 1
(20,24), 0, 1
(20,26), 0, 1
(20,27), 0, 1
(20,29), 0, 1
(20,31), 0, 1
(20,32), 0, 1
(20,33), 0, 1
(20,35), 0, 1
(20,37), 0, 1
(20,39), 0, 1
(20,40), 0, 1
(20,41), 0, 1
(20,43), 0, 1
(20,45), 0, 1
(20,46), 0, 1
(20,47), 0, 1
(20,48), 0, 1
(20,49), 0, 1
(20,50), 0, 1
(20,52), 0, 1
(20,53), 0, 1
(20,54), 0, 1
(20,55), 0, 1
(20,56), 0, 1
(20,58), 0, 1
(20,59), 0, 1
(20,60), 0, 1
(20,61), 0, 1
(20,63), 0, 1
(20,65), 0, 1
(20,66), 0, 1
(20,67), 0, 1
(20,68), 0, 1
(20,69), 0, 1
(20,70), 0, 1
(20,71), 0, 1
(20,72), 0, 1
(20,74), 0, 1
(20,75), 0, 1
(20,76), 0, 1
(20,78), 0, 1
(20,81), 0, 1
(20,82), 0, 1
(20,83), 0, 1
(20,84), 0, 1
(20,85), 0, 1
(20,87), 0, 1
(20,90), 0, 1
(20,91), 0, 1
(20,92), 0, 1
(20,94), 0, 1
(21,10), 0, 1
(21,11), 0, 1
(21,15), 0, 1
(21,16), 0, 1
(21,46), 0, 1
(21,59), 0, 1
(21,63), 0, 1
(21,65), 0, 1
(21,71), 0, 1
(21,80), 0, 1
(21,82), 0, 1
(21,88), 0, 1
(21,93), 0, 1
(22,0), 0, 1
(22,1), 0, 1
(22,2), 0, 1
(22,3), 0, 1
(22,4), 0, 1
(22,5), 0, 1
(22,6), 0, 1
(22,7), 0, 1
(22,10), 0, 1
(22,11), 0, 1
(22,12), 0, 1
(22,14), 0, 1
(22,15), 0, 1
(22,17), 0, 1
(22,18), 0, 1
(22,19), 0, 1
(22,21), 0, 1
(22,23), 0, 1
(22,24), 0, 1
(22,25), 0, 1
(22,26), 0, 1
(22,27), 0, 1
(22,28), 0, 1
(22,29), 0, 1
(22,31), 0, 1
(22,32), 0, 1
(22,33), 0, 1
(22,35), 0, 1
(22,37), 0, 1
(22,39), 0, 1
(22,40), 0, 1
(22,41), 0, 1
(22,43), 0, 1
(22,44), 0, 1
(22,45), 0, 1
(22,46), 0, 1
(22,47), 0, 1
(22,48), 0, 1
(22,50), 0, 1
(22,51), 0, 1
(22,52), 0, 1
(22,53), 0, 1
(22,54), 0, 1
(22,55), 0, 1
(22,57), 0, 1
(22,58), 0, 1
(22,59), 0, 1
(22,61), 0, 1
(22,62), 0, 1
(22,63), 0, 1
(22,64), 0, 1
(22,65), 0, 1
(22,66), 0, 1
(22,67), 0, 1
(22,68), 0, 1
(22,69), 0, 1
(22,70), 0, 1
(22,71), 0, 1
(22,72), 0, 1
(22,73), 0, 1
(22,74), 0, 1
(22,76), 0, 1
(22,77), 0, 1
(22,81), 0, 1
(22,82), 0, 1
(22,83), 0, 1
(22,84), 0, 1
(22,85), 0, 1
(22,87), 0, 1
(22,88), 0, 1
(22,89), 0, 1
(22,90), 0, 1
(22,91), 0, 1
(22,92), 0, 1
(22,94), 0, 1
(23,18), 0, 1
(23,75), 0, 1
(23,86), 0, 1
(24,9), 0, 1
(24,10), 0, 1
(24,11), 0, 1
(24,15), 0, 1
(24,46), 0, 1
(24,59), 0, 1
(24,65), 0, 1
(24,71), 0, 1
(24,80), 0, 1
(24,82), 0, 1
(24,88), 0, 1
(24,93), 0, 1
(25,18), 0, 1
(25,75), 0, 1
(25,86), 0, 1
(25,90), 0, 1
(26,10), 0, 1
(26,11), 0, 1
(26,15), 0, 1
(26,16), 0, 1
(26,46), 0, 1
(26,56), 0, 1
(26,59), 0, 1
(26,63), 0, 1
(26,65), 0, 1
(26,71), 0, 1
(26,82), 0, 1
(26,88), 0, 1
(27,10), 0, 1
(27,11), 0, 1
(27,15), 0, 1
(27,16), 0, 1
(27,46), 0, 1
(27,59), 0, 1
(27,63), 0, 1
(27,65), 0, 1
(27,71), 0, 1
(27,80), 0, 1
(27,82), 0, 1
(27,88), 0, 1
(27,93), 0, 1
(28,10), 0, 1
(28,11), 0, 1
(28,15), 0, 1
(28,16), 0, 1
(28,46), 0, 1
(28,59), 0, 1
(28,65), 0, 1
(28,71), 0, 1
(28,82), 0, 1
(28,88), 0, 1
(29,18), 0, 1
(29,75), 0, 1
(29,86), 0, 1
(29,90), 0, 1
(30,10), 0, 1
(30,11), 0, 1
(30,15), 0, 1
(30,16), 0, 1
(30,46), 0, 1
(30,59), 0, 1
(30,60), 0, 1
(30,63), 0, 1
(30,65), 0, 1
(30,71), 0, 1
(30,82), 0, 1
(30,88), 0, 1
(31,18), 0, 1
(31,75), 0, 1
(31,86), 0, 1
(31,90), 0, 1
(32,18), 0, 1
(32,75), 0, 1
(32,90), 0, 1
(34,1), 0, 1
(34,2), 0, 1
(34,3), 0, 1
(34,4), 0, 1
(34,5), 0, 1
(34,6), 0, 1
(34,7), 0, 1
(34,10), 0, 1
(34,11), 0, 1
(34,13), 0, 1
(34,14), 0, 1
(34,15), 0, 1
(34,17), 0, 1
(34,18), 0, 1
(34,19), 0, 1
(34,21), 0, 1
(34,23), 0, 1
(34,24), 0, 1
(34,25), 0, 1
(34,26), 0, 1
(34,27), 0, 1
(34,29), 0, 1
(34,31), 0, 1
(34,32), 0, 1
(34,33), 0, 1
(34,35), 0, 1
(34,37), 0, 1
(34,40), 0, 1
(34,43), 0, 1
(34,44), 0, 1
(34,45), 0, 1
(34,46), 0, 1
(34,47), 0, 1
(34,49), 0, 1
(34,50), 0, 1
(34,53), 0, 1
(34,54), 0, 1
(34,55), 0, 1
(34,57), 0, 1
(34,58), 0, 1
(34,59), 0, 1
(34,61), 0, 1
(34,62), 0, 1
(34,63), 0, 1
(34,64), 0, 1
(34,65), 0, 1
(34,66), 0, 1
(34,67), 0, 1
(34,68), 0, 1
(34,70), 0, 1
(34,71), 0, 1
(34,74), 0, 1
(34,75), 0, 1
(34,76), 0, 1
(34,78), 0, 1
(34,79), 0, 1
(34,80), 0, 1
(34,81), 0, 1
(34,82), 0, 1
(34,83), 0, 1
(34,84), 0, 1
(34,85), 0, 1
(34,86), 0, 1
(34,87), 0, 1
(34,88), 0, 1
(34,90), 0, 1
(34,91), 0, 1
(34,92), 0, 1
(34,93), 0, 1
(34,94), 0, 1
(35,10), 0, 1
(35,15), 0, 1
(35,16), 0, 1
(35,46), 0, 1
(35,56), 0, 1
(35,59), 0, 1
(35,63), 0, 1
(35,65), 0, 1
(35,71), 0, 1
(35,80), 0, 1
(35,82), 0, 1
(35,88), 0, 1
(36,9), 0, 1
(36,10), 0, 1
(36,11), 0, 1
(36,15), 0, 1
(36,16), 0, 1
(36,46), 0, 1
(36,59), 0, 1
(36,63), 0, 1
(36,65), 0, 1
(36,80), 0, 1
(36,82), 0, 1
(36,88), 0, 1
(37,18), 0, 1
(37,75), 0, 1
(37,86), 0, 1
(38,0), 0, 1
(38,1), 0, 1
(38,2), 0, 1
(38,3), 0, 1
(38,4), 0, 1
(38,5), 0, 1
(38,8), 0, 1
(38,10), 0, 1
(38,11), 0, 1
(38,14), 0, 1
(38,15), 0, 1
(38,17), 0, 1
(38,18), 0, 1
(38,19), 0, 1
(38,21), 0, 1
(38,23), 0, 1
(38,24), 0, 1
(38,25), 0, 1
(38,26), 0, 1
(38,27), 0, 1
(38,29), 0, 1
(38,31), 0, 1
(38,32), 0, 1
(38,33), 0, 1
(38,35), 0, 1
(38,37), 0, 1
(38,39), 0, 1
(38,40), 0, 1
(38,41), 0, 1
(38,43), 0, 1
(38,44), 0, 1
(38,45), 0, 1
(38,46), 0, 1
(38,47), 0, 1
(38,48), 0, 1
(38,50), 0, 1
(38,52), 0, 1
(38,53), 0, 1
(38,54), 0, 1
(38,55), 0, 1
(38,56), 0, 1
(38,57), 0, 1
(38,58), 0, 1
(38,59), 0, 1
(38,61), 0, 1
(38,62), 0, 1
(38,63), 0, 1
(38,64), 0, 1
(38,65), 0, 1
(38,66), 0, 1
(38,67), 0, 1
(38,69), 0, 1
(38,70), 0, 1
(38,71), 0, 1
(38,72), 0, 1
(38,74), 0, 1
(38,75), 0, 1
(38,76), 0, 1
(38,78), 0, 1
(38,80), 0, 1
(38,81), 0, 1
(38,82), 0, 1
(38,83), 0, 1
(38,85), 0, 1
(38,86), 0, 1
(38,87), 0, 1
(38,88), 0, 1
(38,89), 0, 1
(38,90), 0, 1
(38,92), 0, 1
(38,93), 0, 1
(38,94), 0, 1
(39,10), 0, 1
(39,11), 0, 1
(39,15), 0, 1
(39,46), 0, 1
(39,56), 0, 1
(39,59), 0, 1
(39,63), 0, 1
(39,65), 0, 1
(39,71), 0, 1
(39,80), 0, 1
(39,82), 0, 1
(39,88), 0, 1
(39,93), 0, 1
(40,10), 0, 1
(40,11), 0, 1
(40,15), 0, 1
(40,46), 0, 1
(40,56), 0, 1
(40,59), 0, 1
(40,63), 0, 1
(40,65), 0, 1
(40,82), 0, 1
(40,88), 0, 1
(40,93), 0, 1
(41,18), 0, 1
(41,75), 0, 1
(41,86), 0, 1
(42,10), 0, 1
(42,11), 0, 1
(42,15), 0, 1
(42,16), 0, 1
(42,46), 0, 1
(42,56), 0, 1
(42,59), 0, 1
(42,63), 0, 1
(42,71), 0, 1
(42,80), 0, 1
(42,82), 0, 1
(42,88), 0, 1
(42,93), 0, 1
(43,10), 0, 1
(43,11), 0, 1
(43,15), 0, 1
(43,16), 0, 1
(43,46), 0, 1
(43,56), 0, 1
(43,59), 0, 1
(43,63), 0, 1
(43,65), 0, 1
(43,71), 0, 1
(43,80), 0, 1
(43,82), 0, 1
(43,88), 0, 1
(44,10), 0, 1
(44,11), 0, 1
(44,15), 0, 1
(44,16), 0, 1
(44,46), 0, 1
(44,56), 0, 1
(44,59), 0, 1
(44,63), 0, 1
(44,65), 0, 1
(44,71), 0, 1
(44,82), 0, 1
(44,88), 0, 1
(44,93), 0, 1
(45,10), 0, 1
(45,15), 0, 1
(45,46), 0, 1
(45,56), 0, 1
(45,59), 0, 1
(45,63), 0, 1
(45,65), 0, 1
(45,71), 0, 1
(45,80), 0, 1
(45,88), 0, 1
(45,93), 0, 1
(46,18), 0, 1
(46,75), 0, 1
(46,86), 0, 1
(46,90), 0, 1
(47,10), 0, 1
(47,11), 0, 1
(47,15), 0, 1
(47,16), 0, 1
(47,46), 0, 1
(47,59), 0, 1
(47,63), 0, 1
(47,65), 0, 1
(47,71), 0, 1
(47,80), 0, 1
(47,82), 0, 1
(47,88), 0, 1
(47,93), 0, 1
(48,18), 0, 1
(48,75), 0, 1
(48,86), 0, 1
(48,90), 0, 1
(49,18), 0, 1
(49,75), 0, 1
(49,86), 0, 1
(50,10), 0, 1
(50,11), 0, 1
(50,15), 0, 1
(50,16), 0, 1
(50,46), 0, 1
(50,56), 0, 1
(50,59), 0, 1
(50,63), 0, 1
(50,65), 0, 1
(50,71), 0, 1
(50,80), 0, 1
(50,82), 0, 1
(50,88), 0, 1
(52,10), 0, 1
(52,11), 0, 1
(52,15), 0, 1
(52,46), 0, 1
(52,59), 0, 1
(52,63), 0, 1
(52,65), 0, 1
(52,71), 0, 1
(52,80), 0, 1
(52,82), 0, 1
(52,88), 0, 1
(52,93), 0, 1
(53,10), 0, 1
(53,11), 0, 1
(53,15), 0, 1
(53,46), 0, 1
(53,59), 0, 1
(53,60), 0, 1
(53,63), 0, 1
(53,65), 0, 1
(53,71), 0, 1
(53,80), 0, 1
(53,82), 0, 1
(53,88), 0, 1
(54,0), 0, 1
(54,1), 0, 1
(54,2), 0, 1
(54,3), 0, 1
(54,4), 0, 1
(54,5), 0, 1
(54,6), 0, 1
(54,7), 0, 1
(54,9), 0, 1
(54,10), 0, 1
(54,11), 0, 1
(54,12), 0, 1
(54,15), 0, 1
(54,17), 0, 1
(54,18), 0, 1
(54,19), 0, 1
(54,20), 0, 1
(54,21), 0, 1
(54,23), 0, 1
(54,24), 0, 1
(54,26), 0, 1
(54,27), 0, 1
(54,29), 0, 1
(54,30), 0, 1
(54,31), 0, 1
(54,32), 0, 1
(54,33), 0, 1
(54,35), 0, 1
(54,37), 0, 1
(54,39), 0, 1
(54,40), 0, 1
(54,41), 0, 1
(54,43), 0, 1
(54,44), 0, 1
(54,45), 0, 1
(54,46), 0, 1
(54,47), 0, 1
(54,48), 0, 1
(54,49), 0, 1
(54,50), 0, 1
(54,52), 0, 1
(54,53), 0, 1
(54,55), 0, 1
(54,56), 0, 1
(54,57), 0, 1
(54,58), 0, 1
(54,59), 0, 1
(54,61), 0, 1
(54,62), 0, 1
(54,63), 0, 1
(54,64), 0, 1
(54,65), 0, 1
(54,66), 0, 1
(54,67), 0, 1
(54,68), 0, 1
(54,69), 0, 1
(54,70), 0, 1
(54,71), 0, 1
(54,74), 0, 1
(54,75), 0, 1
(54,76), 0, 1
(54,78), 0, 1
(54,79), 0, 1
(54,81), 0, 1
(54,82), 0, 1
(54,83), 0, 1
(54,84), 0, 1
(54,85), 0, 1
(54,86), 0, 1
(54,88), 0, 1
(54,89), 0, 1
(54,90), 0, 1
(54,91), 0, 1
(54,92), 0, 1
(54,94), 0, 1
(55,18), 0, 1
(55,75), 0, 1
(56,10), 0, 1
(56,11), 0, 1
(56,15), 0, 1
(56,16), 0, 1
(56,46), 0, 1
(56,59), 0, 1
(56,63), 0, 1
(56,65), 0, 1
(56,71), 0, 1
(56,82), 0, 1
(56,88), 0, 1
(56,93), 0, 1
(57,10), 0, 1
(57,11), 0, 1
(57,15), 0, 1
(57,16), 0, 1
(57,46), 0, 1
(57,56), 0, 1
(57,59), 0, 1
(57,63), 0, 1
(57,65), 0, 1
(57,71), 0, 1
(57,80), 0, 1
(57,82), 0, 1
(57,88), 0, 1
(57,93), 0, 1
(58,10), 0, 1
(58,11), 0, 1
(58,15), 0, 1
(58,16), 0, 1
(58,46), 0, 1
(58,56), 0, 1
(58,59), 0, 1
(58,63), 0, 1
(58,65), 0, 1
(58,71), 0, 1
(58,80), 0, 1
(58,82), 0, 1
(58,88), 0, 1
(59,18), 0, 1
(59,75), 0, 1
(60,0), 0, 1
(60,1), 0, 1
(60,2), 0, 1
(60,3), 0, 1
(60,4), 0, 1
(60,5), 0, 1
(60,6), 0, 1
(60,7), 0, 1
(60,11), 0, 1
(60,14), 0, 1
(60,15), 0, 1
(60,16), 0, 1
(60,18), 0, 1
(60,19), 0, 1
(60,21), 0, 1
(60,23), 0, 1
(60,24), 0, 1
(60,25), 0, 1
(60,26), 0, 1
(60,27), 0, 1
(60,28), 0, 1
(60,29), 0, 1
(60,31), 0, 1
(60,32), 0, 1
(60,33), 0, 1
(60,35), 0, 1
(60,37), 0, 1
(60,39), 0, 1
(60,41), 0, 1
(60,42), 0, 1
(60,43), 0, 1
(60,44), 0, 1
(60,45), 0, 1
(60,47), 0, 1
(60,48), 0, 1
(60,50), 0, 1
(60,52), 0, 1
(60,53), 0, 1
(60,54), 0, 1
(60,55), 0, 1
(60,56), 0, 1
(60,57), 0, 1
(60,58), 0, 1
(60,59), 0, 1
(60,61), 0, 1
(60,62), 0, 1
(60,63), 0, 1
(60,65), 0, 1
(60,66), 0, 1
(60,68), 0, 1
(60,69), 0, 1
(60,70), 0, 1
(60,71), 0, 1
(60,72), 0, 1
(60,74), 0, 1
(60,75), 0, 1
(60,76), 0, 1
(60,78), 0, 1
(60,79), 0, 1
(60,80), 0, 1
(60,81), 0, 1
(60,82), 0, 1
(60,83), 0, 1
(60,84), 0, 1
(60,85), 0, 1
(60,88), 0, 1
(60,90), 0, 1
(60,91), 0, 1
(60,92), 0, 1
(60,93), 0, 1
(60,94), 0, 1
(61,10), 0, 1
(61,11), 0, 1
(61,15), 0, 1
(61,16), 0, 1
(61,46), 0, 1
(61,56), 0, 1
(61,59), 0, 1
(61,63), 0, 1
(61,65), 0, 1
(61,71), 0, 1
(61,80), 0, 1
(61,88), 0, 1
(61,93), 0, 1
(62,10), 0, 1
(62,11), 0, 1
(62,15), 0, 1
(62,16), 0, 1
(62,46), 0, 1
(62,63), 0, 1
(62,65), 0, 1
(62,71), 0, 1
(62,80), 0, 1
(62,82), 0, 1
(62,88), 0, 1
(62,93), 0, 1
(63,18), 0, 1
(63,75), 0, 1
(63,86), 0, 1
(63,90), 0, 1
(64,9), 0, 1
(64,10), 0, 1
(64,11), 0, 1
(64,15), 0, 1
(64,16), 0, 1
(64,46), 0, 1
(64,56), 0, 1
(64,59), 0, 1
(64,63), 0, 1
(64,65), 0, 1
(64,71), 0, 1
(64,82), 0, 1
(64,88), 0, 1
(64,93), 0, 1
(65,18), 0, 1
(65,75), 0, 1
(65,86), 0, 1
(67,18), 0, 1
(67,75), 0, 1
(67,86), 0, 1
(67,90), 0, 1
(69,0), 0, 1
(69,1), 0, 1
(69,2), 0, 1
(69,3), 0, 1
(69,4), 0, 1
(69,5), 0, 1
(69,6), 0, 1
(69,10), 0, 1
(69,11), 0, 1
(69,15), 0, 1
(69,16), 0, 1
(69,17), 0, 1
(69,18), 0, 1
(69,19), 0, 1
(69,21), 0, 1
(69,23), 0, 1
(69,24), 0, 1
(69,26), 0, 1
(69,27), 0, 1
(69,28), 0, 1
(69,29), 0, 1
(69,31), 0, 1
(69,32), 0, 1
(69,33), 0, 1
(69,35), 0, 1
(69,37), 0, 1
(69,39), 0, 1
(69,40), 0, 1
(69,41), 0, 1
(69,43), 0, 1
(69,44), 0, 1
(69,45), 0, 1
(69,46), 0, 1
(69,47), 0, 1
(69,49), 0, 1
(69,50), 0, 1
(69,51), 0, 1
(69,52), 0, 1
(69,54), 0, 1
(69,55), 0, 1
(69,56), 0, 1
(69,57), 0, 1
(69,58), 0, 1
(69,59), 0, 1
(69,61), 0, 1
(69,62), 0, 1
(69,63), 0, 1
(69,64), 0, 1
(69,65), 0, 1
(69,66), 0, 1
(69,67), 0, 1
(69,68), 0, 1
(69,70), 0, 1
(69,71), 0, 1
(69,74), 0, 1
(69,75), 0, 1
(69,76), 0, 1
(69,78), 0, 1
(69,80), 0, 1
(69,81), 0, 1
(69,82), 0, 1
(69,83), 0, 1
(69,84), 0, 1
(69,85), 0, 1
(69,86), 0, 1
(69,87), 0, 1
(69,88), 0, 1
(69,89), 0, 1
(69,90), 0, 1
(69,92), 0, 1
(69,93), 0, 1
(69,94), 0, 1
(71,18), 0, 1
(71,75), 0, 1
(71,86), 0, 1
(73,0), 0, 1
(73,1), 0, 1
(73,2), 0, 1
(73,3), 0, 1
(73,4), 0, 1
(73,5), 0, 1
(73,6), 0, 1
(73,10), 0, 1
(73,11), 0, 1
(73,15), 0, 1
(73,16), 0, 1
(73,17), 0, 1
(73,19), 0, 1
(73,21), 0, 1
(73,23), 0, 1
(73,24), 0, 1
(73,25), 0, 1
(73,26), 0, 1
(73,27), 0, 1
(73,28), 0, 1
(73,29), 0, 1
(73,31), 0, 1
(73,32), 0, 1
(73,33), 0, 1
(73,35), 0, 1
(73,37), 0, 1
(73,40), 0, 1
(73,41), 0, 1
(73,43), 0, 1
(73,44), 0, 1
(73,45), 0, 1
(73,46), 0, 1
(73,48), 0, 1
(73,49), 0, 1
(73,50), 0, 1
(73,52), 0, 1
(73,53), 0, 1
(73,55), 0, 1
(73,56), 0, 1
(73,57), 0, 1
(73,58), 0, 1
(73,59), 0, 1
(73,61), 0, 1
(73,62), 0, 1
(73,63), 0, 1
(73,64), 0, 1
(73,65), 0, 1
(73,66), 0, 1
(73,67), 0, 1
(73,68), 0, 1
(73,69), 0, 1
(73,70), 0, 1
(73,71), 0, 1
(73,74), 0, 1
(73,75), 0, 1
(73,76), 0, 1
(73,78), 0, 1
(73,79), 0, 1
(73,81), 0, 1
(73,82), 0, 1
(73,83), 0, 1
(73,84), 0, 1
(73,85), 0, 1
(73,86), 0, 1
(73,87), 0, 1
(73,88), 0, 1
(73,89), 0, 1
(73,91), 0, 1
(73,92), 0, 1
(73,93), 0, 1
(73,94), 0, 1
(74,10), 0, 1
(74,11), 0, 1
(74,15), 0, 1
(74,46), 0, 1
(74,59), 0, 1
(74,63), 0, 1
(74,65), 0, 1
(74,71), 0, 1
(74,80), 0, 1
(74,82), 0, 1
(74,88), 0, 1
(74,93), 0, 1
(75,9), 0, 1
(75,10), 0, 1
(75,11), 0, 1
(75,15), 0, 1
(75,46), 0, 1
(75,56), 0, 1
(75,59), 0, 1
(75,63), 0, 1
(75,65), 0, 1
(75,71), 0, 1
(75,82), 0, 1
(75,88), 0, 1
(75,93), 0, 1
(76,18), 0, 1
(76,75), 0, 1
(76,86), 0, 1
(76,90), 0, 1
(78,10), 0, 1
(78,11), 0, 1
(78,15), 0, 1
(78,16), 0, 1
(78,46), 0, 1
(78,59), 0, 1
(78,63), 0, 1
(78,65), 0, 1
(78,71), 0, 1
(78,80), 0, 1
(78,82), 0, 1
(78,88), 0, 1
(78,93), 0, 1
(79,10), 0, 1
(79,11), 0, 1
(79,15), 0, 1
(79,16), 0, 1
(79,46), 0, 1
(79,56), 0, 1
(79,59), 0, 1
(79,63), 0, 1
(79,65), 0, 1
(79,80), 0, 1
(79,82), 0, 1
(79,88), 0, 1
(79,93), 0, 1
(80,0), 0, 1
(80,1), 0, 1
(80,2), 0, 1
(80,3), 0, 1
(80,4), 0, 1
(80,5), 0, 1
(80,6), 0, 1
(80,10), 0, 1
(80,11), 0, 1
(80,15), 0, 1
(80,17), 0, 1
(80,18), 0, 1
(80,19), 0, 1
(80,21), 0, 1
(80,22), 0, 1
(80,23), 0, 1
(80,24), 0, 1
(80,25), 0, 1
(80,26), 0, 1
(80,27), 0, 1
(80,29), 0, 1
(80,31), 0, 1
(80,32), 0, 1
(80,33), 0, 1
(80,35), 0, 1
(80,37), 0, 1
(80,39), 0, 1
(80,40), 0, 1
(80,43), 0, 1
(80,44), 0, 1
(80,45), 0, 1
(80,46), 0, 1
(80,47), 0, 1
(80,49), 0, 1
(80,50), 0, 1
(80,52), 0, 1
(80,53), 0, 1
(80,55), 0, 1
(80,56), 0, 1
(80,57), 0, 1
(80,58), 0, 1
(80,59), 0, 1
(80,61), 0, 1
(80,62), 0, 1
(80,63), 0, 1
(80,64), 0, 1
(80,65), 0, 1
(80,66), 0, 1
(80,68), 0, 1
(80,70), 0, 1
(80,71), 0, 1
(80,72), 0, 1
(80,74), 0, 1
(80,76), 0, 1
(80,78), 0, 1
(80,81), 0, 1
(80,82), 0, 1
(80,83), 0, 1
(80,84), 0, 1
(80,85), 0, 1
(80,87), 0, 1
(80,88), 0, 1
(80,89), 0, 1
(80,90), 0, 1
(80,91), 0, 1
(80,92), 0, 1
(80,93), 0, 1
(80,94), 0, 1
(81,10), 0, 1
(81,11), 0, 1
(81,16), 0, 1
(81,46), 0, 1
(81,56), 0, 1
(81,59), 0, 1
(81,63), 0, 1
(81,65), 0, 1
(81,71), 0, 1
(81,80), 0, 1
(81,82), 0, 1
(81,88), 0, 1
(82,18), 0, 1
(82,75), 0, 1
(82,90), 0, 1
(83,10), 0, 1
(83,11), 0, 1
(83,15), 0, 1
(83,46), 0, 1
(83,59), 0, 1
(83,63), 0, 1
(83,65), 0, 1
(83,71), 0, 1
(83,82), 0, 1
(83,88), 0, 1
(83,93), 0, 1
(84,10), 0, 1
(84,11), 0, 1
(84,15), 0, 1
(84,16), 0, 1
(84,46), 0, 1
(84,56), 0, 1
(84,59), 0, 1
(84,63), 0, 1
(84,65), 0, 1
(84,71), 0, 1
(84,80), 0, 1
(84,82), 0, 1
(84,88), 0, 1
(85,10), 0, 1
(85,11), 0, 1
(85,15), 0, 1
(85,16), 0, 1
(85,46), 0, 1
(85,56), 0, 1
(85,59), 0, 1
(85,63), 0, 1
(85,65), 0, 1
(85,71), 0, 1
(85,80), 0, 1
(85,82), 0, 1
(85,88), 0, 1
(85,93), 0, 1
(86,10), 0, 1
(86,11), 0, 1
(86,15), 0, 1
(86,16), 0, 1
(86,46), 0, 1
(86,56), 0, 1
(86,59), 0, 1
(86,63), 0, 1
(86,65), 0, 1
(86,71), 0, 1
(86,80), 0, 1
(86,82), 0, 1
(86,88), 0, 1
(86,93), 0, 1
(87,0), 0, 1
(87,1), 0, 1
(87,2), 0, 1
(87,3), 0, 1
(87,4), 0, 1
(87,6), 0, 1
(87,7), 0, 1
(87,10), 0, 1
(87,11), 0, 1
(87,14), 0, 1
(87,15), 0, 1
(87,17), 0, 1
(87,18), 0, 1
(87,19), 0, 1
(87,21), 0, 1
(87,23), 0, 1
(87,24), 0, 1
(87,26), 0, 1
(87,27), 0, 1
(87,28), 0, 1
(87,29), 0, 1
(87,31), 0, 1
(87,32), 0, 1
(87,36), 0, 1
(87,37), 0, 1
(87,39), 0, 1
(87,40), 0, 1
(87,41), 0, 1
(87,43), 0, 1
(87,44), 0, 1
(87,45), 0, 1
(87,46), 0, 1
(87,50), 0, 1
(87,52), 0, 1
(87,53), 0, 1
(87,54), 0, 1
(87,55), 0, 1
(87,56), 0, 1
(87,57), 0, 1
(87,58), 0, 1
(87,59), 0, 1
(87,61), 0, 1
(87,62), 0, 1
(87,63), 0, 1
(87,64), 0, 1
(87,65), 0, 1
(87,66), 0, 1
(87,67), 0, 1
(87,68), 0, 1
(87,69), 0, 1
(87,70), 0, 1
(87,71), 0, 1
(87,72), 0, 1
(87,74), 0, 1
(87,75), 0, 1
(87,76), 0, 1
(87,78), 0, 1
(87,79), 0, 1
(87,81), 0, 1
(87,82), 0, 1
(87,83), 0, 1
(87,84), 0, 1
(87,85), 0, 1
(87,88), 0, 1
(87,89), 0, 1
(87,90), 0, 1
(87,92), 0, 1
(87,93), 0, 1
(87,94), 0, 1
(88,0), 0, 1
(88,1), 0, 1
(88,2), 0, 1
(88,3), 0, 1
(88,4), 0, 1
(88,5), 0, 1
(88,6), 0, 1
(88,10), 0, 1
(88,11), 0, 1
(88,14), 0, 1
(88,15), 0, 1
(88,16), 0, 1
(88,18), 0, 1
(88,19), 0, 1
(88,21), 0, 1
(88,23), 0, 1
(88,24), 0, 1
(88,25), 0, 1
(88,26), 0, 1
(88,27), 0, 1
(88,28), 0, 1
(88,32), 0, 1
(88,33), 0, 1
(88,35), 0, 1
(88,37), 0, 1
(88,39), 0, 1
(88,40), 0, 1
(88,41), 0, 1
(88,43), 0, 1
(88,44), 0, 1
(88,45), 0, 1
(88,46), 0, 1
(88,47), 0, 1
(88,49), 0, 1
(88,51), 0, 1
(88,52), 0, 1
(88,53), 0, 1
(88,54), 0, 1
(88,55), 0, 1
(88,57), 0, 1
(88,58), 0, 1
(88,59), 0, 1
(88,61), 0, 1
(88,62), 0, 1
(88,63), 0, 1
(88,64), 0, 1
(88,65), 0, 1
(88,66), 0, 1
(88,67), 0, 1
(88,68), 0, 1
(88,69), 0, 1
(88,70), 0, 1
(88,71), 0, 1
(88,72), 0, 1
(88,73), 0, 1
(88,74), 0, 1
(88,76), 0, 1
(88,78), 0, 1
(88,79), 0, 1
(88,80), 0, 1
(88,81), 0, 1
(88,82), 0, 1
(88,83), 0, 1
(88,84), 0, 1
(88,87), 0, 1
(88,89), 0, 1
(88,90), 0, 1
(88,91), 0, 1
(88,92), 0, 1
(88,93), 0, 1
(88,94), 0, 1
(89,0), 0, 1
(89,1), 0, 1
(89,2), 0, 1
(89,3), 0, 1
(89,4), 0, 1
(89,5), 0, 1
(89,6), 0, 1
(89,7), 0, 1
(89,10), 0, 1
(89,11), 0, 1
(89,14), 0, 1
(89,15), 0, 1
(89,16), 0, 1
(89,17), 0, 1
(89,18), 0, 1
(89,19), 0, 1
(89,21), 0, 1
(89,23), 0, 1
(89,24), 0, 1
(89,25), 0, 1
(89,26), 0, 1
(89,27), 0, 1
(89,29), 0, 1
(89,31), 0, 1
(89,32), 0, 1
(89,33), 0, 1
(89,35), 0, 1
(89,39), 0, 1
(89,40), 0, 1
(89,43), 0, 1
(89,44), 0, 1
(89,45), 0, 1
(89,46), 0, 1
(89,48), 0, 1
(89,49), 0, 1
(89,50), 0, 1
(89,52), 0, 1
(89,53), 0, 1
(89,54), 0, 1
(89,55), 0, 1
(89,57), 0, 1
(89,58), 0, 1
(89,59), 0, 1
(89,61), 0, 1
(89,62), 0, 1
(89,63), 0, 1
(89,64), 0, 1
(89,65), 0, 1
(89,66), 0, 1
(89,67), 0, 1
(89,68), 0, 1
(89,69), 0, 1
(89,70), 0, 1
(89,71), 0, 1
(89,74), 0, 1
(89,75), 0, 1
(89,76), 0, 1
(89,78), 0, 1
(89,79), 0, 1
(89,80), 0, 1
(89,81), 0, 1
(89,82), 0, 1
(89,83), 0, 1
(89,84), 0, 1
(89,85), 0, 1
(89,87), 0, 1
(89,88), 0, 1
(89,90), 0, 1
(89,92), 0, 1
(89,94), 0, 1
(90,10), 0, 1
(90,11), 0, 1
(90,15), 0, 1
(90,46), 0, 1
(90,56), 0, 1
(90,59), 0, 1
(90,65), 0, 1
(90,71), 0, 1
(90,82), 0, 1
(90,88), 0, 1
(90,93), 0, 1
(91,10), 0, 1
(91,11), 0, 1
(91,15), 0, 1
(91,16), 0, 1
(91,46), 0, 1
(91,56), 0, 1
(91,59), 0, 1
(91,63), 0, 1
(91,65), 0, 1
(91,71), 0, 1
(91,80), 0, 1
(91,82), 0, 1
(91,88), 0, 1
(91,93), 0, 1
(92,18), 0, 1
(92,90), 0, 1
(93,18), 0, 1
(93,75), 0, 1
(93,90), 0, 1
(94,10), 0, 1
(94,11), 0, 1
(94,15), 0, 1
(94,46), 0, 1
(94,59), 0, 1
(94,63), 0, 1
(94,65), 0, 1
(94,71), 0, 1
(94,80), 0, 1
(94,82), 0, 1
(94,88), 0, 1
(94,93), 0, 1
(95,0), 0, 1
(95,1), 0, 1
(95,2), 0, 1
(95,3), 0, 1
(95,4), 0, 1
(95,5), 0, 1
(95,6), 0, 1
(95,10), 0, 1
(95,11), 0, 1
(95,15), 0, 1
(95,16), 0, 1
(95,17), 0, 1
(95,18), 0, 1
(95,19), 0, 1
(95,21), 0, 1
(95,23), 0, 1
(95,24), 0, 1
(95,25), 0, 1
(95,27), 0, 1
(95,29), 0, 1
(95,31), 0, 1
(95,32), 0, 1
(95,33), 0, 1
(95,35), 0, 1
(95,37), 0, 1
(95,39), 0, 1
(95,40), 0, 1
(95,41), 0, 1
(95,43), 0, 1
(95,44), 0, 1
(95,45), 0, 1
(95,46), 0, 1
(95,47), 0, 1
(95,48), 0, 1
(95,50), 0, 1
(95,52), 0, 1
(95,53), 0, 1
(95,54), 0, 1
(95,55), 0, 1
(95,56), 0, 1
(95,57), 0, 1
(95,58), 0, 1
(95,59), 0, 1
(95,61), 0, 1
(95,62), 0, 1
(95,63), 0, 1
(95,64), 0, 1
(95,65), 0, 1
(95,66), 0, 1
(95,67), 0, 1
(95,68), 0, 1
(95,71), 0, 1
(95,72), 0, 1
(95,74), 0, 1
(95,75), 0, 1
(95,76), 0, 1
(95,78), 0, 1
(95,80), 0, 1
(95,81), 0, 1
(95,82), 0, 1
(95,83), 0, 1
(95,84), 0, 1
(95,85), 0, 1
(95,86), 0, 1
(95,87), 0, 1
(95,89), 0, 1
(95,90), 0, 1
(95,92), 0, 1
(95,94), 0, 1
(96,18), 0, 1
(96,75), 0, 1
(96,86), 0, 1
(96,90), 0, 1
(97,0), 0, 1
(97,1), 0, 1
(97,2), 0, 1
(97,3), 0, 1
(97,4), 0, 1
(97,5), 0, 1
(97,6), 0, 1
(97,7), 0, 1
(97,10), 0, 1
(97,11), 0, 1
(97,14), 0, 1
(97,15), 0, 1
(97,16), 0, 1
(97,17), 0, 1
(97,18), 0, 1
(97,19), 0, 1
(97,21), 0, 1
(97,22), 0, 1
(97,23), 0, 1
(97,24), 0, 1
(97,25), 0, 1
(97,26), 0, 1
(97,27), 0, 1
(97,29), 0, 1
(97,31), 0, 1
(97,32), 0, 1
(97,33), 0, 1
(97,35), 0, 1
(97,37), 0, 1
(97,39), 0, 1
(97,40), 0, 1
(97,41), 0, 1
(97,43), 0, 1
(97,44), 0, 1
(97,45), 0, 1
(97,46), 0, 1
(97,47), 0, 1
(97,48), 0, 1
(97,49), 0, 1
(97,50), 0, 1
(97,52), 0, 1
(97,53), 0, 1
(97,55), 0, 1
(97,57), 0, 1
(97,58), 0, 1
(97,59), 0, 1
(97,61), 0, 1
(97,62), 0, 1
(97,63), 0, 1
(97,65), 0, 1
(97,66), 0, 1
(97,67), 0, 1
(97,68), 0, 1
(97,69), 0, 1
(97,70), 0, 1
(97,71), 0, 1
(97,74), 0, 1
(97,75), 0, 1
(97,76), 0, 1
(97,79), 0, 1
(97,80), 0, 1
(97,81), 0, 1
(97,82), 0, 1
(97,83), 0, 1
(97,84), 0, 1
(97,85), 0, 1
(97,87), 0, 1
(97,88), 0, 1
(97,89), 0, 1
(97,90), 0, 1
(97,91), 0, 1
(97,92), 0, 1
(97,93), 0, 1
(98,1), 0, 1
(98,2), 0, 1
(98,3), 0, 1
(98,4), 0, 1
(98,5), 0, 1
(98,6), 0, 1
(98,8), 0, 1
(98,10), 0, 1
(98,11), 0, 1
(98,15), 0, 1
(98,16), 0, 1
(98,18), 0, 1
(98,19), 0, 1
(98,21), 0, 1
(98,23), 0, 1
(98,24), 0, 1
(98,26), 0, 1
(98,27), 0, 1
(98,29), 0, 1
(98,31), 0, 1
(98,32), 0, 1
(98,33), 0, 1
(98,35), 0, 1
(98,37), 0, 1
(98,39), 0, 1
(98,40), 0, 1
(98,41), 0, 1
(98,42), 0, 1
(98,43), 0, 1
(98,45), 0, 1
(98,46), 0, 1
(98,47), 0, 1
(98,49), 0, 1
(98,50), 0, 1
(98,51), 0, 1
(98,52), 0, 1
(98,53), 0, 1
(98,55), 0, 1
(98,56), 0, 1
(98,57), 0, 1
(98,58), 0, 1
(98,59), 0, 1
(98,61), 0, 1
(98,62), 0, 1
(98,63), 0, 1
(98,64), 0, 1
(98,65), 0, 1
(98,66), 0, 1
(98,67), 0, 1
(98,68), 0, 1
(98,70), 0, 1
(98,71), 0, 1
(98,72), 0, 1
(98,74), 0, 1
(98,75), 0, 1
(98,76), 0, 1
(98,78), 0, 1
(98,80), 0, 1
(98,81), 0, 1
(98,82), 0, 1
(98,83), 0, 1
(98,84), 0, 1
(98,85), 0, 1
(98,87), 0, 1
(98,88), 0, 1
(98,89), 0, 1
(98,90), 0, 1
(98,91), 0, 1
(98,92), 0, 1
(98,93), 0, 1
(98,94), 0, 1
(99,10), 0, 1
(99,11), 0, 1
(99,15), 0, 1
(99,16), 0, 1
(99,46), 0, 1
(99,56), 0, 1
(99,59), 0, 1
(99,63), 0, 1
(99,65), 0, 1
(99,71), 0, 1
(99,82), 0, 1
(99,93), 0, 1
