Nr_Pairs = 96
Nr_NDD = 4
Nr_Arcs = 1359
0	0.2875000000000001
1	0.05
2	0.05
3	0.05
4	0.05
5	0.2875000000000001
6	0.05
7	0.9
8	0.05
9	0.05
10	0.2875000000000001
11	0.05
12	0.05
13	0.2875000000000001
14	0.1
15	0.1
16	0.9
17	0.05
18	0.05
19	0.05
20	0.05
21	0.05
22	0.05
23	0.2875000000000001
24	0.2875000000000001
25	0.32499999999999996
26	0.9
27	0.05
28	0.05
29	0.9
30	0.05
31	0.925
32	0.05
33	0.1
34	0.1
35	0.1
36	0.05
37	0.2875000000000001
38	0.2875000000000001
39	0.05
40	0.1
41	0.2875000000000001
42	0.05
43	0.9
44	0.32499999999999996
45	0.05
46	0.05
47	0.05
48	0.1
49	0.1
50	0.05
51	0.32499999999999996
52	0.2875000000000001
53	0.1
54	0.05
55	0.2875000000000001
56	0.05
57	0.05
58	0.2875000000000001
59	0.9
60	0.9
61	0.05
62	0.2875000000000001
63	0.05
64	0.2875000000000001
65	0.9
66	0.05
67	0.05
68	0.05
69	0.05
70	0.05
71	0.05
72	0.2875000000000001
73	0.05
74	0.1
75	0.1
76	0.05
77	0.1
78	0.9
79	0.05
80	0.9
81	0.05
82	0.05
83	0.32499999999999996
84	0.1
85	0.1
86	0.05
87	0.05
88	0.1
89	0.05
90	0.9
91	0.05
92	0.05
93	0.05
94	0.05
95	0.1
96	0.0
97	0.0
98	0.0
99	0.0
(0,6), 0, 1
(0,8), 0, 1
(0,47), 0, 1
(0,52), 0, 1
(0,66), 0, 1
(0,71), 0, 1
(0,76), 0, 1
(1,15), 0, 1
(1,22), 0, 1
(1,23), 0, 1
(1,35), 0, 1
(1,38), 0, 1
(1,43), 0, 1
(1,44), 0, 1
(1,45), 0, 1
(1,53), 0, 1
(1,57), 0, 1
(1,66), 0, 1
(1,72), 0, 1
(1,82), 0, 1
(2,6), 0, 1
(2,8), 0, 1
(2,47), 0, 1
(2,52), 0, 1
(2,66), 0, 1
(2,71), 0, 1
(2,76), 0, 1
(3,5), 0, 1
(3,15), 0, 1
(3,22), 0, 1
(3,23), 0, 1
(3,35), 0, 1
(3,38), 0, 1
(3,45), 0, 1
(3,53), 0, 1
(3,57), 0, 1
(3,66), 0, 1
(3,70), 0, 1
(3,72), 0, 1
(3,82), 0, 1
(4,6), 0, 1
(4,8), 0, 1
(4,47), 0, 1
(4,52), 0, 1
(4,66), 0, 1
(4,71), 0, 1
(4,76), 0, 1
(5,0), 0, 1
(5,1), 0, 1
(5,2), 0, 1
(5,3), 0, 1
(5,4), 0, 1
(5,6), 0, 1
(5,8), 0, 1
(5,10), 0, 1
(5,11), 0, 1
(5,12), 0, 1
(5,13), 0, 1
(5,14), 0, 1
(5,15), 0, 1
(5,17), 0, 1
(5,18), 0, 1
(5,19), 0, 1
(5,20), 0, 1
(5,22), 0, 1
(5,24), 0, 1
(5,25), 0, 1
(5,27), 0, 1
(5,28), 0, 1
(5,30), 0, 1
(5,32), 0, 1
(5,34), 0, 1
(5,35), 0, 1
(5,36), 0, 1
(5,37), 0, 1
(5,38), 0, 1
(5,39), 0, 1
(5,40), 0, 1
(5,42), 0, 1
(5,45), 0, 1
(5,46), 0, 1
(5,47), 0, 1
(5,48), 0, 1
(5,49), 0, 1
(5,50), 0, 1
(5,52), 0, 1
(5,53), 0, 1
(5,54), 0, 1
(5,55), 0, 1
(5,56), 0, 1
(5,57), 0, 1
(5,58), 0, 1
(5,61), 0, 1
(5,62), 0, 1
(5,63), 0, 1
(5,64), 0, 1
(5,66), 0, 1
(5,67), 0, 1
(5,68), 0, 1
(5,69), 0, 1
(5,70), 0, 1
(5,71), 0, 1
(5,72), 0, 1
(5,73), 0, 1
(5,74), 0, 1
(5,75), 0, 1
(5,76), 0, 1
(5,77), 0, 1
(5,79), 0, 1
(5,81), 0, 1
(5,82), 0, 1
(5,84), 0, 1
(5,85), 0, 1
(5,86), 0, 1
(5,87), 0, 1
(5,88), 0, 1
(5,89), 0, 1
(5,91), 0, 1
(5,92), 0, 1
(5,93), 0, 1
(5,94), 0, 1
(5,95), 0, 1
(6,66), 0, 1
(7,1), 0, 1
(7,2), 0, 1
(7,3), 0, 1
(7,4), 0, 1
(7,5), 0, 1
(7,6), 0, 1
(7,8), 0, 1
(7,11), 0, 1
(7,12), 0, 1
(7,14), 0, 1
(7,15), 0, 1
(7,17), 0, 1
(7,18), 0, 1
(7,19), 0, 1
(7,20), 0, 1
(7,21), 0, 1
(7,22), 0, 1
(7,24), 0, 1
(7,25), 0, 1
(7,27), 0, 1
(7,28), 0, 1
(7,29), 0, 1
(7,30), 0, 1
(7,32), 0, 1
(7,33), 0, 1
(7,34), 0, 1
(7,35), 0, 1
(7,36), 0, 1
(7,37), 0, 1
(7,39), 0, 1
(7,40), 0, 1
(7,41), 0, 1
(7,42), 0, 1
(7,45), 0, 1
(7,46), 0, 1
(7,47), 0, 1
(7,49), 0, 1
(7,50), 0, 1
(7,51), 0, 1
(7,52), 0, 1
(7,53), 0, 1
(7,54), 0, 1
(7,56), 0, 1
(7,57), 0, 1
(7,58), 0, 1
(7,59), 0, 1
(7,60), 0, 1
(7,61), 0, 1
(7,64), 0, 1
(7,66), 0, 1
(7,67), 0, 1
(7,68), 0, 1
(7,69), 0, 1
(7,70), 0, 1
(7,71), 0, 1
(7,72), 0, 1
(7,73), 0, 1
(7,74), 0, 1
(7,75), 0, 1
(7,76), 0, 1
(7,77), 0, 1
(7,79), 0, 1
(7,82), 0, 1
(7,83), 0, 1
(7,84), 0, 1
(7,85), 0, 1
(7,86), 0, 1
(7,88), 0, 1
(7,89), 0, 1
(7,91), 0, 1
(7,92), 0, 1
(7,93), 0, 1
(7,94), 0, 1
(7,95), 0, 1
(8,5), 0, 1
(8,15), 0, 1
(8,22), 0, 1
(8,23), 0, 1
(8,35), 0, 1
(8,38), 0, 1
(8,44), 0, 1
(8,45), 0, 1
(8,53), 0, 1
(8,57), 0, 1
(8,66), 0, 1
(8,70), 0, 1
(8,72), 0, 1
(8,82), 0, 1
(9,5), 0, 1
(9,15), 0, 1
(9,22), 0, 1
(9,23), 0, 1
(9,35), 0, 1
(9,38), 0, 1
(9,44), 0, 1
(9,45), 0, 1
(9,53), 0, 1
(9,57), 0, 1
(9,66), 0, 1
(9,70), 0, 1
(9,72), 0, 1
(9,82), 0, 1
(10,15), 0, 1
(10,22), 0, 1
(10,35), 0, 1
(10,38), 0, 1
(10,45), 0, 1
(10,53), 0, 1
(10,57), 0, 1
(10,66), 0, 1
(10,70), 0, 1
(10,82), 0, 1
(11,5), 0, 1
(11,15), 0, 1
(11,22), 0, 1
(11,23), 0, 1
(11,35), 0, 1
(11,38), 0, 1
(11,44), 0, 1
(11,45), 0, 1
(11,53), 0, 1
(11,57), 0, 1
(11,66), 0, 1
(11,70), 0, 1
(11,80), 0, 1
(11,82), 0, 1
(12,6), 0, 1
(12,8), 0, 1
(12,47), 0, 1
(12,52), 0, 1
(12,66), 0, 1
(12,71), 0, 1
(12,76), 0, 1
(13,6), 0, 1
(13,8), 0, 1
(13,47), 0, 1
(13,52), 0, 1
(13,66), 0, 1
(13,71), 0, 1
(13,76), 0, 1
(13,90), 0, 1
(14,6), 0, 1
(14,47), 0, 1
(14,66), 0, 1
(14,71), 0, 1
(14,90), 0, 1
(15,6), 0, 1
(15,8), 0, 1
(15,47), 0, 1
(15,66), 0, 1
(15,71), 0, 1
(15,76), 0, 1
(16,6), 0, 1
(16,8), 0, 1
(16,47), 0, 1
(16,66), 0, 1
(16,71), 0, 1
(16,76), 0, 1
(17,6), 0, 1
(17,8), 0, 1
(17,47), 0, 1
(17,66), 0, 1
(17,71), 0, 1
(17,76), 0, 1
(17,90), 0, 1
(18,6), 0, 1
(18,8), 0, 1
(18,47), 0, 1
(18,52), 0, 1
(18,66), 0, 1
(18,71), 0, 1
(18,76), 0, 1
(18,90), 0, 1
(19,6), 0, 1
(19,8), 0, 1
(19,47), 0, 1
(19,52), 0, 1
(19,66), 0, 1
(19,71), 0, 1
(19,76), 0, 1
(20,6), 0, 1
(20,8), 0, 1
(20,47), 0, 1
(20,52), 0, 1
(20,66), 0, 1
(20,71), 0, 1
(20,76), 0, 1
(21,5), 0, 1
(21,15), 0, 1
(21,22), 0, 1
(21,35), 0, 1
(21,43), 0, 1
(21,44), 0, 1
(21,45), 0, 1
(21,53), 0, 1
(21,57), 0, 1
(21,70), 0, 1
(21,82), 0, 1
(22,6), 0, 1
(22,8), 0, 1
(22,47), 0, 1
(22,52), 0, 1
(22,66), 0, 1
(22,71), 0, 1
(22,76), 0, 1
(22,90), 0, 1
(23,6), 0, 1
(23,8), 0, 1
(23,47), 0, 1
(23,52), 0, 1
(23,66), 0, 1
(23,71), 0, 1
(23,76), 0, 1
(24,0), 0, 1
(24,1), 0, 1
(24,2), 0, 1
(24,3), 0, 1
(24,4), 0, 1
(24,5), 0, 1
(24,6), 0, 1
(24,8), 0, 1
(24,9), 0, 1
(24,11), 0, 1
(24,12), 0, 1
(24,14), 0, 1
(24,15), 0, 1
(24,17), 0, 1
(24,18), 0, 1
(24,19), 0, 1
(24,20), 0, 1
(24,21), 0, 1
(24,22), 0, 1
(24,25), 0, 1
(24,27), 0, 1
(24,28), 0, 1
(24,29), 0, 1
(24,30), 0, 1
(24,32), 0, 1
(24,34), 0, 1
(24,35), 0, 1
(24,36), 0, 1
(24,37), 0, 1
(24,38), 0, 1
(24,39), 0, 1
(24,40), 0, 1
(24,42), 0, 1
(24,45), 0, 1
(24,46), 0, 1
(24,47), 0, 1
(24,48), 0, 1
(24,49), 0, 1
(24,50), 0, 1
(24,52), 0, 1
(24,53), 0, 1
(24,54), 0, 1
(24,55), 0, 1
(24,56), 0, 1
(24,57), 0, 1
(24,58), 0, 1
(24,61), 0, 1
(24,62), 0, 1
(24,63), 0, 1
(24,66), 0, 1
(24,67), 0, 1
(24,68), 0, 1
(24,69), 0, 1
(24,70), 0, 1
(24,71), 0, 1
(24,72), 0, 1
(24,73), 0, 1
(24,74), 0, 1
(24,75), 0, 1
(24,76), 0, 1
(24,81), 0, 1
(24,82), 0, 1
(24,84), 0, 1
(24,85), 0, 1
(24,86), 0, 1
(24,87), 0, 1
(24,88), 0, 1
(24,89), 0, 1
(24,91), 0, 1
(24,92), 0, 1
(24,93), 0, 1
(24,94), 0, 1
(24,95), 0, 1
(25,15), 0, 1
(25,22), 0, 1
(25,35), 0, 1
(25,44), 0, 1
(25,45), 0, 1
(25,53), 0, 1
(25,57), 0, 1
(25,66), 0, 1
(25,70), 0, 1
(25,82), 0, 1
(26,5), 0, 1
(26,15), 0, 1
(26,22), 0, 1
(26,23), 0, 1
(26,35), 0, 1
(26,38), 0, 1
(26,43), 0, 1
(26,45), 0, 1
(26,53), 0, 1
(26,57), 0, 1
(26,66), 0, 1
(26,70), 0, 1
(26,72), 0, 1
(26,82), 0, 1
(27,6), 0, 1
(27,8), 0, 1
(27,47), 0, 1
(27,66), 0, 1
(27,71), 0, 1
(27,76), 0, 1
(28,6), 0, 1
(28,8), 0, 1
(28,47), 0, 1
(28,52), 0, 1
(28,66), 0, 1
(28,71), 0, 1
(28,76), 0, 1
(29,5), 0, 1
(29,15), 0, 1
(29,22), 0, 1
(29,23), 0, 1
(29,35), 0, 1
(29,44), 0, 1
(29,45), 0, 1
(29,53), 0, 1
(29,57), 0, 1
(29,66), 0, 1
(29,70), 0, 1
(29,72), 0, 1
(29,82), 0, 1
(30,5), 0, 1
(30,15), 0, 1
(30,22), 0, 1
(30,23), 0, 1
(30,35), 0, 1
(30,38), 0, 1
(30,44), 0, 1
(30,45), 0, 1
(30,53), 0, 1
(30,57), 0, 1
(30,66), 0, 1
(30,70), 0, 1
(30,72), 0, 1
(30,82), 0, 1
(31,6), 0, 1
(31,8), 0, 1
(31,47), 0, 1
(31,52), 0, 1
(31,66), 0, 1
(31,71), 0, 1
(31,76), 0, 1
(32,6), 0, 1
(32,47), 0, 1
(32,52), 0, 1
(32,66), 0, 1
(32,71), 0, 1
(32,76), 0, 1
(33,6), 0, 1
(33,8), 0, 1
(33,47), 0, 1
(33,52), 0, 1
(33,66), 0, 1
(33,71), 0, 1
(33,76), 0, 1
(34,15), 0, 1
(34,22), 0, 1
(34,35), 0, 1
(34,38), 0, 1
(34,44), 0, 1
(34,45), 0, 1
(34,53), 0, 1
(34,57), 0, 1
(34,66), 0, 1
(34,70), 0, 1
(34,72), 0, 1
(34,82), 0, 1
(35,6), 0, 1
(35,8), 0, 1
(35,47), 0, 1
(35,52), 0, 1
(35,66), 0, 1
(35,71), 0, 1
(35,76), 0, 1
(36,15), 0, 1
(36,22), 0, 1
(36,23), 0, 1
(36,35), 0, 1
(36,44), 0, 1
(36,45), 0, 1
(36,53), 0, 1
(36,57), 0, 1
(36,66), 0, 1
(36,70), 0, 1
(36,72), 0, 1
(36,82), 0, 1
(37,6), 0, 1
(37,8), 0, 1
(37,47), 0, 1
(37,52), 0, 1
(37,66), 0, 1
(37,71), 0, 1
(37,76), 0, 1
(38,6), 0, 1
(38,8), 0, 1
(38,47), 0, 1
(38,52), 0, 1
(38,66), 0, 1
(38,71), 0, 1
(38,76), 0, 1
(38,90), 0, 1
(39,15), 0, 1
(39,22), 0, 1
(39,23), 0, 1
(39,35), 0, 1
(39,38), 0, 1
(39,45), 0, 1
(39,53), 0, 1
(39,57), 0, 1
(39,66), 0, 1
(39,70), 0, 1
(39,82), 0, 1
(40,5), 0, 1
(40,15), 0, 1
(40,22), 0, 1
(40,23), 0, 1
(40,35), 0, 1
(40,38), 0, 1
(40,44), 0, 1
(40,45), 0, 1
(40,57), 0, 1
(40,66), 0, 1
(40,70), 0, 1
(40,72), 0, 1
(40,82), 0, 1
(41,6), 0, 1
(41,8), 0, 1
(41,47), 0, 1
(41,52), 0, 1
(41,66), 0, 1
(41,71), 0, 1
(41,76), 0, 1
(42,66), 0, 1
(43,6), 0, 1
(43,8), 0, 1
(43,47), 0, 1
(43,52), 0, 1
(43,66), 0, 1
(43,71), 0, 1
(44,6), 0, 1
(44,8), 0, 1
(44,47), 0, 1
(44,52), 0, 1
(44,66), 0, 1
(44,71), 0, 1
(44,76), 0, 1
(45,6), 0, 1
(45,8), 0, 1
(45,47), 0, 1
(45,52), 0, 1
(45,66), 0, 1
(45,71), 0, 1
(46,6), 0, 1
(46,8), 0, 1
(46,47), 0, 1
(46,52), 0, 1
(46,66), 0, 1
(46,71), 0, 1
(46,76), 0, 1
(47,15), 0, 1
(47,22), 0, 1
(47,23), 0, 1
(47,29), 0, 1
(47,35), 0, 1
(47,38), 0, 1
(47,44), 0, 1
(47,45), 0, 1
(47,53), 0, 1
(47,57), 0, 1
(47,66), 0, 1
(47,70), 0, 1
(47,72), 0, 1
(47,82), 0, 1
(48,6), 0, 1
(48,8), 0, 1
(48,47), 0, 1
(48,66), 0, 1
(48,71), 0, 1
(48,76), 0, 1
(49,66), 0, 1
(50,66), 0, 1
(51,5), 0, 1
(51,15), 0, 1
(51,22), 0, 1
(51,23), 0, 1
(51,35), 0, 1
(51,44), 0, 1
(51,45), 0, 1
(51,53), 0, 1
(51,57), 0, 1
(51,66), 0, 1
(51,70), 0, 1
(51,82), 0, 1
(52,0), 0, 1
(52,1), 0, 1
(52,2), 0, 1
(52,3), 0, 1
(52,4), 0, 1
(52,5), 0, 1
(52,6), 0, 1
(52,8), 0, 1
(52,9), 0, 1
(52,10), 0, 1
(52,11), 0, 1
(52,12), 0, 1
(52,13), 0, 1
(52,14), 0, 1
(52,15), 0, 1
(52,17), 0, 1
(52,18), 0, 1
(52,19), 0, 1
(52,20), 0, 1
(52,21), 0, 1
(52,22), 0, 1
(52,24), 0, 1
(52,25), 0, 1
(52,27), 0, 1
(52,28), 0, 1
(52,30), 0, 1
(52,32), 0, 1
(52,33), 0, 1
(52,34), 0, 1
(52,35), 0, 1
(52,36), 0, 1
(52,39), 0, 1
(52,40), 0, 1
(52,41), 0, 1
(52,42), 0, 1
(52,44), 0, 1
(52,45), 0, 1
(52,46), 0, 1
(52,47), 0, 1
(52,48), 0, 1
(52,50), 0, 1
(52,51), 0, 1
(52,53), 0, 1
(52,54), 0, 1
(52,55), 0, 1
(52,56), 0, 1
(52,57), 0, 1
(52,58), 0, 1
(52,63), 0, 1
(52,66), 0, 1
(52,67), 0, 1
(52,68), 0, 1
(52,69), 0, 1
(52,70), 0, 1
(52,71), 0, 1
(52,72), 0, 1
(52,73), 0, 1
(52,74), 0, 1
(52,75), 0, 1
(52,76), 0, 1
(52,77), 0, 1
(52,79), 0, 1
(52,80), 0, 1
(52,81), 0, 1
(52,82), 0, 1
(52,83), 0, 1
(52,84), 0, 1
(52,85), 0, 1
(52,86), 0, 1
(52,87), 0, 1
(52,88), 0, 1
(52,89), 0, 1
(52,91), 0, 1
(52,92), 0, 1
(52,94), 0, 1
(52,95), 0, 1
(53,6), 0, 1
(53,8), 0, 1
(53,47), 0, 1
(53,52), 0, 1
(53,66), 0, 1
(53,71), 0, 1
(54,6), 0, 1
(54,8), 0, 1
(54,47), 0, 1
(54,66), 0, 1
(54,71), 0, 1
(54,76), 0, 1
(55,6), 0, 1
(55,8), 0, 1
(55,47), 0, 1
(55,52), 0, 1
(55,66), 0, 1
(55,71), 0, 1
(55,76), 0, 1
(56,6), 0, 1
(56,8), 0, 1
(56,47), 0, 1
(56,66), 0, 1
(56,71), 0, 1
(56,76), 0, 1
(57,6), 0, 1
(57,8), 0, 1
(57,47), 0, 1
(57,52), 0, 1
(57,66), 0, 1
(57,71), 0, 1
(57,76), 0, 1
(58,6), 0, 1
(58,8), 0, 1
(58,47), 0, 1
(58,52), 0, 1
(58,66), 0, 1
(58,71), 0, 1
(58,76), 0, 1
(59,6), 0, 1
(59,8), 0, 1
(59,47), 0, 1
(59,52), 0, 1
(59,66), 0, 1
(59,71), 0, 1
(59,76), 0, 1
(60,6), 0, 1
(60,8), 0, 1
(60,47), 0, 1
(60,66), 0, 1
(60,71), 0, 1
(60,76), 0, 1
(61,5), 0, 1
(61,15), 0, 1
(61,22), 0, 1
(61,23), 0, 1
(61,35), 0, 1
(61,38), 0, 1
(61,44), 0, 1
(61,45), 0, 1
(61,53), 0, 1
(61,57), 0, 1
(61,66), 0, 1
(61,70), 0, 1
(61,72), 0, 1
(61,82), 0, 1
(62,6), 0, 1
(62,8), 0, 1
(62,47), 0, 1
(62,52), 0, 1
(62,66), 0, 1
(62,71), 0, 1
(62,76), 0, 1
(63,15), 0, 1
(63,22), 0, 1
(63,23), 0, 1
(63,35), 0, 1
(63,44), 0, 1
(63,45), 0, 1
(63,53), 0, 1
(63,57), 0, 1
(63,66), 0, 1
(63,70), 0, 1
(63,72), 0, 1
(63,82), 0, 1
(64,5), 0, 1
(64,15), 0, 1
(64,22), 0, 1
(64,23), 0, 1
(64,35), 0, 1
(64,45), 0, 1
(64,57), 0, 1
(64,66), 0, 1
(64,70), 0, 1
(64,82), 0, 1
(65,0), 0, 1
(65,1), 0, 1
(65,2), 0, 1
(65,3), 0, 1
(65,4), 0, 1
(65,5), 0, 1
(65,6), 0, 1
(65,9), 0, 1
(65,10), 0, 1
(65,11), 0, 1
(65,12), 0, 1
(65,14), 0, 1
(65,17), 0, 1
(65,18), 0, 1
(65,19), 0, 1
(65,20), 0, 1
(65,21), 0, 1
(65,22), 0, 1
(65,23), 0, 1
(65,24), 0, 1
(65,25), 0, 1
(65,27), 0, 1
(65,28), 0, 1
(65,29), 0, 1
(65,30), 0, 1
(65,31), 0, 1
(65,32), 0, 1
(65,34), 0, 1
(65,35), 0, 1
(65,36), 0, 1
(65,37), 0, 1
(65,40), 0, 1
(65,41), 0, 1
(65,42), 0, 1
(65,44), 0, 1
(65,45), 0, 1
(65,46), 0, 1
(65,47), 0, 1
(65,48), 0, 1
(65,49), 0, 1
(65,50), 0, 1
(65,51), 0, 1
(65,53), 0, 1
(65,54), 0, 1
(65,55), 0, 1
(65,56), 0, 1
(65,57), 0, 1
(65,58), 0, 1
(65,61), 0, 1
(65,62), 0, 1
(65,63), 0, 1
(65,64), 0, 1
(65,66), 0, 1
(65,67), 0, 1
(65,68), 0, 1
(65,69), 0, 1
(65,71), 0, 1
(65,74), 0, 1
(65,75), 0, 1
(65,76), 0, 1
(65,77), 0, 1
(65,79), 0, 1
(65,81), 0, 1
(65,82), 0, 1
(65,83), 0, 1
(65,84), 0, 1
(65,85), 0, 1
(65,86), 0, 1
(65,88), 0, 1
(65,89), 0, 1
(65,91), 0, 1
(65,92), 0, 1
(65,93), 0, 1
(65,94), 0, 1
(65,95), 0, 1
(66,6), 0, 1
(66,47), 0, 1
(66,52), 0, 1
(66,71), 0, 1
(66,76), 0, 1
(67,6), 0, 1
(67,8), 0, 1
(67,47), 0, 1
(67,52), 0, 1
(67,66), 0, 1
(67,71), 0, 1
(67,76), 0, 1
(68,5), 0, 1
(68,15), 0, 1
(68,22), 0, 1
(68,23), 0, 1
(68,38), 0, 1
(68,45), 0, 1
(68,53), 0, 1
(68,57), 0, 1
(68,66), 0, 1
(68,70), 0, 1
(68,72), 0, 1
(68,82), 0, 1
(69,6), 0, 1
(69,8), 0, 1
(69,47), 0, 1
(69,66), 0, 1
(69,71), 0, 1
(69,76), 0, 1
(69,90), 0, 1
(70,15), 0, 1
(70,22), 0, 1
(70,23), 0, 1
(70,35), 0, 1
(70,38), 0, 1
(70,44), 0, 1
(70,45), 0, 1
(70,53), 0, 1
(70,66), 0, 1
(70,72), 0, 1
(70,82), 0, 1
(71,22), 0, 1
(71,23), 0, 1
(71,35), 0, 1
(71,45), 0, 1
(71,53), 0, 1
(71,57), 0, 1
(71,66), 0, 1
(71,70), 0, 1
(71,72), 0, 1
(71,82), 0, 1
(72,6), 0, 1
(72,8), 0, 1
(72,47), 0, 1
(72,52), 0, 1
(72,66), 0, 1
(72,71), 0, 1
(72,76), 0, 1
(73,5), 0, 1
(73,15), 0, 1
(73,22), 0, 1
(73,23), 0, 1
(73,35), 0, 1
(73,38), 0, 1
(73,44), 0, 1
(73,45), 0, 1
(73,53), 0, 1
(73,57), 0, 1
(73,66), 0, 1
(73,70), 0, 1
(73,72), 0, 1
(73,82), 0, 1
(74,5), 0, 1
(74,15), 0, 1
(74,22), 0, 1
(74,23), 0, 1
(74,35), 0, 1
(74,44), 0, 1
(74,45), 0, 1
(74,53), 0, 1
(74,57), 0, 1
(74,66), 0, 1
(74,70), 0, 1
(74,72), 0, 1
(74,80), 0, 1
(74,82), 0, 1
(75,5), 0, 1
(75,15), 0, 1
(75,22), 0, 1
(75,23), 0, 1
(75,35), 0, 1
(75,38), 0, 1
(75,44), 0, 1
(75,45), 0, 1
(75,53), 0, 1
(75,57), 0, 1
(75,66), 0, 1
(75,70), 0, 1
(75,82), 0, 1
(76,66), 0, 1
(77,6), 0, 1
(77,8), 0, 1
(77,47), 0, 1
(77,52), 0, 1
(77,66), 0, 1
(77,71), 0, 1
(77,76), 0, 1
(77,90), 0, 1
(78,6), 0, 1
(78,8), 0, 1
(78,47), 0, 1
(78,52), 0, 1
(78,66), 0, 1
(78,71), 0, 1
(79,6), 0, 1
(79,8), 0, 1
(79,52), 0, 1
(79,66), 0, 1
(79,71), 0, 1
(79,76), 0, 1
(80,8), 0, 1
(80,47), 0, 1
(80,52), 0, 1
(80,66), 0, 1
(80,71), 0, 1
(80,76), 0, 1
(81,6), 0, 1
(81,8), 0, 1
(81,47), 0, 1
(81,66), 0, 1
(81,71), 0, 1
(81,76), 0, 1
(83,6), 0, 1
(83,8), 0, 1
(83,66), 0, 1
(83,71), 0, 1
(83,76), 0, 1
(84,6), 0, 1
(84,8), 0, 1
(84,47), 0, 1
(84,52), 0, 1
(84,66), 0, 1
(84,71), 0, 1
(84,76), 0, 1
(85,5), 0, 1
(85,22), 0, 1
(85,23), 0, 1
(85,35), 0, 1
(85,38), 0, 1
(85,44), 0, 1
(85,45), 0, 1
(85,53), 0, 1
(85,57), 0, 1
(85,66), 0, 1
(85,70), 0, 1
(85,82), 0, 1
(86,6), 0, 1
(86,8), 0, 1
(86,47), 0, 1
(86,66), 0, 1
(86,71), 0, 1
(86,76), 0, 1
(87,6), 0, 1
(87,8), 0, 1
(87,47), 0, 1
(87,66), 0, 1
(87,71), 0, 1
(87,76), 0, 1
(88,6), 0, 1
(88,8), 0, 1
(88,47), 0, 1
(88,52), 0, 1
(88,66), 0, 1
(88,71), 0, 1
(88,76), 0, 1
(89,5), 0, 1
(89,22), 0, 1
(89,23), 0, 1
(89,35), 0, 1
(89,43), 0, 1
(89,44), 0, 1
(89,53), 0, 1
(89,57), 0, 1
(89,66), 0, 1
(89,70), 0, 1
(89,72), 0, 1
(90,5), 0, 1
(90,15), 0, 1
(90,22), 0, 1
(90,23), 0, 1
(90,35), 0, 1
(90,44), 0, 1
(90,45), 0, 1
(90,53), 0, 1
(90,57), 0, 1
(90,66), 0, 1
(90,70), 0, 1
(90,82), 0, 1
(91,5), 0, 1
(91,15), 0, 1
(91,22), 0, 1
(91,23), 0, 1
(91,35), 0, 1
(91,38), 0, 1
(91,45), 0, 1
(91,53), 0, 1
(91,57), 0, 1
(91,66), 0, 1
(91,70), 0, 1
(92,15), 0, 1
(92,22), 0, 1
(92,23), 0, 1
(92,35), 0, 1
(92,44), 0, 1
(92,53), 0, 1
(92,57), 0, 1
(92,66), 0, 1
(92,70), 0, 1
(92,72), 0, 1
(92,80), 0, 1
(92,82), 0, 1
(93,15), 0, 1
(93,22), 0, 1
(93,23), 0, 1
(93,35), 0, 1
(93,38), 0, 1
(93,44), 0, 1
(93,45), 0, 1
(93,53), 0, 1
(93,57), 0, 1
(93,66), 0, 1
(93,70), 0, 1
(93,72), 0, 1
(93,82), 0, 1
(94,66), 0, 1
(95,6), 0, 1
(95,8), 0, 1
(95,47), 0, 1
(95,71), 0, 1
(95,76), 0, 1
(95,90), 0, 1
(96,0), 0, 1
(96,1), 0, 1
(96,2), 0, 1
(96,3), 0, 1
(96,4), 0, 1
(96,5), 0, 1
(96,6), 0, 1
(96,8), 0, 1
(96,9), 0, 1
(96,10), 0, 1
(96,11), 0, 1
(96,14), 0, 1
(96,15), 0, 1
(96,17), 0, 1
(96,18), 0, 1
(96,19), 0, 1
(96,20), 0, 1
(96,21), 0, 1
(96,22), 0, 1
(96,23), 0, 1
(96,24), 0, 1
(96,25), 0, 1
(96,27), 0, 1
(96,28), 0, 1
(96,30), 0, 1
(96,32), 0, 1
(96,35), 0, 1
(96,36), 0, 1
(96,38), 0, 1
(96,39), 0, 1
(96,40), 0, 1
(96,41), 0, 1
(96,42), 0, 1
(96,45), 0, 1
(96,46), 0, 1
(96,47), 0, 1
(96,48), 0, 1
(96,49), 0, 1
(96,50), 0, 1
(96,51), 0, 1
(96,52), 0, 1
(96,53), 0, 1
(96,54), 0, 1
(96,56), 0, 1
(96,57), 0, 1
(96,58), 0, 1
(96,61), 0, 1
(96,62), 0, 1
(96,63), 0, 1
(96,64), 0, 1
(96,66), 0, 1
(96,67), 0, 1
(96,69), 0, 1
(96,70), 0, 1
(96,71), 0, 1
(96,72), 0, 1
(96,73), 0, 1
(96,74), 0, 1
(96,75), 0, 1
(96,76), 0, 1
(96,77), 0, 1
(96,79), 0, 1
(96,81), 0, 1
(96,82), 0, 1
(96,83), 0, 1
(96,85), 0, 1
(96,87), 0, 1
(96,88), 0, 1
(96,89), 0, 1
(96,91), 0, 1
(96,92), 0, 1
(96,93), 0, 1
(96,94), 0, 1
(96,95), 0, 1
(97,5), 0, 1
(97,15), 0, 1
(97,22), 0, 1
(97,23), 0, 1
(97,35), 0, 1
(97,38), 0, 1
(97,44), 0, 1
(97,45), 0, 1
(97,53), 0, 1
(97,57), 0, 1
(97,66), 0, 1
(97,70), 0, 1
(97,72), 0, 1
(97,82), 0, 1
(98,0), 0, 1
(98,1), 0, 1
(98,2), 0, 1
(98,3), 0, 1
(98,4), 0, 1
(98,5), 0, 1
(98,6), 0, 1
(98,8), 0, 1
(98,9), 0, 1
(98,11), 0, 1
(98,12), 0, 1
(98,13), 0, 1
(98,14), 0, 1
(98,15), 0, 1
(98,17), 0, 1
(98,18), 0, 1
(98,19), 0, 1
(98,20), 0, 1
(98,21), 0, 1
(98,22), 0, 1
(98,23), 0, 1
(98,24), 0, 1
(98,25), 0, 1
(98,26), 0, 1
(98,27), 0, 1
(98,28), 0, 1
(98,30), 0, 1
(98,32), 0, 1
(98,33), 0, 1
(98,34), 0, 1
(98,36), 0, 1
(98,38), 0, 1
(98,39), 0, 1
(98,40), 0, 1
(98,41), 0, 1
(98,42), 0, 1
(98,45), 0, 1
(98,46), 0, 1
(98,47), 0, 1
(98,49), 0, 1
(98,50), 0, 1
(98,51), 0, 1
(98,52), 0, 1
(98,54), 0, 1
(98,55), 0, 1
(98,56), 0, 1
(98,57), 0, 1
(98,59), 0, 1
(98,61), 0, 1
(98,63), 0, 1
(98,64), 0, 1
(98,66), 0, 1
(98,67), 0, 1
(98,68), 0, 1
(98,69), 0, 1
(98,70), 0, 1
(98,71), 0, 1
(98,72), 0, 1
(98,73), 0, 1
(98,74), 0, 1
(98,75), 0, 1
(98,76), 0, 1
(98,77), 0, 1
(98,78), 0, 1
(98,79), 0, 1
(98,81), 0, 1
(98,82), 0, 1
(98,83), 0, 1
(98,85), 0, 1
(98,87), 0, 1
(98,88), 0, 1
(98,89), 0, 1
(98,91), 0, 1
(98,92), 0, 1
(98,93), 0, 1
(98,94), 0, 1
(98,95), 0, 1
(99,0), 0, 1
(99,1), 0, 1
(99,2), 0, 1
(99,3), 0, 1
(99,4), 0, 1
(99,5), 0, 1
(99,6), 0, 1
(99,8), 0, 1
(99,9), 0, 1
(99,10), 0, 1
(99,11), 0, 1
(99,12), 0, 1
(99,13), 0, 1
(99,14), 0, 1
(99,15), 0, 1
(99,17), 0, 1
(99,18), 0, 1
(99,19), 0, 1
(99,20), 0, 1
(99,21), 0, 1
(99,22), 0, 1
(99,23), 0, 1
(99,24), 0, 1
(99,25), 0, 1
(99,27), 0, 1
(99,28), 0, 1
(99,30), 0, 1
(99,32), 0, 1
(99,33), 0, 1
(99,34), 0, 1
(99,35), 0, 1
(99,36), 0, 1
(99,37), 0, 1
(99,38), 0, 1
(99,39), 0, 1
(99,41), 0, 1
(99,42), 0, 1
(99,44), 0, 1
(99,47), 0, 1
(99,48), 0, 1
(99,49), 0, 1
(99,50), 0, 1
(99,52), 0, 1
(99,53), 0, 1
(99,54), 0, 1
(99,55), 0, 1
(99,56), 0, 1
(99,57), 0, 1
(99,61), 0, 1
(99,63), 0, 1
(99,64), 0, 1
(99,65), 0, 1
(99,66), 0, 1
(99,67), 0, 1
(99,68), 0, 1
(99,69), 0, 1
(99,71), 0, 1
(99,73), 0, 1
(99,74), 0, 1
(99,75), 0, 1
(99,76), 0, 1
(99,77), 0, 1
(99,79), 0, 1
(99,81), 0, 1
(99,82), 0, 1
(99,84), 0, 1
(99,85), 0, 1
(99,86), 0, 1
(99,87), 0, 1
(99,88), 0, 1
(99,89), 0, 1
(99,91), 0, 1
(99,92), 0, 1
(99,93), 0, 1
(99,94), 0, 1
