Nr_Pairs = 92
Nr_NDD = 8
Nr_Arcs = 1464
0	0.05
1	0.05
2	0.05
3	0.32499999999999996
4	0.05
5	0.05
6	0.05
7	0.05
8	0.2875000000000001
9	0.05
10	0.05
11	0.1
12	0.05
13	0.1
14	0.05
15	0.05
16	0.05
17	0.05
18	0.32499999999999996
19	0.9
20	0.925
21	0.32499999999999996
22	0.05
23	0.05
24	0.05
25	0.05
26	0.9
27	0.32499999999999996
28	0.1
29	0.05
30	0.05
31	0.1
32	0.05
33	0.05
34	0.9
35	0.05
36	0.05
37	0.2875000000000001
38	0.05
39	0.05
40	0.05
41	0.2875000000000001
42	0.05
43	0.1
44	0.05
45	0.05
46	0.05
47	0.2875000000000001
48	0.1
49	0.2875000000000001
50	0.1
51	0.05
52	0.05
53	0.05
54	0.05
55	0.05
56	0.9
57	0.9
58	0.2875000000000001
59	0.05
60	0.05
61	0.05
62	0.2875000000000001
63	0.9
64	0.05
65	0.05
66	0.9
67	0.9
68	0.1
69	0.2875000000000001
70	0.05
71	0.1
72	0.05
73	0.2875000000000001
74	0.05
75	0.32499999999999996
76	0.2875000000000001
77	0.1
78	0.1
79	0.05
80	0.05
81	0.05
82	0.05
83	0.32499999999999996
84	0.1
85	0.2875000000000001
86	0.2875000000000001
87	0.05
88	0.05
89	0.05
90	0.05
91	0.1
92	0.0
93	0.0
94	0.0
95	0.0
96	0.0
97	0.0
98	0.0
99	0.0
(1,18), 0, 1
(1,27), 0, 1
(1,45), 0, 1
(1,46), 0, 1
(1,57), 0, 1
(1,65), 0, 1
(1,76), 0, 1
(1,82), 0, 1
(1,84), 0, 1
(2,15), 0, 1
(2,19), 0, 1
(2,22), 0, 1
(2,25), 0, 1
(2,35), 0, 1
(2,43), 0, 1
(3,18), 0, 1
(3,27), 0, 1
(3,45), 0, 1
(3,65), 0, 1
(3,76), 0, 1
(3,82), 0, 1
(3,84), 0, 1
(4,15), 0, 1
(4,22), 0, 1
(4,25), 0, 1
(4,35), 0, 1
(4,43), 0, 1
(4,49), 0, 1
(4,62), 0, 1
(5,8), 0, 1
(5,15), 0, 1
(5,22), 0, 1
(5,25), 0, 1
(5,35), 0, 1
(5,43), 0, 1
(5,62), 0, 1
(6,8), 0, 1
(6,15), 0, 1
(6,22), 0, 1
(6,25), 0, 1
(6,35), 0, 1
(6,43), 0, 1
(6,49), 0, 1
(6,56), 0, 1
(6,62), 0, 1
(7,27), 0, 1
(7,45), 0, 1
(7,46), 0, 1
(7,65), 0, 1
(7,82), 0, 1
(7,84), 0, 1
(8,18), 0, 1
(8,45), 0, 1
(8,65), 0, 1
(8,76), 0, 1
(8,82), 0, 1
(8,84), 0, 1
(9,15), 0, 1
(9,22), 0, 1
(9,25), 0, 1
(9,35), 0, 1
(9,43), 0, 1
(9,49), 0, 1
(11,8), 0, 1
(11,15), 0, 1
(11,22), 0, 1
(11,25), 0, 1
(11,35), 0, 1
(11,43), 0, 1
(11,49), 0, 1
(11,62), 0, 1
(11,63), 0, 1
(12,8), 0, 1
(12,15), 0, 1
(12,19), 0, 1
(12,22), 0, 1
(12,25), 0, 1
(12,35), 0, 1
(12,43), 0, 1
(12,49), 0, 1
(12,62), 0, 1
(13,18), 0, 1
(13,45), 0, 1
(13,46), 0, 1
(13,65), 0, 1
(13,76), 0, 1
(13,82), 0, 1
(13,84), 0, 1
(14,15), 0, 1
(14,22), 0, 1
(14,25), 0, 1
(14,35), 0, 1
(14,43), 0, 1
(14,49), 0, 1
(14,62), 0, 1
(15,18), 0, 1
(15,27), 0, 1
(15,45), 0, 1
(15,46), 0, 1
(15,65), 0, 1
(15,82), 0, 1
(15,84), 0, 1
(16,15), 0, 1
(16,22), 0, 1
(16,25), 0, 1
(16,35), 0, 1
(16,43), 0, 1
(16,62), 0, 1
(18,15), 0, 1
(18,22), 0, 1
(18,25), 0, 1
(18,35), 0, 1
(18,49), 0, 1
(18,62), 0, 1
(19,8), 0, 1
(19,15), 0, 1
(19,22), 0, 1
(19,25), 0, 1
(19,35), 0, 1
(19,43), 0, 1
(19,49), 0, 1
(20,0), 0, 1
(20,1), 0, 1
(20,2), 0, 1
(20,3), 0, 1
(20,4), 0, 1
(20,5), 0, 1
(20,6), 0, 1
(20,7), 0, 1
(20,8), 0, 1
(20,9), 0, 1
(20,10), 0, 1
(20,11), 0, 1
(20,12), 0, 1
(20,13), 0, 1
(20,14), 0, 1
(20,15), 0, 1
(20,17), 0, 1
(20,21), 0, 1
(20,22), 0, 1
(20,23), 0, 1
(20,24), 0, 1
(20,25), 0, 1
(20,26), 0, 1
(20,27), 0, 1
(20,29), 0, 1
(20,30), 0, 1
(20,32), 0, 1
(20,33), 0, 1
(20,35), 0, 1
(20,36), 0, 1
(20,37), 0, 1
(20,38), 0, 1
(20,39), 0, 1
(20,40), 0, 1
(20,41), 0, 1
(20,42), 0, 1
(20,44), 0, 1
(20,45), 0, 1
(20,46), 0, 1
(20,47), 0, 1
(20,48), 0, 1
(20,49), 0, 1
(20,50), 0, 1
(20,51), 0, 1
(20,52), 0, 1
(20,53), 0, 1
(20,54), 0, 1
(20,55), 0, 1
(20,58), 0, 1
(20,59), 0, 1
(20,60), 0, 1
(20,61), 0, 1
(20,62), 0, 1
(20,64), 0, 1
(20,65), 0, 1
(20,68), 0, 1
(20,70), 0, 1
(20,71), 0, 1
(20,72), 0, 1
(20,73), 0, 1
(20,74), 0, 1
(20,75), 0, 1
(20,77), 0, 1
(20,78), 0, 1
(20,79), 0, 1
(20,80), 0, 1
(20,81), 0, 1
(20,82), 0, 1
(20,83), 0, 1
(20,84), 0, 1
(20,85), 0, 1
(20,86), 0, 1
(20,87), 0, 1
(20,88), 0, 1
(20,89), 0, 1
(20,90), 0, 1
(20,91), 0, 1
(21,8), 0, 1
(21,15), 0, 1
(21,22), 0, 1
(21,25), 0, 1
(21,35), 0, 1
(21,43), 0, 1
(21,49), 0, 1
(21,62), 0, 1
(23,15), 0, 1
(23,22), 0, 1
(23,25), 0, 1
(23,35), 0, 1
(23,43), 0, 1
(23,62), 0, 1
(24,18), 0, 1
(24,45), 0, 1
(24,46), 0, 1
(24,65), 0, 1
(24,76), 0, 1
(24,82), 0, 1
(24,84), 0, 1
(25,18), 0, 1
(25,46), 0, 1
(25,57), 0, 1
(25,65), 0, 1
(25,76), 0, 1
(25,82), 0, 1
(25,84), 0, 1
(26,0), 0, 1
(26,1), 0, 1
(26,2), 0, 1
(26,3), 0, 1
(26,4), 0, 1
(26,5), 0, 1
(26,6), 0, 1
(26,7), 0, 1
(26,9), 0, 1
(26,10), 0, 1
(26,11), 0, 1
(26,12), 0, 1
(26,13), 0, 1
(26,14), 0, 1
(26,15), 0, 1
(26,16), 0, 1
(26,17), 0, 1
(26,18), 0, 1
(26,19), 0, 1
(26,20), 0, 1
(26,22), 0, 1
(26,23), 0, 1
(26,24), 0, 1
(26,25), 0, 1
(26,28), 0, 1
(26,29), 0, 1
(26,30), 0, 1
(26,31), 0, 1
(26,32), 0, 1
(26,33), 0, 1
(26,35), 0, 1
(26,36), 0, 1
(26,38), 0, 1
(26,39), 0, 1
(26,40), 0, 1
(26,42), 0, 1
(26,43), 0, 1
(26,44), 0, 1
(26,45), 0, 1
(26,46), 0, 1
(26,47), 0, 1
(26,50), 0, 1
(26,51), 0, 1
(26,52), 0, 1
(26,53), 0, 1
(26,54), 0, 1
(26,55), 0, 1
(26,57), 0, 1
(26,58), 0, 1
(26,59), 0, 1
(26,60), 0, 1
(26,61), 0, 1
(26,63), 0, 1
(26,64), 0, 1
(26,65), 0, 1
(26,68), 0, 1
(26,69), 0, 1
(26,70), 0, 1
(26,71), 0, 1
(26,72), 0, 1
(26,73), 0, 1
(26,74), 0, 1
(26,75), 0, 1
(26,77), 0, 1
(26,78), 0, 1
(26,79), 0, 1
(26,80), 0, 1
(26,81), 0, 1
(26,82), 0, 1
(26,83), 0, 1
(26,84), 0, 1
(26,85), 0, 1
(26,86), 0, 1
(26,87), 0, 1
(26,88), 0, 1
(26,89), 0, 1
(26,90), 0, 1
(26,91), 0, 1
(27,0), 0, 1
(27,1), 0, 1
(27,2), 0, 1
(27,4), 0, 1
(27,5), 0, 1
(27,6), 0, 1
(27,7), 0, 1
(27,8), 0, 1
(27,9), 0, 1
(27,10), 0, 1
(27,11), 0, 1
(27,12), 0, 1
(27,13), 0, 1
(27,14), 0, 1
(27,15), 0, 1
(27,16), 0, 1
(27,18), 0, 1
(27,21), 0, 1
(27,22), 0, 1
(27,23), 0, 1
(27,24), 0, 1
(27,25), 0, 1
(27,28), 0, 1
(27,29), 0, 1
(27,30), 0, 1
(27,31), 0, 1
(27,33), 0, 1
(27,35), 0, 1
(27,36), 0, 1
(27,37), 0, 1
(27,38), 0, 1
(27,39), 0, 1
(27,40), 0, 1
(27,41), 0, 1
(27,42), 0, 1
(27,43), 0, 1
(27,44), 0, 1
(27,45), 0, 1
(27,46), 0, 1
(27,47), 0, 1
(27,48), 0, 1
(27,50), 0, 1
(27,51), 0, 1
(27,52), 0, 1
(27,53), 0, 1
(27,54), 0, 1
(27,55), 0, 1
(27,59), 0, 1
(27,60), 0, 1
(27,61), 0, 1
(27,64), 0, 1
(27,65), 0, 1
(27,67), 0, 1
(27,68), 0, 1
(27,70), 0, 1
(27,71), 0, 1
(27,72), 0, 1
(27,74), 0, 1
(27,75), 0, 1
(27,76), 0, 1
(27,77), 0, 1
(27,78), 0, 1
(27,79), 0, 1
(27,80), 0, 1
(27,81), 0, 1
(27,82), 0, 1
(27,83), 0, 1
(27,84), 0, 1
(27,85), 0, 1
(27,87), 0, 1
(27,88), 0, 1
(27,89), 0, 1
(27,90), 0, 1
(27,91), 0, 1
(29,18), 0, 1
(29,27), 0, 1
(29,45), 0, 1
(29,46), 0, 1
(29,65), 0, 1
(29,76), 0, 1
(29,82), 0, 1
(29,84), 0, 1
(30,15), 0, 1
(30,22), 0, 1
(30,25), 0, 1
(30,35), 0, 1
(30,43), 0, 1
(30,62), 0, 1
(31,27), 0, 1
(31,45), 0, 1
(31,46), 0, 1
(31,65), 0, 1
(31,82), 0, 1
(31,84), 0, 1
(32,8), 0, 1
(32,15), 0, 1
(32,22), 0, 1
(32,25), 0, 1
(32,35), 0, 1
(32,62), 0, 1
(33,8), 0, 1
(33,15), 0, 1
(33,22), 0, 1
(33,25), 0, 1
(33,35), 0, 1
(33,49), 0, 1
(34,18), 0, 1
(34,27), 0, 1
(34,46), 0, 1
(34,65), 0, 1
(34,76), 0, 1
(34,82), 0, 1
(34,84), 0, 1
(35,1), 0, 1
(35,2), 0, 1
(35,4), 0, 1
(35,6), 0, 1
(35,7), 0, 1
(35,8), 0, 1
(35,9), 0, 1
(35,10), 0, 1
(35,11), 0, 1
(35,12), 0, 1
(35,13), 0, 1
(35,14), 0, 1
(35,16), 0, 1
(35,17), 0, 1
(35,18), 0, 1
(35,21), 0, 1
(35,22), 0, 1
(35,23), 0, 1
(35,24), 0, 1
(35,25), 0, 1
(35,27), 0, 1
(35,28), 0, 1
(35,29), 0, 1
(35,30), 0, 1
(35,31), 0, 1
(35,32), 0, 1
(35,33), 0, 1
(35,36), 0, 1
(35,38), 0, 1
(35,39), 0, 1
(35,40), 0, 1
(35,41), 0, 1
(35,43), 0, 1
(35,44), 0, 1
(35,45), 0, 1
(35,46), 0, 1
(35,48), 0, 1
(35,50), 0, 1
(35,51), 0, 1
(35,52), 0, 1
(35,53), 0, 1
(35,54), 0, 1
(35,55), 0, 1
(35,59), 0, 1
(35,60), 0, 1
(35,61), 0, 1
(35,62), 0, 1
(35,64), 0, 1
(35,65), 0, 1
(35,68), 0, 1
(35,69), 0, 1
(35,70), 0, 1
(35,71), 0, 1
(35,72), 0, 1
(35,73), 0, 1
(35,74), 0, 1
(35,75), 0, 1
(35,76), 0, 1
(35,77), 0, 1
(35,78), 0, 1
(35,79), 0, 1
(35,80), 0, 1
(35,81), 0, 1
(35,82), 0, 1
(35,83), 0, 1
(35,84), 0, 1
(35,85), 0, 1
(35,86), 0, 1
(35,87), 0, 1
(35,88), 0, 1
(35,89), 0, 1
(35,90), 0, 1
(35,91), 0, 1
(37,0), 0, 1
(37,1), 0, 1
(37,3), 0, 1
(37,4), 0, 1
(37,5), 0, 1
(37,6), 0, 1
(37,7), 0, 1
(37,8), 0, 1
(37,9), 0, 1
(37,10), 0, 1
(37,11), 0, 1
(37,12), 0, 1
(37,13), 0, 1
(37,14), 0, 1
(37,15), 0, 1
(37,16), 0, 1
(37,17), 0, 1
(37,18), 0, 1
(37,20), 0, 1
(37,21), 0, 1
(37,22), 0, 1
(37,23), 0, 1
(37,24), 0, 1
(37,25), 0, 1
(37,27), 0, 1
(37,28), 0, 1
(37,29), 0, 1
(37,30), 0, 1
(37,31), 0, 1
(37,32), 0, 1
(37,33), 0, 1
(37,35), 0, 1
(37,36), 0, 1
(37,38), 0, 1
(37,39), 0, 1
(37,40), 0, 1
(37,41), 0, 1
(37,42), 0, 1
(37,44), 0, 1
(37,45), 0, 1
(37,46), 0, 1
(37,48), 0, 1
(37,50), 0, 1
(37,51), 0, 1
(37,52), 0, 1
(37,53), 0, 1
(37,54), 0, 1
(37,55), 0, 1
(37,59), 0, 1
(37,61), 0, 1
(37,62), 0, 1
(37,64), 0, 1
(37,65), 0, 1
(37,66), 0, 1
(37,68), 0, 1
(37,69), 0, 1
(37,70), 0, 1
(37,71), 0, 1
(37,72), 0, 1
(37,73), 0, 1
(37,74), 0, 1
(37,75), 0, 1
(37,76), 0, 1
(37,77), 0, 1
(37,78), 0, 1
(37,79), 0, 1
(37,80), 0, 1
(37,81), 0, 1
(37,82), 0, 1
(37,83), 0, 1
(37,84), 0, 1
(37,86), 0, 1
(37,88), 0, 1
(37,89), 0, 1
(37,90), 0, 1
(37,91), 0, 1
(38,15), 0, 1
(38,22), 0, 1
(38,25), 0, 1
(38,35), 0, 1
(38,43), 0, 1
(38,49), 0, 1
(38,56), 0, 1
(39,8), 0, 1
(39,15), 0, 1
(39,22), 0, 1
(39,25), 0, 1
(39,35), 0, 1
(39,43), 0, 1
(39,49), 0, 1
(39,62), 0, 1
(40,8), 0, 1
(40,15), 0, 1
(40,22), 0, 1
(40,25), 0, 1
(40,35), 0, 1
(40,49), 0, 1
(40,62), 0, 1
(41,8), 0, 1
(41,19), 0, 1
(41,22), 0, 1
(41,25), 0, 1
(41,35), 0, 1
(41,43), 0, 1
(42,18), 0, 1
(42,45), 0, 1
(42,65), 0, 1
(42,82), 0, 1
(42,84), 0, 1
(43,22), 0, 1
(43,25), 0, 1
(43,35), 0, 1
(43,49), 0, 1
(43,56), 0, 1
(44,18), 0, 1
(44,27), 0, 1
(44,45), 0, 1
(44,46), 0, 1
(44,65), 0, 1
(44,82), 0, 1
(44,84), 0, 1
(45,15), 0, 1
(45,19), 0, 1
(45,22), 0, 1
(45,25), 0, 1
(45,35), 0, 1
(45,43), 0, 1
(45,49), 0, 1
(45,62), 0, 1
(45,63), 0, 1
(46,15), 0, 1
(46,22), 0, 1
(46,25), 0, 1
(46,35), 0, 1
(46,43), 0, 1
(46,49), 0, 1
(46,62), 0, 1
(47,0), 0, 1
(47,1), 0, 1
(47,2), 0, 1
(47,3), 0, 1
(47,4), 0, 1
(47,5), 0, 1
(47,6), 0, 1
(47,7), 0, 1
(47,9), 0, 1
(47,10), 0, 1
(47,11), 0, 1
(47,12), 0, 1
(47,13), 0, 1
(47,14), 0, 1
(47,15), 0, 1
(47,16), 0, 1
(47,17), 0, 1
(47,18), 0, 1
(47,20), 0, 1
(47,21), 0, 1
(47,22), 0, 1
(47,23), 0, 1
(47,24), 0, 1
(47,25), 0, 1
(47,27), 0, 1
(47,30), 0, 1
(47,31), 0, 1
(47,32), 0, 1
(47,33), 0, 1
(47,35), 0, 1
(47,37), 0, 1
(47,38), 0, 1
(47,40), 0, 1
(47,42), 0, 1
(47,43), 0, 1
(47,44), 0, 1
(47,45), 0, 1
(47,46), 0, 1
(47,48), 0, 1
(47,49), 0, 1
(47,50), 0, 1
(47,51), 0, 1
(47,52), 0, 1
(47,53), 0, 1
(47,54), 0, 1
(47,55), 0, 1
(47,57), 0, 1
(47,58), 0, 1
(47,59), 0, 1
(47,60), 0, 1
(47,61), 0, 1
(47,62), 0, 1
(47,64), 0, 1
(47,65), 0, 1
(47,68), 0, 1
(47,70), 0, 1
(47,71), 0, 1
(47,72), 0, 1
(47,74), 0, 1
(47,75), 0, 1
(47,76), 0, 1
(47,77), 0, 1
(47,78), 0, 1
(47,79), 0, 1
(47,80), 0, 1
(47,81), 0, 1
(47,82), 0, 1
(47,83), 0, 1
(47,84), 0, 1
(47,85), 0, 1
(47,86), 0, 1
(47,87), 0, 1
(47,88), 0, 1
(47,89), 0, 1
(47,90), 0, 1
(47,91), 0, 1
(48,15), 0, 1
(48,22), 0, 1
(48,25), 0, 1
(48,35), 0, 1
(48,49), 0, 1
(48,62), 0, 1
(49,18), 0, 1
(49,27), 0, 1
(49,46), 0, 1
(49,65), 0, 1
(49,82), 0, 1
(49,84), 0, 1
(50,15), 0, 1
(50,22), 0, 1
(50,35), 0, 1
(50,43), 0, 1
(51,15), 0, 1
(51,22), 0, 1
(51,25), 0, 1
(51,43), 0, 1
(51,62), 0, 1
(52,8), 0, 1
(52,22), 0, 1
(52,25), 0, 1
(52,35), 0, 1
(52,43), 0, 1
(52,49), 0, 1
(52,62), 0, 1
(53,8), 0, 1
(53,15), 0, 1
(53,25), 0, 1
(53,35), 0, 1
(53,43), 0, 1
(54,8), 0, 1
(54,15), 0, 1
(54,22), 0, 1
(54,25), 0, 1
(54,35), 0, 1
(54,43), 0, 1
(54,49), 0, 1
(54,62), 0, 1
(54,63), 0, 1
(55,8), 0, 1
(55,15), 0, 1
(55,19), 0, 1
(55,22), 0, 1
(55,25), 0, 1
(55,35), 0, 1
(55,43), 0, 1
(55,49), 0, 1
(55,62), 0, 1
(56,0), 0, 1
(56,1), 0, 1
(56,2), 0, 1
(56,4), 0, 1
(56,5), 0, 1
(56,6), 0, 1
(56,7), 0, 1
(56,8), 0, 1
(56,9), 0, 1
(56,10), 0, 1
(56,11), 0, 1
(56,12), 0, 1
(56,13), 0, 1
(56,14), 0, 1
(56,15), 0, 1
(56,16), 0, 1
(56,17), 0, 1
(56,18), 0, 1
(56,21), 0, 1
(56,22), 0, 1
(56,23), 0, 1
(56,24), 0, 1
(56,25), 0, 1
(56,26), 0, 1
(56,29), 0, 1
(56,30), 0, 1
(56,32), 0, 1
(56,35), 0, 1
(56,36), 0, 1
(56,37), 0, 1
(56,38), 0, 1
(56,39), 0, 1
(56,40), 0, 1
(56,42), 0, 1
(56,43), 0, 1
(56,44), 0, 1
(56,45), 0, 1
(56,46), 0, 1
(56,47), 0, 1
(56,48), 0, 1
(56,49), 0, 1
(56,50), 0, 1
(56,52), 0, 1
(56,53), 0, 1
(56,54), 0, 1
(56,55), 0, 1
(56,59), 0, 1
(56,60), 0, 1
(56,61), 0, 1
(56,62), 0, 1
(56,64), 0, 1
(56,65), 0, 1
(56,66), 0, 1
(56,68), 0, 1
(56,69), 0, 1
(56,70), 0, 1
(56,71), 0, 1
(56,72), 0, 1
(56,73), 0, 1
(56,74), 0, 1
(56,75), 0, 1
(56,77), 0, 1
(56,78), 0, 1
(56,79), 0, 1
(56,80), 0, 1
(56,81), 0, 1
(56,82), 0, 1
(56,83), 0, 1
(56,84), 0, 1
(56,86), 0, 1
(56,87), 0, 1
(56,88), 0, 1
(56,89), 0, 1
(56,90), 0, 1
(56,91), 0, 1
(57,27), 0, 1
(57,45), 0, 1
(57,46), 0, 1
(57,65), 0, 1
(57,76), 0, 1
(57,82), 0, 1
(57,84), 0, 1
(58,18), 0, 1
(58,46), 0, 1
(58,65), 0, 1
(58,76), 0, 1
(58,82), 0, 1
(58,84), 0, 1
(59,15), 0, 1
(59,22), 0, 1
(59,25), 0, 1
(59,35), 0, 1
(59,43), 0, 1
(59,62), 0, 1
(60,8), 0, 1
(60,15), 0, 1
(60,22), 0, 1
(60,25), 0, 1
(60,35), 0, 1
(60,43), 0, 1
(60,49), 0, 1
(60,62), 0, 1
(61,18), 0, 1
(61,45), 0, 1
(61,46), 0, 1
(61,65), 0, 1
(61,82), 0, 1
(61,84), 0, 1
(63,15), 0, 1
(63,25), 0, 1
(63,35), 0, 1
(63,43), 0, 1
(63,49), 0, 1
(63,62), 0, 1
(64,18), 0, 1
(64,27), 0, 1
(64,45), 0, 1
(64,46), 0, 1
(64,76), 0, 1
(64,82), 0, 1
(65,8), 0, 1
(65,22), 0, 1
(65,25), 0, 1
(65,35), 0, 1
(65,43), 0, 1
(65,49), 0, 1
(65,62), 0, 1
(66,0), 0, 1
(66,1), 0, 1
(66,2), 0, 1
(66,3), 0, 1
(66,4), 0, 1
(66,5), 0, 1
(66,6), 0, 1
(66,8), 0, 1
(66,9), 0, 1
(66,10), 0, 1
(66,11), 0, 1
(66,12), 0, 1
(66,13), 0, 1
(66,14), 0, 1
(66,15), 0, 1
(66,16), 0, 1
(66,17), 0, 1
(66,18), 0, 1
(66,21), 0, 1
(66,23), 0, 1
(66,24), 0, 1
(66,25), 0, 1
(66,27), 0, 1
(66,29), 0, 1
(66,30), 0, 1
(66,31), 0, 1
(66,32), 0, 1
(66,33), 0, 1
(66,35), 0, 1
(66,36), 0, 1
(66,37), 0, 1
(66,38), 0, 1
(66,39), 0, 1
(66,40), 0, 1
(66,42), 0, 1
(66,43), 0, 1
(66,44), 0, 1
(66,45), 0, 1
(66,46), 0, 1
(66,47), 0, 1
(66,48), 0, 1
(66,49), 0, 1
(66,50), 0, 1
(66,51), 0, 1
(66,52), 0, 1
(66,53), 0, 1
(66,54), 0, 1
(66,55), 0, 1
(66,58), 0, 1
(66,59), 0, 1
(66,60), 0, 1
(66,61), 0, 1
(66,64), 0, 1
(66,65), 0, 1
(66,69), 0, 1
(66,70), 0, 1
(66,71), 0, 1
(66,72), 0, 1
(66,73), 0, 1
(66,74), 0, 1
(66,75), 0, 1
(66,76), 0, 1
(66,77), 0, 1
(66,78), 0, 1
(66,79), 0, 1
(66,80), 0, 1
(66,81), 0, 1
(66,82), 0, 1
(66,83), 0, 1
(66,84), 0, 1
(66,85), 0, 1
(66,86), 0, 1
(66,87), 0, 1
(66,88), 0, 1
(66,89), 0, 1
(66,90), 0, 1
(67,8), 0, 1
(67,15), 0, 1
(67,22), 0, 1
(67,25), 0, 1
(67,35), 0, 1
(67,62), 0, 1
(68,15), 0, 1
(68,22), 0, 1
(68,25), 0, 1
(68,35), 0, 1
(68,49), 0, 1
(69,18), 0, 1
(69,27), 0, 1
(69,45), 0, 1
(69,46), 0, 1
(69,65), 0, 1
(69,76), 0, 1
(69,82), 0, 1
(69,84), 0, 1
(70,8), 0, 1
(70,15), 0, 1
(70,22), 0, 1
(70,25), 0, 1
(70,35), 0, 1
(71,0), 0, 1
(71,1), 0, 1
(71,2), 0, 1
(71,3), 0, 1
(71,4), 0, 1
(71,5), 0, 1
(71,6), 0, 1
(71,7), 0, 1
(71,8), 0, 1
(71,9), 0, 1
(71,10), 0, 1
(71,11), 0, 1
(71,14), 0, 1
(71,15), 0, 1
(71,16), 0, 1
(71,17), 0, 1
(71,18), 0, 1
(71,19), 0, 1
(71,21), 0, 1
(71,22), 0, 1
(71,23), 0, 1
(71,25), 0, 1
(71,26), 0, 1
(71,27), 0, 1
(71,28), 0, 1
(71,29), 0, 1
(71,30), 0, 1
(71,31), 0, 1
(71,32), 0, 1
(71,33), 0, 1
(71,35), 0, 1
(71,36), 0, 1
(71,37), 0, 1
(71,38), 0, 1
(71,40), 0, 1
(71,41), 0, 1
(71,42), 0, 1
(71,43), 0, 1
(71,44), 0, 1
(71,45), 0, 1
(71,46), 0, 1
(71,47), 0, 1
(71,48), 0, 1
(71,49), 0, 1
(71,50), 0, 1
(71,51), 0, 1
(71,52), 0, 1
(71,53), 0, 1
(71,54), 0, 1
(71,55), 0, 1
(71,57), 0, 1
(71,58), 0, 1
(71,59), 0, 1
(71,60), 0, 1
(71,61), 0, 1
(71,62), 0, 1
(71,63), 0, 1
(71,64), 0, 1
(71,65), 0, 1
(71,68), 0, 1
(71,69), 0, 1
(71,70), 0, 1
(71,72), 0, 1
(71,73), 0, 1
(71,74), 0, 1
(71,76), 0, 1
(71,77), 0, 1
(71,78), 0, 1
(71,79), 0, 1
(71,80), 0, 1
(71,81), 0, 1
(71,82), 0, 1
(71,83), 0, 1
(71,84), 0, 1
(71,85), 0, 1
(71,86), 0, 1
(71,87), 0, 1
(71,88), 0, 1
(71,89), 0, 1
(71,90), 0, 1
(71,91), 0, 1
(72,8), 0, 1
(72,15), 0, 1
(72,22), 0, 1
(72,25), 0, 1
(72,35), 0, 1
(72,43), 0, 1
(72,62), 0, 1
(73,18), 0, 1
(73,45), 0, 1
(73,46), 0, 1
(73,65), 0, 1
(73,76), 0, 1
(73,82), 0, 1
(73,84), 0, 1
(74,15), 0, 1
(74,19), 0, 1
(74,22), 0, 1
(74,25), 0, 1
(74,35), 0, 1
(74,43), 0, 1
(74,62), 0, 1
(75,18), 0, 1
(75,27), 0, 1
(75,46), 0, 1
(75,76), 0, 1
(75,82), 0, 1
(75,84), 0, 1
(76,15), 0, 1
(76,22), 0, 1
(76,25), 0, 1
(76,35), 0, 1
(76,43), 0, 1
(76,63), 0, 1
(77,8), 0, 1
(77,15), 0, 1
(77,22), 0, 1
(77,25), 0, 1
(77,35), 0, 1
(77,43), 0, 1
(77,49), 0, 1
(77,62), 0, 1
(78,8), 0, 1
(78,15), 0, 1
(78,22), 0, 1
(78,25), 0, 1
(78,35), 0, 1
(78,43), 0, 1
(78,49), 0, 1
(78,62), 0, 1
(79,27), 0, 1
(79,45), 0, 1
(79,46), 0, 1
(79,65), 0, 1
(79,76), 0, 1
(79,82), 0, 1
(79,84), 0, 1
(80,27), 0, 1
(80,45), 0, 1
(80,46), 0, 1
(80,65), 0, 1
(80,82), 0, 1
(80,84), 0, 1
(81,8), 0, 1
(81,22), 0, 1
(81,25), 0, 1
(81,35), 0, 1
(81,43), 0, 1
(81,49), 0, 1
(82,15), 0, 1
(82,22), 0, 1
(82,25), 0, 1
(82,35), 0, 1
(82,43), 0, 1
(82,49), 0, 1
(82,62), 0, 1
(83,8), 0, 1
(83,15), 0, 1
(83,22), 0, 1
(83,25), 0, 1
(83,35), 0, 1
(83,43), 0, 1
(83,49), 0, 1
(83,62), 0, 1
(84,8), 0, 1
(84,15), 0, 1
(84,22), 0, 1
(84,25), 0, 1
(84,35), 0, 1
(84,43), 0, 1
(85,0), 0, 1
(85,1), 0, 1
(85,2), 0, 1
(85,4), 0, 1
(85,5), 0, 1
(85,6), 0, 1
(85,7), 0, 1
(85,8), 0, 1
(85,9), 0, 1
(85,10), 0, 1
(85,11), 0, 1
(85,12), 0, 1
(85,14), 0, 1
(85,15), 0, 1
(85,16), 0, 1
(85,17), 0, 1
(85,18), 0, 1
(85,21), 0, 1
(85,22), 0, 1
(85,23), 0, 1
(85,24), 0, 1
(85,25), 0, 1
(85,26), 0, 1
(85,27), 0, 1
(85,28), 0, 1
(85,29), 0, 1
(85,30), 0, 1
(85,31), 0, 1
(85,32), 0, 1
(85,33), 0, 1
(85,34), 0, 1
(85,35), 0, 1
(85,36), 0, 1
(85,37), 0, 1
(85,38), 0, 1
(85,39), 0, 1
(85,40), 0, 1
(85,41), 0, 1
(85,42), 0, 1
(85,43), 0, 1
(85,44), 0, 1
(85,46), 0, 1
(85,48), 0, 1
(85,50), 0, 1
(85,51), 0, 1
(85,52), 0, 1
(85,53), 0, 1
(85,54), 0, 1
(85,55), 0, 1
(85,58), 0, 1
(85,59), 0, 1
(85,60), 0, 1
(85,61), 0, 1
(85,64), 0, 1
(85,67), 0, 1
(85,68), 0, 1
(85,69), 0, 1
(85,70), 0, 1
(85,71), 0, 1
(85,72), 0, 1
(85,73), 0, 1
(85,74), 0, 1
(85,75), 0, 1
(85,77), 0, 1
(85,78), 0, 1
(85,79), 0, 1
(85,80), 0, 1
(85,81), 0, 1
(85,82), 0, 1
(85,84), 0, 1
(85,86), 0, 1
(85,87), 0, 1
(85,88), 0, 1
(85,89), 0, 1
(85,90), 0, 1
(85,91), 0, 1
(86,0), 0, 1
(86,1), 0, 1
(86,2), 0, 1
(86,3), 0, 1
(86,4), 0, 1
(86,5), 0, 1
(86,6), 0, 1
(86,9), 0, 1
(86,10), 0, 1
(86,11), 0, 1
(86,12), 0, 1
(86,13), 0, 1
(86,14), 0, 1
(86,15), 0, 1
(86,16), 0, 1
(86,17), 0, 1
(86,22), 0, 1
(86,23), 0, 1
(86,24), 0, 1
(86,25), 0, 1
(86,27), 0, 1
(86,28), 0, 1
(86,29), 0, 1
(86,30), 0, 1
(86,31), 0, 1
(86,32), 0, 1
(86,33), 0, 1
(86,35), 0, 1
(86,36), 0, 1
(86,37), 0, 1
(86,38), 0, 1
(86,39), 0, 1
(86,40), 0, 1
(86,41), 0, 1
(86,42), 0, 1
(86,43), 0, 1
(86,44), 0, 1
(86,45), 0, 1
(86,46), 0, 1
(86,47), 0, 1
(86,48), 0, 1
(86,49), 0, 1
(86,50), 0, 1
(86,51), 0, 1
(86,52), 0, 1
(86,53), 0, 1
(86,54), 0, 1
(86,55), 0, 1
(86,56), 0, 1
(86,57), 0, 1
(86,58), 0, 1
(86,59), 0, 1
(86,60), 0, 1
(86,61), 0, 1
(86,62), 0, 1
(86,64), 0, 1
(86,65), 0, 1
(86,68), 0, 1
(86,70), 0, 1
(86,71), 0, 1
(86,72), 0, 1
(86,73), 0, 1
(86,75), 0, 1
(86,76), 0, 1
(86,77), 0, 1
(86,78), 0, 1
(86,79), 0, 1
(86,80), 0, 1
(86,81), 0, 1
(86,82), 0, 1
(86,83), 0, 1
(86,84), 0, 1
(86,87), 0, 1
(86,88), 0, 1
(86,89), 0, 1
(86,90), 0, 1
(86,91), 0, 1
(87,8), 0, 1
(87,15), 0, 1
(87,22), 0, 1
(87,35), 0, 1
(87,49), 0, 1
(88,15), 0, 1
(88,22), 0, 1
(88,25), 0, 1
(88,35), 0, 1
(88,43), 0, 1
(88,49), 0, 1
(88,62), 0, 1
(89,8), 0, 1
(89,15), 0, 1
(89,22), 0, 1
(89,25), 0, 1
(89,35), 0, 1
(89,43), 0, 1
(89,49), 0, 1
(89,62), 0, 1
(90,8), 0, 1
(90,15), 0, 1
(90,22), 0, 1
(90,25), 0, 1
(90,35), 0, 1
(90,43), 0, 1
(90,49), 0, 1
(90,62), 0, 1
(91,8), 0, 1
(91,15), 0, 1
(91,22), 0, 1
(91,25), 0, 1
(91,35), 0, 1
(91,43), 0, 1
(91,62), 0, 1
(92,8), 0, 1
(92,15), 0, 1
(92,22), 0, 1
(92,25), 0, 1
(92,35), 0, 1
(92,43), 0, 1
(92,49), 0, 1
(92,62), 0, 1
(93,15), 0, 1
(93,19), 0, 1
(93,22), 0, 1
(93,25), 0, 1
(93,35), 0, 1
(93,43), 0, 1
(93,62), 0, 1
(94,15), 0, 1
(94,22), 0, 1
(94,25), 0, 1
(94,35), 0, 1
(94,43), 0, 1
(94,49), 0, 1
(95,15), 0, 1
(95,22), 0, 1
(95,25), 0, 1
(95,35), 0, 1
(95,43), 0, 1
(95,49), 0, 1
(95,62), 0, 1
(96,8), 0, 1
(96,25), 0, 1
(96,35), 0, 1
(96,43), 0, 1
(96,49), 0, 1
(97,27), 0, 1
(97,45), 0, 1
(97,46), 0, 1
(97,57), 0, 1
(97,65), 0, 1
(97,76), 0, 1
(97,82), 0, 1
(97,84), 0, 1
(98,0), 0, 1
(98,1), 0, 1
(98,2), 0, 1
(98,4), 0, 1
(98,5), 0, 1
(98,6), 0, 1
(98,7), 0, 1
(98,8), 0, 1
(98,9), 0, 1
(98,10), 0, 1
(98,12), 0, 1
(98,13), 0, 1
(98,14), 0, 1
(98,15), 0, 1
(98,16), 0, 1
(98,17), 0, 1
(98,18), 0, 1
(98,22), 0, 1
(98,23), 0, 1
(98,24), 0, 1
(98,25), 0, 1
(98,27), 0, 1
(98,28), 0, 1
(98,29), 0, 1
(98,30), 0, 1
(98,32), 0, 1
(98,33), 0, 1
(98,34), 0, 1
(98,35), 0, 1
(98,36), 0, 1
(98,37), 0, 1
(98,38), 0, 1
(98,39), 0, 1
(98,40), 0, 1
(98,42), 0, 1
(98,43), 0, 1
(98,44), 0, 1
(98,45), 0, 1
(98,46), 0, 1
(98,47), 0, 1
(98,48), 0, 1
(98,49), 0, 1
(98,50), 0, 1
(98,51), 0, 1
(98,52), 0, 1
(98,53), 0, 1
(98,54), 0, 1
(98,55), 0, 1
(98,56), 0, 1
(98,58), 0, 1
(98,59), 0, 1
(98,60), 0, 1
(98,61), 0, 1
(98,63), 0, 1
(98,64), 0, 1
(98,65), 0, 1
(98,68), 0, 1
(98,69), 0, 1
(98,71), 0, 1
(98,72), 0, 1
(98,73), 0, 1
(98,74), 0, 1
(98,75), 0, 1
(98,77), 0, 1
(98,78), 0, 1
(98,79), 0, 1
(98,80), 0, 1
(98,81), 0, 1
(98,82), 0, 1
(98,84), 0, 1
(98,85), 0, 1
(98,87), 0, 1
(98,88), 0, 1
(98,90), 0, 1
(98,91), 0, 1
(99,8), 0, 1
(99,15), 0, 1
(99,22), 0, 1
(99,25), 0, 1
(99,35), 0, 1
(99,43), 0, 1
(99,49), 0, 1
(99,56), 0, 1
(99,62), 0, 1
