Nr_Pairs = 92
Nr_NDD = 8
Nr_Arcs = 2279
0	0.1
1	0.9
2	0.05
3	0.2875000000000001
4	0.1
5	0.32499999999999996
6	0.05
7	0.9
8	0.1
9	0.1
10	0.05
11	0.2875000000000001
12	0.1
13	0.05
14	0.05
15	0.05
16	0.05
17	0.05
18	0.2875000000000001
19	0.1
20	0.05
21	0.9
22	0.32499999999999996
23	0.05
24	0.05
25	0.05
26	0.2875000000000001
27	0.9
28	0.1
29	0.05
30	0.2875000000000001
31	0.9
32	0.2875000000000001
33	0.2875000000000001
34	0.925
35	0.05
36	0.05
37	0.925
38	0.05
39	0.05
40	0.05
41	0.05
42	0.9
43	0.05
44	0.05
45	0.9
46	0.1
47	0.32499999999999996
48	0.2875000000000001
49	0.32499999999999996
50	0.05
51	0.05
52	0.2875000000000001
53	0.05
54	0.2875000000000001
55	0.05
56	0.05
57	0.05
58	0.05
59	0.1
60	0.05
61	0.05
62	0.9
63	0.9
64	0.2875000000000001
65	0.05
66	0.05
67	0.05
68	0.9
69	0.05
70	0.05
71	0.05
72	0.1
73	0.05
74	0.2875000000000001
75	0.9
76	0.05
77	0.05
78	0.2875000000000001
79	0.925
80	0.32499999999999996
81	0.05
82	0.9
83	0.05
84	0.05
85	0.32499999999999996
86	0.9
87	0.05
88	0.05
89	0.05
90	0.1
91	0.05
92	0.0
93	0.0
94	0.0
95	0.0
96	0.0
97	0.0
98	0.0
99	0.0
(0,4), 0, 1
(0,20), 0, 1
(0,23), 0, 1
(0,30), 0, 1
(0,44), 0, 1
(0,47), 0, 1
(0,51), 0, 1
(0,53), 0, 1
(0,54), 0, 1
(0,89), 0, 1
(0,90), 0, 1
(1,16), 0, 1
(1,22), 0, 1
(1,29), 0, 1
(1,32), 0, 1
(1,36), 0, 1
(1,47), 0, 1
(1,65), 0, 1
(2,0), 0, 1
(2,3), 0, 1
(2,4), 0, 1
(2,6), 0, 1
(2,7), 0, 1
(2,8), 0, 1
(2,9), 0, 1
(2,10), 0, 1
(2,11), 0, 1
(2,12), 0, 1
(2,13), 0, 1
(2,14), 0, 1
(2,15), 0, 1
(2,16), 0, 1
(2,18), 0, 1
(2,19), 0, 1
(2,20), 0, 1
(2,22), 0, 1
(2,23), 0, 1
(2,24), 0, 1
(2,25), 0, 1
(2,26), 0, 1
(2,28), 0, 1
(2,29), 0, 1
(2,30), 0, 1
(2,32), 0, 1
(2,34), 0, 1
(2,35), 0, 1
(2,36), 0, 1
(2,38), 0, 1
(2,40), 0, 1
(2,41), 0, 1
(2,43), 0, 1
(2,44), 0, 1
(2,46), 0, 1
(2,47), 0, 1
(2,48), 0, 1
(2,50), 0, 1
(2,51), 0, 1
(2,52), 0, 1
(2,53), 0, 1
(2,54), 0, 1
(2,55), 0, 1
(2,56), 0, 1
(2,57), 0, 1
(2,58), 0, 1
(2,59), 0, 1
(2,60), 0, 1
(2,61), 0, 1
(2,64), 0, 1
(2,65), 0, 1
(2,67), 0, 1
(2,69), 0, 1
(2,70), 0, 1
(2,71), 0, 1
(2,72), 0, 1
(2,73), 0, 1
(2,74), 0, 1
(2,76), 0, 1
(2,77), 0, 1
(2,78), 0, 1
(2,81), 0, 1
(2,83), 0, 1
(2,84), 0, 1
(2,86), 0, 1
(2,87), 0, 1
(2,88), 0, 1
(2,89), 0, 1
(2,90), 0, 1
(2,91), 0, 1
(3,4), 0, 1
(3,23), 0, 1
(3,30), 0, 1
(3,44), 0, 1
(3,47), 0, 1
(3,51), 0, 1
(3,53), 0, 1
(3,54), 0, 1
(3,78), 0, 1
(3,89), 0, 1
(3,90), 0, 1
(4,0), 0, 1
(4,2), 0, 1
(4,6), 0, 1
(4,8), 0, 1
(4,9), 0, 1
(4,10), 0, 1
(4,12), 0, 1
(4,13), 0, 1
(4,14), 0, 1
(4,15), 0, 1
(4,16), 0, 1
(4,17), 0, 1
(4,19), 0, 1
(4,20), 0, 1
(4,22), 0, 1
(4,23), 0, 1
(4,24), 0, 1
(4,25), 0, 1
(4,28), 0, 1
(4,29), 0, 1
(4,30), 0, 1
(4,32), 0, 1
(4,35), 0, 1
(4,36), 0, 1
(4,38), 0, 1
(4,39), 0, 1
(4,40), 0, 1
(4,41), 0, 1
(4,43), 0, 1
(4,44), 0, 1
(4,46), 0, 1
(4,47), 0, 1
(4,48), 0, 1
(4,50), 0, 1
(4,51), 0, 1
(4,52), 0, 1
(4,53), 0, 1
(4,55), 0, 1
(4,56), 0, 1
(4,57), 0, 1
(4,58), 0, 1
(4,59), 0, 1
(4,60), 0, 1
(4,61), 0, 1
(4,65), 0, 1
(4,66), 0, 1
(4,67), 0, 1
(4,69), 0, 1
(4,70), 0, 1
(4,71), 0, 1
(4,72), 0, 1
(4,73), 0, 1
(4,74), 0, 1
(4,76), 0, 1
(4,77), 0, 1
(4,78), 0, 1
(4,81), 0, 1
(4,82), 0, 1
(4,83), 0, 1
(4,84), 0, 1
(4,87), 0, 1
(4,88), 0, 1
(4,89), 0, 1
(4,90), 0, 1
(5,4), 0, 1
(5,20), 0, 1
(5,23), 0, 1
(5,30), 0, 1
(5,44), 0, 1
(5,47), 0, 1
(5,51), 0, 1
(5,53), 0, 1
(5,54), 0, 1
(5,78), 0, 1
(5,89), 0, 1
(5,90), 0, 1
(6,47), 0, 1
(7,2), 0, 1
(7,3), 0, 1
(7,4), 0, 1
(7,5), 0, 1
(7,6), 0, 1
(7,8), 0, 1
(7,9), 0, 1
(7,10), 0, 1
(7,11), 0, 1
(7,12), 0, 1
(7,13), 0, 1
(7,14), 0, 1
(7,15), 0, 1
(7,16), 0, 1
(7,17), 0, 1
(7,18), 0, 1
(7,19), 0, 1
(7,22), 0, 1
(7,23), 0, 1
(7,24), 0, 1
(7,25), 0, 1
(7,26), 0, 1
(7,28), 0, 1
(7,29), 0, 1
(7,30), 0, 1
(7,31), 0, 1
(7,33), 0, 1
(7,35), 0, 1
(7,36), 0, 1
(7,38), 0, 1
(7,40), 0, 1
(7,44), 0, 1
(7,46), 0, 1
(7,48), 0, 1
(7,50), 0, 1
(7,51), 0, 1
(7,53), 0, 1
(7,54), 0, 1
(7,55), 0, 1
(7,56), 0, 1
(7,57), 0, 1
(7,58), 0, 1
(7,60), 0, 1
(7,61), 0, 1
(7,64), 0, 1
(7,65), 0, 1
(7,66), 0, 1
(7,67), 0, 1
(7,69), 0, 1
(7,70), 0, 1
(7,71), 0, 1
(7,72), 0, 1
(7,73), 0, 1
(7,74), 0, 1
(7,76), 0, 1
(7,77), 0, 1
(7,81), 0, 1
(7,83), 0, 1
(7,84), 0, 1
(7,85), 0, 1
(7,87), 0, 1
(7,88), 0, 1
(7,89), 0, 1
(7,90), 0, 1
(7,91), 0, 1
(8,20), 0, 1
(8,23), 0, 1
(8,30), 0, 1
(8,44), 0, 1
(8,47), 0, 1
(8,51), 0, 1
(8,53), 0, 1
(8,89), 0, 1
(8,90), 0, 1
(9,0), 0, 1
(9,2), 0, 1
(9,4), 0, 1
(9,6), 0, 1
(9,8), 0, 1
(9,10), 0, 1
(9,12), 0, 1
(9,13), 0, 1
(9,14), 0, 1
(9,15), 0, 1
(9,16), 0, 1
(9,17), 0, 1
(9,18), 0, 1
(9,20), 0, 1
(9,22), 0, 1
(9,23), 0, 1
(9,24), 0, 1
(9,25), 0, 1
(9,28), 0, 1
(9,29), 0, 1
(9,30), 0, 1
(9,32), 0, 1
(9,33), 0, 1
(9,35), 0, 1
(9,36), 0, 1
(9,38), 0, 1
(9,39), 0, 1
(9,40), 0, 1
(9,41), 0, 1
(9,43), 0, 1
(9,44), 0, 1
(9,46), 0, 1
(9,47), 0, 1
(9,49), 0, 1
(9,50), 0, 1
(9,51), 0, 1
(9,53), 0, 1
(9,54), 0, 1
(9,55), 0, 1
(9,56), 0, 1
(9,57), 0, 1
(9,58), 0, 1
(9,59), 0, 1
(9,60), 0, 1
(9,61), 0, 1
(9,64), 0, 1
(9,65), 0, 1
(9,66), 0, 1
(9,67), 0, 1
(9,69), 0, 1
(9,70), 0, 1
(9,71), 0, 1
(9,72), 0, 1
(9,73), 0, 1
(9,74), 0, 1
(9,76), 0, 1
(9,77), 0, 1
(9,81), 0, 1
(9,82), 0, 1
(9,83), 0, 1
(9,84), 0, 1
(9,85), 0, 1
(9,87), 0, 1
(9,88), 0, 1
(9,89), 0, 1
(9,90), 0, 1
(9,91), 0, 1
(10,4), 0, 1
(10,20), 0, 1
(10,23), 0, 1
(10,30), 0, 1
(10,44), 0, 1
(10,51), 0, 1
(10,53), 0, 1
(10,78), 0, 1
(10,89), 0, 1
(10,90), 0, 1
(11,14), 0, 1
(11,16), 0, 1
(11,22), 0, 1
(11,29), 0, 1
(11,36), 0, 1
(11,47), 0, 1
(11,52), 0, 1
(11,65), 0, 1
(12,4), 0, 1
(12,20), 0, 1
(12,23), 0, 1
(12,30), 0, 1
(12,44), 0, 1
(12,47), 0, 1
(12,51), 0, 1
(12,53), 0, 1
(12,54), 0, 1
(12,75), 0, 1
(12,78), 0, 1
(12,90), 0, 1
(13,4), 0, 1
(13,7), 0, 1
(13,20), 0, 1
(13,23), 0, 1
(13,44), 0, 1
(13,47), 0, 1
(13,51), 0, 1
(13,53), 0, 1
(13,75), 0, 1
(13,78), 0, 1
(13,89), 0, 1
(14,4), 0, 1
(14,7), 0, 1
(14,20), 0, 1
(14,23), 0, 1
(14,44), 0, 1
(14,51), 0, 1
(14,53), 0, 1
(14,54), 0, 1
(14,89), 0, 1
(14,90), 0, 1
(15,4), 0, 1
(15,20), 0, 1
(15,23), 0, 1
(15,44), 0, 1
(15,51), 0, 1
(15,54), 0, 1
(15,78), 0, 1
(15,89), 0, 1
(15,90), 0, 1
(16,14), 0, 1
(16,29), 0, 1
(16,32), 0, 1
(16,36), 0, 1
(16,47), 0, 1
(16,65), 0, 1
(17,14), 0, 1
(17,29), 0, 1
(17,36), 0, 1
(17,65), 0, 1
(18,14), 0, 1
(18,16), 0, 1
(18,22), 0, 1
(18,29), 0, 1
(18,32), 0, 1
(18,36), 0, 1
(18,47), 0, 1
(18,52), 0, 1
(18,65), 0, 1
(19,2), 0, 1
(19,4), 0, 1
(19,5), 0, 1
(19,6), 0, 1
(19,8), 0, 1
(19,9), 0, 1
(19,10), 0, 1
(19,12), 0, 1
(19,13), 0, 1
(19,14), 0, 1
(19,15), 0, 1
(19,16), 0, 1
(19,17), 0, 1
(19,20), 0, 1
(19,22), 0, 1
(19,23), 0, 1
(19,24), 0, 1
(19,25), 0, 1
(19,26), 0, 1
(19,28), 0, 1
(19,30), 0, 1
(19,31), 0, 1
(19,32), 0, 1
(19,33), 0, 1
(19,35), 0, 1
(19,36), 0, 1
(19,38), 0, 1
(19,39), 0, 1
(19,40), 0, 1
(19,41), 0, 1
(19,43), 0, 1
(19,44), 0, 1
(19,45), 0, 1
(19,46), 0, 1
(19,47), 0, 1
(19,48), 0, 1
(19,49), 0, 1
(19,50), 0, 1
(19,51), 0, 1
(19,52), 0, 1
(19,53), 0, 1
(19,54), 0, 1
(19,55), 0, 1
(19,56), 0, 1
(19,57), 0, 1
(19,58), 0, 1
(19,59), 0, 1
(19,60), 0, 1
(19,61), 0, 1
(19,64), 0, 1
(19,65), 0, 1
(19,66), 0, 1
(19,67), 0, 1
(19,69), 0, 1
(19,70), 0, 1
(19,71), 0, 1
(19,72), 0, 1
(19,73), 0, 1
(19,74), 0, 1
(19,76), 0, 1
(19,77), 0, 1
(19,78), 0, 1
(19,81), 0, 1
(19,83), 0, 1
(19,84), 0, 1
(19,85), 0, 1
(19,87), 0, 1
(19,88), 0, 1
(19,90), 0, 1
(19,91), 0, 1
(20,14), 0, 1
(20,16), 0, 1
(20,29), 0, 1
(20,36), 0, 1
(20,47), 0, 1
(20,52), 0, 1
(20,65), 0, 1
(21,0), 0, 1
(21,2), 0, 1
(21,4), 0, 1
(21,5), 0, 1
(21,6), 0, 1
(21,8), 0, 1
(21,9), 0, 1
(21,10), 0, 1
(21,11), 0, 1
(21,12), 0, 1
(21,13), 0, 1
(21,14), 0, 1
(21,15), 0, 1
(21,16), 0, 1
(21,17), 0, 1
(21,18), 0, 1
(21,19), 0, 1
(21,20), 0, 1
(21,23), 0, 1
(21,24), 0, 1
(21,25), 0, 1
(21,26), 0, 1
(21,28), 0, 1
(21,29), 0, 1
(21,30), 0, 1
(21,32), 0, 1
(21,33), 0, 1
(21,35), 0, 1
(21,36), 0, 1
(21,38), 0, 1
(21,39), 0, 1
(21,40), 0, 1
(21,41), 0, 1
(21,43), 0, 1
(21,44), 0, 1
(21,46), 0, 1
(21,48), 0, 1
(21,49), 0, 1
(21,50), 0, 1
(21,51), 0, 1
(21,52), 0, 1
(21,53), 0, 1
(21,55), 0, 1
(21,56), 0, 1
(21,57), 0, 1
(21,58), 0, 1
(21,60), 0, 1
(21,61), 0, 1
(21,65), 0, 1
(21,66), 0, 1
(21,67), 0, 1
(21,69), 0, 1
(21,70), 0, 1
(21,71), 0, 1
(21,72), 0, 1
(21,73), 0, 1
(21,76), 0, 1
(21,77), 0, 1
(21,81), 0, 1
(21,83), 0, 1
(21,84), 0, 1
(21,85), 0, 1
(21,87), 0, 1
(21,88), 0, 1
(21,89), 0, 1
(21,91), 0, 1
(22,4), 0, 1
(22,20), 0, 1
(22,23), 0, 1
(22,30), 0, 1
(22,44), 0, 1
(22,47), 0, 1
(22,51), 0, 1
(22,53), 0, 1
(22,54), 0, 1
(22,78), 0, 1
(22,89), 0, 1
(23,0), 0, 1
(23,2), 0, 1
(23,3), 0, 1
(23,4), 0, 1
(23,5), 0, 1
(23,6), 0, 1
(23,10), 0, 1
(23,12), 0, 1
(23,13), 0, 1
(23,14), 0, 1
(23,15), 0, 1
(23,16), 0, 1
(23,17), 0, 1
(23,18), 0, 1
(23,19), 0, 1
(23,20), 0, 1
(23,22), 0, 1
(23,24), 0, 1
(23,25), 0, 1
(23,28), 0, 1
(23,29), 0, 1
(23,30), 0, 1
(23,31), 0, 1
(23,32), 0, 1
(23,33), 0, 1
(23,35), 0, 1
(23,36), 0, 1
(23,38), 0, 1
(23,39), 0, 1
(23,40), 0, 1
(23,41), 0, 1
(23,43), 0, 1
(23,44), 0, 1
(23,46), 0, 1
(23,47), 0, 1
(23,50), 0, 1
(23,51), 0, 1
(23,52), 0, 1
(23,53), 0, 1
(23,54), 0, 1
(23,55), 0, 1
(23,56), 0, 1
(23,57), 0, 1
(23,58), 0, 1
(23,59), 0, 1
(23,60), 0, 1
(23,61), 0, 1
(23,64), 0, 1
(23,65), 0, 1
(23,66), 0, 1
(23,67), 0, 1
(23,69), 0, 1
(23,70), 0, 1
(23,71), 0, 1
(23,72), 0, 1
(23,73), 0, 1
(23,74), 0, 1
(23,76), 0, 1
(23,77), 0, 1
(23,78), 0, 1
(23,81), 0, 1
(23,82), 0, 1
(23,83), 0, 1
(23,84), 0, 1
(23,87), 0, 1
(23,88), 0, 1
(23,89), 0, 1
(23,90), 0, 1
(23,91), 0, 1
(24,4), 0, 1
(24,20), 0, 1
(24,23), 0, 1
(24,30), 0, 1
(24,44), 0, 1
(24,47), 0, 1
(24,51), 0, 1
(24,53), 0, 1
(24,54), 0, 1
(24,89), 0, 1
(24,90), 0, 1
(25,4), 0, 1
(25,20), 0, 1
(25,23), 0, 1
(25,30), 0, 1
(25,44), 0, 1
(25,47), 0, 1
(25,51), 0, 1
(25,53), 0, 1
(25,54), 0, 1
(25,89), 0, 1
(25,90), 0, 1
(26,4), 0, 1
(26,20), 0, 1
(26,23), 0, 1
(26,30), 0, 1
(26,44), 0, 1
(26,47), 0, 1
(26,51), 0, 1
(26,53), 0, 1
(26,54), 0, 1
(26,78), 0, 1
(26,89), 0, 1
(26,90), 0, 1
(27,0), 0, 1
(27,2), 0, 1
(27,3), 0, 1
(27,4), 0, 1
(27,6), 0, 1
(27,8), 0, 1
(27,9), 0, 1
(27,10), 0, 1
(27,12), 0, 1
(27,13), 0, 1
(27,14), 0, 1
(27,15), 0, 1
(27,16), 0, 1
(27,17), 0, 1
(27,19), 0, 1
(27,20), 0, 1
(27,23), 0, 1
(27,24), 0, 1
(27,25), 0, 1
(27,28), 0, 1
(27,29), 0, 1
(27,30), 0, 1
(27,31), 0, 1
(27,32), 0, 1
(27,33), 0, 1
(27,35), 0, 1
(27,36), 0, 1
(27,38), 0, 1
(27,39), 0, 1
(27,40), 0, 1
(27,41), 0, 1
(27,43), 0, 1
(27,44), 0, 1
(27,47), 0, 1
(27,48), 0, 1
(27,49), 0, 1
(27,50), 0, 1
(27,51), 0, 1
(27,52), 0, 1
(27,53), 0, 1
(27,54), 0, 1
(27,55), 0, 1
(27,56), 0, 1
(27,57), 0, 1
(27,59), 0, 1
(27,60), 0, 1
(27,61), 0, 1
(27,65), 0, 1
(27,66), 0, 1
(27,67), 0, 1
(27,69), 0, 1
(27,70), 0, 1
(27,71), 0, 1
(27,72), 0, 1
(27,73), 0, 1
(27,76), 0, 1
(27,77), 0, 1
(27,78), 0, 1
(27,80), 0, 1
(27,81), 0, 1
(27,84), 0, 1
(27,85), 0, 1
(27,86), 0, 1
(27,87), 0, 1
(27,88), 0, 1
(27,89), 0, 1
(27,90), 0, 1
(27,91), 0, 1
(28,4), 0, 1
(28,23), 0, 1
(28,30), 0, 1
(28,44), 0, 1
(28,51), 0, 1
(28,53), 0, 1
(28,54), 0, 1
(28,89), 0, 1
(29,4), 0, 1
(29,20), 0, 1
(29,23), 0, 1
(29,44), 0, 1
(29,47), 0, 1
(29,51), 0, 1
(29,53), 0, 1
(29,54), 0, 1
(29,78), 0, 1
(29,89), 0, 1
(29,90), 0, 1
(30,0), 0, 1
(30,3), 0, 1
(30,4), 0, 1
(30,5), 0, 1
(30,6), 0, 1
(30,7), 0, 1
(30,8), 0, 1
(30,9), 0, 1
(30,10), 0, 1
(30,11), 0, 1
(30,12), 0, 1
(30,13), 0, 1
(30,14), 0, 1
(30,15), 0, 1
(30,16), 0, 1
(30,17), 0, 1
(30,18), 0, 1
(30,19), 0, 1
(30,20), 0, 1
(30,22), 0, 1
(30,23), 0, 1
(30,24), 0, 1
(30,25), 0, 1
(30,28), 0, 1
(30,29), 0, 1
(30,31), 0, 1
(30,32), 0, 1
(30,33), 0, 1
(30,36), 0, 1
(30,38), 0, 1
(30,39), 0, 1
(30,40), 0, 1
(30,41), 0, 1
(30,43), 0, 1
(30,44), 0, 1
(30,46), 0, 1
(30,48), 0, 1
(30,50), 0, 1
(30,51), 0, 1
(30,53), 0, 1
(30,54), 0, 1
(30,55), 0, 1
(30,56), 0, 1
(30,57), 0, 1
(30,58), 0, 1
(30,59), 0, 1
(30,60), 0, 1
(30,61), 0, 1
(30,64), 0, 1
(30,65), 0, 1
(30,66), 0, 1
(30,67), 0, 1
(30,69), 0, 1
(30,70), 0, 1
(30,71), 0, 1
(30,72), 0, 1
(30,73), 0, 1
(30,74), 0, 1
(30,76), 0, 1
(30,77), 0, 1
(30,80), 0, 1
(30,81), 0, 1
(30,83), 0, 1
(30,84), 0, 1
(30,85), 0, 1
(30,87), 0, 1
(30,88), 0, 1
(30,89), 0, 1
(30,90), 0, 1
(30,91), 0, 1
(31,2), 0, 1
(31,4), 0, 1
(31,5), 0, 1
(31,6), 0, 1
(31,9), 0, 1
(31,10), 0, 1
(31,13), 0, 1
(31,14), 0, 1
(31,15), 0, 1
(31,16), 0, 1
(31,17), 0, 1
(31,19), 0, 1
(31,23), 0, 1
(31,24), 0, 1
(31,25), 0, 1
(31,26), 0, 1
(31,28), 0, 1
(31,29), 0, 1
(31,30), 0, 1
(31,32), 0, 1
(31,35), 0, 1
(31,36), 0, 1
(31,38), 0, 1
(31,39), 0, 1
(31,40), 0, 1
(31,41), 0, 1
(31,43), 0, 1
(31,44), 0, 1
(31,46), 0, 1
(31,47), 0, 1
(31,48), 0, 1
(31,49), 0, 1
(31,50), 0, 1
(31,51), 0, 1
(31,52), 0, 1
(31,53), 0, 1
(31,54), 0, 1
(31,55), 0, 1
(31,56), 0, 1
(31,57), 0, 1
(31,58), 0, 1
(31,59), 0, 1
(31,60), 0, 1
(31,61), 0, 1
(31,64), 0, 1
(31,65), 0, 1
(31,67), 0, 1
(31,69), 0, 1
(31,70), 0, 1
(31,71), 0, 1
(31,72), 0, 1
(31,73), 0, 1
(31,74), 0, 1
(31,76), 0, 1
(31,77), 0, 1
(31,78), 0, 1
(31,79), 0, 1
(31,81), 0, 1
(31,83), 0, 1
(31,84), 0, 1
(31,87), 0, 1
(31,88), 0, 1
(31,89), 0, 1
(31,90), 0, 1
(31,91), 0, 1
(32,0), 0, 1
(32,2), 0, 1
(32,3), 0, 1
(32,4), 0, 1
(32,6), 0, 1
(32,7), 0, 1
(32,8), 0, 1
(32,9), 0, 1
(32,11), 0, 1
(32,12), 0, 1
(32,13), 0, 1
(32,14), 0, 1
(32,15), 0, 1
(32,17), 0, 1
(32,19), 0, 1
(32,20), 0, 1
(32,22), 0, 1
(32,23), 0, 1
(32,24), 0, 1
(32,25), 0, 1
(32,26), 0, 1
(32,28), 0, 1
(32,29), 0, 1
(32,30), 0, 1
(32,33), 0, 1
(32,35), 0, 1
(32,38), 0, 1
(32,39), 0, 1
(32,40), 0, 1
(32,41), 0, 1
(32,44), 0, 1
(32,48), 0, 1
(32,51), 0, 1
(32,53), 0, 1
(32,54), 0, 1
(32,55), 0, 1
(32,56), 0, 1
(32,58), 0, 1
(32,59), 0, 1
(32,61), 0, 1
(32,63), 0, 1
(32,64), 0, 1
(32,65), 0, 1
(32,66), 0, 1
(32,67), 0, 1
(32,68), 0, 1
(32,69), 0, 1
(32,71), 0, 1
(32,72), 0, 1
(32,73), 0, 1
(32,74), 0, 1
(32,76), 0, 1
(32,77), 0, 1
(32,80), 0, 1
(32,81), 0, 1
(32,83), 0, 1
(32,84), 0, 1
(32,85), 0, 1
(32,87), 0, 1
(32,88), 0, 1
(32,89), 0, 1
(32,90), 0, 1
(32,91), 0, 1
(34,4), 0, 1
(34,20), 0, 1
(34,23), 0, 1
(34,30), 0, 1
(34,44), 0, 1
(34,51), 0, 1
(34,53), 0, 1
(34,78), 0, 1
(34,90), 0, 1
(35,4), 0, 1
(35,20), 0, 1
(35,23), 0, 1
(35,30), 0, 1
(35,44), 0, 1
(35,47), 0, 1
(35,51), 0, 1
(35,53), 0, 1
(35,54), 0, 1
(35,78), 0, 1
(35,89), 0, 1
(35,90), 0, 1
(36,4), 0, 1
(36,7), 0, 1
(36,23), 0, 1
(36,30), 0, 1
(36,44), 0, 1
(36,51), 0, 1
(36,53), 0, 1
(36,54), 0, 1
(36,78), 0, 1
(36,89), 0, 1
(36,90), 0, 1
(37,14), 0, 1
(37,16), 0, 1
(37,29), 0, 1
(37,52), 0, 1
(37,65), 0, 1
(38,4), 0, 1
(38,20), 0, 1
(38,23), 0, 1
(38,30), 0, 1
(38,44), 0, 1
(38,47), 0, 1
(38,51), 0, 1
(38,53), 0, 1
(38,78), 0, 1
(38,89), 0, 1
(40,4), 0, 1
(40,7), 0, 1
(40,20), 0, 1
(40,23), 0, 1
(40,30), 0, 1
(40,51), 0, 1
(40,53), 0, 1
(40,54), 0, 1
(40,78), 0, 1
(40,89), 0, 1
(40,90), 0, 1
(41,23), 0, 1
(41,30), 0, 1
(41,44), 0, 1
(41,47), 0, 1
(41,51), 0, 1
(41,53), 0, 1
(41,54), 0, 1
(41,89), 0, 1
(41,90), 0, 1
(42,4), 0, 1
(42,20), 0, 1
(42,23), 0, 1
(42,30), 0, 1
(42,44), 0, 1
(42,51), 0, 1
(42,53), 0, 1
(42,54), 0, 1
(42,89), 0, 1
(42,90), 0, 1
(43,4), 0, 1
(43,20), 0, 1
(43,23), 0, 1
(43,30), 0, 1
(43,44), 0, 1
(43,47), 0, 1
(43,51), 0, 1
(43,53), 0, 1
(43,78), 0, 1
(43,89), 0, 1
(43,90), 0, 1
(44,14), 0, 1
(44,16), 0, 1
(44,22), 0, 1
(44,29), 0, 1
(44,36), 0, 1
(44,47), 0, 1
(44,52), 0, 1
(45,0), 0, 1
(45,2), 0, 1
(45,3), 0, 1
(45,4), 0, 1
(45,6), 0, 1
(45,8), 0, 1
(45,10), 0, 1
(45,12), 0, 1
(45,13), 0, 1
(45,14), 0, 1
(45,15), 0, 1
(45,16), 0, 1
(45,17), 0, 1
(45,18), 0, 1
(45,19), 0, 1
(45,20), 0, 1
(45,22), 0, 1
(45,24), 0, 1
(45,25), 0, 1
(45,26), 0, 1
(45,28), 0, 1
(45,29), 0, 1
(45,33), 0, 1
(45,35), 0, 1
(45,36), 0, 1
(45,38), 0, 1
(45,39), 0, 1
(45,40), 0, 1
(45,41), 0, 1
(45,43), 0, 1
(45,44), 0, 1
(45,46), 0, 1
(45,48), 0, 1
(45,49), 0, 1
(45,50), 0, 1
(45,51), 0, 1
(45,52), 0, 1
(45,53), 0, 1
(45,54), 0, 1
(45,55), 0, 1
(45,56), 0, 1
(45,57), 0, 1
(45,58), 0, 1
(45,59), 0, 1
(45,60), 0, 1
(45,61), 0, 1
(45,65), 0, 1
(45,66), 0, 1
(45,67), 0, 1
(45,69), 0, 1
(45,70), 0, 1
(45,71), 0, 1
(45,73), 0, 1
(45,74), 0, 1
(45,76), 0, 1
(45,77), 0, 1
(45,78), 0, 1
(45,80), 0, 1
(45,81), 0, 1
(45,83), 0, 1
(45,84), 0, 1
(45,87), 0, 1
(45,88), 0, 1
(45,89), 0, 1
(45,90), 0, 1
(45,91), 0, 1
(46,14), 0, 1
(46,22), 0, 1
(46,29), 0, 1
(46,36), 0, 1
(46,47), 0, 1
(46,65), 0, 1
(47,0), 0, 1
(47,2), 0, 1
(47,4), 0, 1
(47,6), 0, 1
(47,9), 0, 1
(47,10), 0, 1
(47,11), 0, 1
(47,12), 0, 1
(47,13), 0, 1
(47,14), 0, 1
(47,15), 0, 1
(47,16), 0, 1
(47,18), 0, 1
(47,19), 0, 1
(47,20), 0, 1
(47,22), 0, 1
(47,23), 0, 1
(47,24), 0, 1
(47,25), 0, 1
(47,26), 0, 1
(47,28), 0, 1
(47,29), 0, 1
(47,32), 0, 1
(47,33), 0, 1
(47,35), 0, 1
(47,36), 0, 1
(47,38), 0, 1
(47,39), 0, 1
(47,40), 0, 1
(47,41), 0, 1
(47,43), 0, 1
(47,44), 0, 1
(47,46), 0, 1
(47,48), 0, 1
(47,49), 0, 1
(47,50), 0, 1
(47,51), 0, 1
(47,52), 0, 1
(47,53), 0, 1
(47,54), 0, 1
(47,55), 0, 1
(47,56), 0, 1
(47,57), 0, 1
(47,58), 0, 1
(47,59), 0, 1
(47,60), 0, 1
(47,64), 0, 1
(47,65), 0, 1
(47,66), 0, 1
(47,67), 0, 1
(47,69), 0, 1
(47,70), 0, 1
(47,71), 0, 1
(47,72), 0, 1
(47,73), 0, 1
(47,74), 0, 1
(47,76), 0, 1
(47,77), 0, 1
(47,80), 0, 1
(47,81), 0, 1
(47,83), 0, 1
(47,84), 0, 1
(47,85), 0, 1
(47,87), 0, 1
(47,88), 0, 1
(47,89), 0, 1
(47,90), 0, 1
(47,91), 0, 1
(48,14), 0, 1
(48,16), 0, 1
(48,22), 0, 1
(48,29), 0, 1
(48,32), 0, 1
(48,36), 0, 1
(48,47), 0, 1
(48,52), 0, 1
(48,65), 0, 1
(50,4), 0, 1
(50,20), 0, 1
(50,23), 0, 1
(50,44), 0, 1
(50,47), 0, 1
(50,51), 0, 1
(50,53), 0, 1
(50,89), 0, 1
(50,90), 0, 1
(51,0), 0, 1
(51,1), 0, 1
(51,2), 0, 1
(51,4), 0, 1
(51,5), 0, 1
(51,6), 0, 1
(51,7), 0, 1
(51,8), 0, 1
(51,9), 0, 1
(51,10), 0, 1
(51,11), 0, 1
(51,12), 0, 1
(51,13), 0, 1
(51,14), 0, 1
(51,15), 0, 1
(51,16), 0, 1
(51,17), 0, 1
(51,18), 0, 1
(51,19), 0, 1
(51,20), 0, 1
(51,21), 0, 1
(51,22), 0, 1
(51,24), 0, 1
(51,25), 0, 1
(51,26), 0, 1
(51,28), 0, 1
(51,29), 0, 1
(51,30), 0, 1
(51,32), 0, 1
(51,33), 0, 1
(51,35), 0, 1
(51,36), 0, 1
(51,38), 0, 1
(51,39), 0, 1
(51,40), 0, 1
(51,41), 0, 1
(51,43), 0, 1
(51,44), 0, 1
(51,47), 0, 1
(51,48), 0, 1
(51,49), 0, 1
(51,50), 0, 1
(51,52), 0, 1
(51,53), 0, 1
(51,55), 0, 1
(51,56), 0, 1
(51,57), 0, 1
(51,58), 0, 1
(51,59), 0, 1
(51,60), 0, 1
(51,61), 0, 1
(51,64), 0, 1
(51,65), 0, 1
(51,66), 0, 1
(51,67), 0, 1
(51,69), 0, 1
(51,70), 0, 1
(51,72), 0, 1
(51,73), 0, 1
(51,74), 0, 1
(51,76), 0, 1
(51,77), 0, 1
(51,81), 0, 1
(51,83), 0, 1
(51,84), 0, 1
(51,85), 0, 1
(51,87), 0, 1
(51,88), 0, 1
(51,89), 0, 1
(51,90), 0, 1
(51,91), 0, 1
(52,4), 0, 1
(52,20), 0, 1
(52,23), 0, 1
(52,44), 0, 1
(52,47), 0, 1
(52,51), 0, 1
(52,53), 0, 1
(52,54), 0, 1
(52,78), 0, 1
(52,89), 0, 1
(53,14), 0, 1
(53,16), 0, 1
(53,22), 0, 1
(53,29), 0, 1
(53,32), 0, 1
(53,36), 0, 1
(53,47), 0, 1
(53,52), 0, 1
(53,65), 0, 1
(54,14), 0, 1
(54,16), 0, 1
(54,22), 0, 1
(54,29), 0, 1
(54,36), 0, 1
(54,47), 0, 1
(54,65), 0, 1
(56,4), 0, 1
(56,20), 0, 1
(56,23), 0, 1
(56,30), 0, 1
(56,44), 0, 1
(56,47), 0, 1
(56,51), 0, 1
(56,53), 0, 1
(56,78), 0, 1
(56,89), 0, 1
(57,4), 0, 1
(57,20), 0, 1
(57,23), 0, 1
(57,30), 0, 1
(57,44), 0, 1
(57,47), 0, 1
(57,51), 0, 1
(57,53), 0, 1
(57,78), 0, 1
(57,89), 0, 1
(57,90), 0, 1
(58,14), 0, 1
(58,16), 0, 1
(58,29), 0, 1
(58,36), 0, 1
(58,47), 0, 1
(58,52), 0, 1
(58,65), 0, 1
(59,4), 0, 1
(59,23), 0, 1
(59,30), 0, 1
(59,44), 0, 1
(59,51), 0, 1
(59,53), 0, 1
(59,78), 0, 1
(59,89), 0, 1
(59,90), 0, 1
(60,4), 0, 1
(60,20), 0, 1
(60,23), 0, 1
(60,30), 0, 1
(60,47), 0, 1
(60,51), 0, 1
(60,53), 0, 1
(60,54), 0, 1
(60,89), 0, 1
(60,90), 0, 1
(62,0), 0, 1
(62,2), 0, 1
(62,4), 0, 1
(62,5), 0, 1
(62,6), 0, 1
(62,8), 0, 1
(62,9), 0, 1
(62,10), 0, 1
(62,11), 0, 1
(62,12), 0, 1
(62,13), 0, 1
(62,14), 0, 1
(62,15), 0, 1
(62,16), 0, 1
(62,17), 0, 1
(62,18), 0, 1
(62,19), 0, 1
(62,20), 0, 1
(62,23), 0, 1
(62,24), 0, 1
(62,25), 0, 1
(62,26), 0, 1
(62,28), 0, 1
(62,29), 0, 1
(62,30), 0, 1
(62,31), 0, 1
(62,33), 0, 1
(62,35), 0, 1
(62,36), 0, 1
(62,38), 0, 1
(62,39), 0, 1
(62,40), 0, 1
(62,41), 0, 1
(62,43), 0, 1
(62,44), 0, 1
(62,46), 0, 1
(62,48), 0, 1
(62,50), 0, 1
(62,52), 0, 1
(62,53), 0, 1
(62,54), 0, 1
(62,55), 0, 1
(62,56), 0, 1
(62,57), 0, 1
(62,58), 0, 1
(62,59), 0, 1
(62,60), 0, 1
(62,61), 0, 1
(62,64), 0, 1
(62,65), 0, 1
(62,66), 0, 1
(62,67), 0, 1
(62,70), 0, 1
(62,71), 0, 1
(62,72), 0, 1
(62,73), 0, 1
(62,74), 0, 1
(62,76), 0, 1
(62,77), 0, 1
(62,80), 0, 1
(62,81), 0, 1
(62,83), 0, 1
(62,84), 0, 1
(62,85), 0, 1
(62,87), 0, 1
(62,88), 0, 1
(62,89), 0, 1
(62,90), 0, 1
(62,91), 0, 1
(63,4), 0, 1
(63,20), 0, 1
(63,23), 0, 1
(63,30), 0, 1
(63,44), 0, 1
(63,51), 0, 1
(63,53), 0, 1
(63,54), 0, 1
(63,78), 0, 1
(63,89), 0, 1
(63,90), 0, 1
(64,20), 0, 1
(64,23), 0, 1
(64,30), 0, 1
(64,44), 0, 1
(64,51), 0, 1
(64,53), 0, 1
(64,54), 0, 1
(64,78), 0, 1
(64,89), 0, 1
(64,90), 0, 1
(65,4), 0, 1
(65,20), 0, 1
(65,23), 0, 1
(65,30), 0, 1
(65,44), 0, 1
(65,47), 0, 1
(65,51), 0, 1
(65,53), 0, 1
(65,78), 0, 1
(65,89), 0, 1
(65,90), 0, 1
(66,47), 0, 1
(67,4), 0, 1
(67,20), 0, 1
(67,23), 0, 1
(67,30), 0, 1
(67,44), 0, 1
(67,51), 0, 1
(67,53), 0, 1
(67,89), 0, 1
(67,90), 0, 1
(68,0), 0, 1
(68,2), 0, 1
(68,4), 0, 1
(68,5), 0, 1
(68,6), 0, 1
(68,8), 0, 1
(68,9), 0, 1
(68,10), 0, 1
(68,11), 0, 1
(68,13), 0, 1
(68,14), 0, 1
(68,15), 0, 1
(68,16), 0, 1
(68,17), 0, 1
(68,18), 0, 1
(68,19), 0, 1
(68,20), 0, 1
(68,22), 0, 1
(68,23), 0, 1
(68,24), 0, 1
(68,25), 0, 1
(68,26), 0, 1
(68,28), 0, 1
(68,29), 0, 1
(68,30), 0, 1
(68,32), 0, 1
(68,33), 0, 1
(68,35), 0, 1
(68,36), 0, 1
(68,38), 0, 1
(68,39), 0, 1
(68,40), 0, 1
(68,41), 0, 1
(68,43), 0, 1
(68,44), 0, 1
(68,45), 0, 1
(68,46), 0, 1
(68,47), 0, 1
(68,48), 0, 1
(68,50), 0, 1
(68,51), 0, 1
(68,53), 0, 1
(68,55), 0, 1
(68,56), 0, 1
(68,57), 0, 1
(68,58), 0, 1
(68,59), 0, 1
(68,60), 0, 1
(68,61), 0, 1
(68,62), 0, 1
(68,64), 0, 1
(68,65), 0, 1
(68,66), 0, 1
(68,67), 0, 1
(68,69), 0, 1
(68,70), 0, 1
(68,72), 0, 1
(68,73), 0, 1
(68,74), 0, 1
(68,77), 0, 1
(68,78), 0, 1
(68,80), 0, 1
(68,81), 0, 1
(68,83), 0, 1
(68,84), 0, 1
(68,87), 0, 1
(68,88), 0, 1
(68,89), 0, 1
(68,90), 0, 1
(68,91), 0, 1
(69,14), 0, 1
(69,16), 0, 1
(69,29), 0, 1
(69,32), 0, 1
(69,36), 0, 1
(69,47), 0, 1
(69,65), 0, 1
(70,4), 0, 1
(70,7), 0, 1
(70,20), 0, 1
(70,23), 0, 1
(70,30), 0, 1
(70,44), 0, 1
(70,51), 0, 1
(70,53), 0, 1
(70,89), 0, 1
(70,90), 0, 1
(71,4), 0, 1
(71,20), 0, 1
(71,23), 0, 1
(71,30), 0, 1
(71,44), 0, 1
(71,47), 0, 1
(71,51), 0, 1
(71,53), 0, 1
(71,54), 0, 1
(71,78), 0, 1
(71,89), 0, 1
(71,90), 0, 1
(72,47), 0, 1
(73,4), 0, 1
(73,20), 0, 1
(73,23), 0, 1
(73,30), 0, 1
(73,44), 0, 1
(73,51), 0, 1
(73,53), 0, 1
(73,89), 0, 1
(73,90), 0, 1
(74,14), 0, 1
(74,16), 0, 1
(74,22), 0, 1
(74,29), 0, 1
(74,36), 0, 1
(74,47), 0, 1
(74,52), 0, 1
(74,65), 0, 1
(75,0), 0, 1
(75,2), 0, 1
(75,3), 0, 1
(75,4), 0, 1
(75,6), 0, 1
(75,8), 0, 1
(75,9), 0, 1
(75,10), 0, 1
(75,11), 0, 1
(75,12), 0, 1
(75,13), 0, 1
(75,14), 0, 1
(75,15), 0, 1
(75,17), 0, 1
(75,19), 0, 1
(75,20), 0, 1
(75,22), 0, 1
(75,23), 0, 1
(75,24), 0, 1
(75,25), 0, 1
(75,26), 0, 1
(75,28), 0, 1
(75,29), 0, 1
(75,30), 0, 1
(75,32), 0, 1
(75,33), 0, 1
(75,35), 0, 1
(75,38), 0, 1
(75,39), 0, 1
(75,40), 0, 1
(75,41), 0, 1
(75,43), 0, 1
(75,44), 0, 1
(75,46), 0, 1
(75,49), 0, 1
(75,50), 0, 1
(75,51), 0, 1
(75,52), 0, 1
(75,53), 0, 1
(75,54), 0, 1
(75,55), 0, 1
(75,56), 0, 1
(75,57), 0, 1
(75,58), 0, 1
(75,59), 0, 1
(75,60), 0, 1
(75,61), 0, 1
(75,65), 0, 1
(75,67), 0, 1
(75,69), 0, 1
(75,70), 0, 1
(75,71), 0, 1
(75,72), 0, 1
(75,73), 0, 1
(75,74), 0, 1
(75,76), 0, 1
(75,77), 0, 1
(75,81), 0, 1
(75,83), 0, 1
(75,84), 0, 1
(75,85), 0, 1
(75,87), 0, 1
(75,88), 0, 1
(75,89), 0, 1
(75,90), 0, 1
(76,14), 0, 1
(76,16), 0, 1
(76,22), 0, 1
(76,29), 0, 1
(76,32), 0, 1
(76,36), 0, 1
(76,47), 0, 1
(76,65), 0, 1
(77,14), 0, 1
(77,16), 0, 1
(77,22), 0, 1
(77,29), 0, 1
(77,36), 0, 1
(77,52), 0, 1
(77,65), 0, 1
(78,4), 0, 1
(78,20), 0, 1
(78,23), 0, 1
(78,44), 0, 1
(78,47), 0, 1
(78,51), 0, 1
(78,53), 0, 1
(78,89), 0, 1
(78,90), 0, 1
(79,0), 0, 1
(79,2), 0, 1
(79,4), 0, 1
(79,5), 0, 1
(79,6), 0, 1
(79,7), 0, 1
(79,8), 0, 1
(79,9), 0, 1
(79,10), 0, 1
(79,12), 0, 1
(79,13), 0, 1
(79,14), 0, 1
(79,15), 0, 1
(79,16), 0, 1
(79,17), 0, 1
(79,18), 0, 1
(79,19), 0, 1
(79,20), 0, 1
(79,23), 0, 1
(79,24), 0, 1
(79,26), 0, 1
(79,29), 0, 1
(79,30), 0, 1
(79,32), 0, 1
(79,33), 0, 1
(79,35), 0, 1
(79,36), 0, 1
(79,38), 0, 1
(79,39), 0, 1
(79,40), 0, 1
(79,41), 0, 1
(79,43), 0, 1
(79,44), 0, 1
(79,46), 0, 1
(79,47), 0, 1
(79,49), 0, 1
(79,50), 0, 1
(79,51), 0, 1
(79,52), 0, 1
(79,53), 0, 1
(79,55), 0, 1
(79,56), 0, 1
(79,57), 0, 1
(79,58), 0, 1
(79,59), 0, 1
(79,60), 0, 1
(79,61), 0, 1
(79,63), 0, 1
(79,65), 0, 1
(79,66), 0, 1
(79,67), 0, 1
(79,69), 0, 1
(79,71), 0, 1
(79,72), 0, 1
(79,73), 0, 1
(79,74), 0, 1
(79,76), 0, 1
(79,77), 0, 1
(79,78), 0, 1
(79,80), 0, 1
(79,81), 0, 1
(79,83), 0, 1
(79,84), 0, 1
(79,87), 0, 1
(79,88), 0, 1
(79,89), 0, 1
(79,90), 0, 1
(79,91), 0, 1
(80,4), 0, 1
(80,20), 0, 1
(80,23), 0, 1
(80,30), 0, 1
(80,44), 0, 1
(80,51), 0, 1
(80,53), 0, 1
(80,54), 0, 1
(80,89), 0, 1
(80,90), 0, 1
(81,4), 0, 1
(81,20), 0, 1
(81,23), 0, 1
(81,30), 0, 1
(81,44), 0, 1
(81,47), 0, 1
(81,51), 0, 1
(81,53), 0, 1
(81,54), 0, 1
(81,89), 0, 1
(81,90), 0, 1
(82,0), 0, 1
(82,2), 0, 1
(82,4), 0, 1
(82,5), 0, 1
(82,6), 0, 1
(82,8), 0, 1
(82,9), 0, 1
(82,10), 0, 1
(82,11), 0, 1
(82,12), 0, 1
(82,13), 0, 1
(82,14), 0, 1
(82,15), 0, 1
(82,16), 0, 1
(82,17), 0, 1
(82,18), 0, 1
(82,19), 0, 1
(82,20), 0, 1
(82,22), 0, 1
(82,23), 0, 1
(82,24), 0, 1
(82,26), 0, 1
(82,27), 0, 1
(82,28), 0, 1
(82,30), 0, 1
(82,32), 0, 1
(82,35), 0, 1
(82,36), 0, 1
(82,37), 0, 1
(82,38), 0, 1
(82,39), 0, 1
(82,40), 0, 1
(82,41), 0, 1
(82,43), 0, 1
(82,44), 0, 1
(82,46), 0, 1
(82,48), 0, 1
(82,49), 0, 1
(82,50), 0, 1
(82,51), 0, 1
(82,52), 0, 1
(82,53), 0, 1
(82,54), 0, 1
(82,55), 0, 1
(82,56), 0, 1
(82,57), 0, 1
(82,58), 0, 1
(82,59), 0, 1
(82,60), 0, 1
(82,61), 0, 1
(82,65), 0, 1
(82,66), 0, 1
(82,67), 0, 1
(82,70), 0, 1
(82,71), 0, 1
(82,76), 0, 1
(82,77), 0, 1
(82,78), 0, 1
(82,80), 0, 1
(82,81), 0, 1
(82,83), 0, 1
(82,84), 0, 1
(82,85), 0, 1
(82,87), 0, 1
(82,88), 0, 1
(82,89), 0, 1
(82,90), 0, 1
(82,91), 0, 1
(83,4), 0, 1
(83,20), 0, 1
(83,23), 0, 1
(83,30), 0, 1
(83,44), 0, 1
(83,51), 0, 1
(83,53), 0, 1
(83,54), 0, 1
(83,78), 0, 1
(83,89), 0, 1
(83,90), 0, 1
(84,4), 0, 1
(84,20), 0, 1
(84,23), 0, 1
(84,30), 0, 1
(84,44), 0, 1
(84,47), 0, 1
(84,51), 0, 1
(84,53), 0, 1
(84,54), 0, 1
(84,75), 0, 1
(84,78), 0, 1
(84,89), 0, 1
(84,90), 0, 1
(85,4), 0, 1
(85,20), 0, 1
(85,23), 0, 1
(85,30), 0, 1
(85,44), 0, 1
(85,47), 0, 1
(85,51), 0, 1
(85,53), 0, 1
(85,54), 0, 1
(85,75), 0, 1
(85,78), 0, 1
(85,89), 0, 1
(85,90), 0, 1
(86,4), 0, 1
(86,20), 0, 1
(86,30), 0, 1
(86,44), 0, 1
(86,51), 0, 1
(86,53), 0, 1
(86,54), 0, 1
(86,89), 0, 1
(86,90), 0, 1
(87,4), 0, 1
(87,20), 0, 1
(87,23), 0, 1
(87,30), 0, 1
(87,44), 0, 1
(87,51), 0, 1
(87,53), 0, 1
(87,54), 0, 1
(87,78), 0, 1
(87,89), 0, 1
(87,90), 0, 1
(88,4), 0, 1
(88,20), 0, 1
(88,23), 0, 1
(88,30), 0, 1
(88,44), 0, 1
(88,51), 0, 1
(88,53), 0, 1
(88,54), 0, 1
(88,78), 0, 1
(88,89), 0, 1
(88,90), 0, 1
(89,4), 0, 1
(89,20), 0, 1
(89,23), 0, 1
(89,30), 0, 1
(89,44), 0, 1
(89,47), 0, 1
(89,51), 0, 1
(89,53), 0, 1
(89,54), 0, 1
(89,78), 0, 1
(90,14), 0, 1
(90,16), 0, 1
(90,22), 0, 1
(90,29), 0, 1
(90,32), 0, 1
(90,36), 0, 1
(90,52), 0, 1
(90,65), 0, 1
(91,20), 0, 1
(91,23), 0, 1
(91,47), 0, 1
(91,53), 0, 1
(91,78), 0, 1
(91,89), 0, 1
(91,90), 0, 1
(92,0), 0, 1
(92,2), 0, 1
(92,5), 0, 1
(92,6), 0, 1
(92,7), 0, 1
(92,8), 0, 1
(92,9), 0, 1
(92,10), 0, 1
(92,11), 0, 1
(92,13), 0, 1
(92,14), 0, 1
(92,15), 0, 1
(92,16), 0, 1
(92,17), 0, 1
(92,18), 0, 1
(92,19), 0, 1
(92,20), 0, 1
(92,21), 0, 1
(92,23), 0, 1
(92,24), 0, 1
(92,25), 0, 1
(92,26), 0, 1
(92,28), 0, 1
(92,29), 0, 1
(92,30), 0, 1
(92,32), 0, 1
(92,33), 0, 1
(92,35), 0, 1
(92,36), 0, 1
(92,37), 0, 1
(92,38), 0, 1
(92,39), 0, 1
(92,40), 0, 1
(92,41), 0, 1
(92,43), 0, 1
(92,44), 0, 1
(92,46), 0, 1
(92,47), 0, 1
(92,48), 0, 1
(92,50), 0, 1
(92,51), 0, 1
(92,52), 0, 1
(92,53), 0, 1
(92,55), 0, 1
(92,56), 0, 1
(92,57), 0, 1
(92,58), 0, 1
(92,59), 0, 1
(92,60), 0, 1
(92,61), 0, 1
(92,64), 0, 1
(92,65), 0, 1
(92,66), 0, 1
(92,67), 0, 1
(92,69), 0, 1
(92,70), 0, 1
(92,71), 0, 1
(92,72), 0, 1
(92,73), 0, 1
(92,75), 0, 1
(92,76), 0, 1
(92,77), 0, 1
(92,78), 0, 1
(92,80), 0, 1
(92,81), 0, 1
(92,83), 0, 1
(92,84), 0, 1
(92,85), 0, 1
(92,87), 0, 1
(92,88), 0, 1
(92,89), 0, 1
(92,90), 0, 1
(92,91), 0, 1
(93,0), 0, 1
(93,2), 0, 1
(93,3), 0, 1
(93,4), 0, 1
(93,5), 0, 1
(93,6), 0, 1
(93,8), 0, 1
(93,9), 0, 1
(93,10), 0, 1
(93,12), 0, 1
(93,13), 0, 1
(93,14), 0, 1
(93,15), 0, 1
(93,16), 0, 1
(93,17), 0, 1
(93,18), 0, 1
(93,19), 0, 1
(93,20), 0, 1
(93,23), 0, 1
(93,24), 0, 1
(93,25), 0, 1
(93,28), 0, 1
(93,29), 0, 1
(93,30), 0, 1
(93,32), 0, 1
(93,33), 0, 1
(93,35), 0, 1
(93,36), 0, 1
(93,39), 0, 1
(93,40), 0, 1
(93,41), 0, 1
(93,43), 0, 1
(93,44), 0, 1
(93,45), 0, 1
(93,49), 0, 1
(93,50), 0, 1
(93,51), 0, 1
(93,52), 0, 1
(93,53), 0, 1
(93,54), 0, 1
(93,55), 0, 1
(93,56), 0, 1
(93,57), 0, 1
(93,58), 0, 1
(93,59), 0, 1
(93,60), 0, 1
(93,61), 0, 1
(93,64), 0, 1
(93,65), 0, 1
(93,66), 0, 1
(93,69), 0, 1
(93,70), 0, 1
(93,71), 0, 1
(93,73), 0, 1
(93,74), 0, 1
(93,76), 0, 1
(93,77), 0, 1
(93,80), 0, 1
(93,81), 0, 1
(93,82), 0, 1
(93,83), 0, 1
(93,84), 0, 1
(93,85), 0, 1
(93,87), 0, 1
(93,88), 0, 1
(93,89), 0, 1
(93,90), 0, 1
(93,91), 0, 1
(94,0), 0, 1
(94,2), 0, 1
(94,3), 0, 1
(94,4), 0, 1
(94,5), 0, 1
(94,6), 0, 1
(94,8), 0, 1
(94,9), 0, 1
(94,10), 0, 1
(94,12), 0, 1
(94,13), 0, 1
(94,14), 0, 1
(94,15), 0, 1
(94,16), 0, 1
(94,17), 0, 1
(94,18), 0, 1
(94,19), 0, 1
(94,20), 0, 1
(94,22), 0, 1
(94,23), 0, 1
(94,24), 0, 1
(94,26), 0, 1
(94,29), 0, 1
(94,30), 0, 1
(94,32), 0, 1
(94,33), 0, 1
(94,35), 0, 1
(94,36), 0, 1
(94,38), 0, 1
(94,39), 0, 1
(94,40), 0, 1
(94,41), 0, 1
(94,43), 0, 1
(94,44), 0, 1
(94,46), 0, 1
(94,47), 0, 1
(94,48), 0, 1
(94,49), 0, 1
(94,50), 0, 1
(94,51), 0, 1
(94,52), 0, 1
(94,53), 0, 1
(94,55), 0, 1
(94,56), 0, 1
(94,58), 0, 1
(94,59), 0, 1
(94,60), 0, 1
(94,61), 0, 1
(94,64), 0, 1
(94,65), 0, 1
(94,66), 0, 1
(94,69), 0, 1
(94,70), 0, 1
(94,71), 0, 1
(94,72), 0, 1
(94,74), 0, 1
(94,76), 0, 1
(94,77), 0, 1
(94,78), 0, 1
(94,80), 0, 1
(94,81), 0, 1
(94,82), 0, 1
(94,83), 0, 1
(94,84), 0, 1
(94,85), 0, 1
(94,87), 0, 1
(94,88), 0, 1
(94,89), 0, 1
(94,90), 0, 1
(94,91), 0, 1
(95,2), 0, 1
(95,3), 0, 1
(95,4), 0, 1
(95,5), 0, 1
(95,6), 0, 1
(95,8), 0, 1
(95,9), 0, 1
(95,10), 0, 1
(95,12), 0, 1
(95,13), 0, 1
(95,14), 0, 1
(95,15), 0, 1
(95,16), 0, 1
(95,17), 0, 1
(95,18), 0, 1
(95,20), 0, 1
(95,22), 0, 1
(95,23), 0, 1
(95,24), 0, 1
(95,25), 0, 1
(95,26), 0, 1
(95,28), 0, 1
(95,29), 0, 1
(95,30), 0, 1
(95,32), 0, 1
(95,33), 0, 1
(95,35), 0, 1
(95,36), 0, 1
(95,38), 0, 1
(95,39), 0, 1
(95,40), 0, 1
(95,41), 0, 1
(95,43), 0, 1
(95,44), 0, 1
(95,46), 0, 1
(95,47), 0, 1
(95,49), 0, 1
(95,50), 0, 1
(95,51), 0, 1
(95,53), 0, 1
(95,54), 0, 1
(95,55), 0, 1
(95,56), 0, 1
(95,57), 0, 1
(95,58), 0, 1
(95,59), 0, 1
(95,60), 0, 1
(95,61), 0, 1
(95,65), 0, 1
(95,66), 0, 1
(95,67), 0, 1
(95,69), 0, 1
(95,70), 0, 1
(95,71), 0, 1
(95,72), 0, 1
(95,73), 0, 1
(95,74), 0, 1
(95,76), 0, 1
(95,77), 0, 1
(95,78), 0, 1
(95,79), 0, 1
(95,80), 0, 1
(95,81), 0, 1
(95,83), 0, 1
(95,84), 0, 1
(95,87), 0, 1
(95,88), 0, 1
(95,90), 0, 1
(95,91), 0, 1
(96,16), 0, 1
(96,22), 0, 1
(96,29), 0, 1
(96,36), 0, 1
(96,47), 0, 1
(96,52), 0, 1
(96,65), 0, 1
(97,4), 0, 1
(97,20), 0, 1
(97,23), 0, 1
(97,30), 0, 1
(97,44), 0, 1
(97,53), 0, 1
(97,78), 0, 1
(97,89), 0, 1
(97,90), 0, 1
(98,4), 0, 1
(98,20), 0, 1
(98,23), 0, 1
(98,44), 0, 1
(98,47), 0, 1
(98,51), 0, 1
(98,53), 0, 1
(98,54), 0, 1
(98,89), 0, 1
(99,0), 0, 1
(99,2), 0, 1
(99,3), 0, 1
(99,4), 0, 1
(99,6), 0, 1
(99,8), 0, 1
(99,9), 0, 1
(99,10), 0, 1
(99,11), 0, 1
(99,12), 0, 1
(99,13), 0, 1
(99,14), 0, 1
(99,15), 0, 1
(99,16), 0, 1
(99,17), 0, 1
(99,19), 0, 1
(99,20), 0, 1
(99,22), 0, 1
(99,23), 0, 1
(99,24), 0, 1
(99,25), 0, 1
(99,26), 0, 1
(99,28), 0, 1
(99,29), 0, 1
(99,34), 0, 1
(99,35), 0, 1
(99,36), 0, 1
(99,38), 0, 1
(99,39), 0, 1
(99,40), 0, 1
(99,41), 0, 1
(99,43), 0, 1
(99,44), 0, 1
(99,46), 0, 1
(99,47), 0, 1
(99,49), 0, 1
(99,50), 0, 1
(99,51), 0, 1
(99,53), 0, 1
(99,54), 0, 1
(99,55), 0, 1
(99,56), 0, 1
(99,57), 0, 1
(99,58), 0, 1
(99,59), 0, 1
(99,60), 0, 1
(99,61), 0, 1
(99,62), 0, 1
(99,64), 0, 1
(99,65), 0, 1
(99,66), 0, 1
(99,67), 0, 1
(99,68), 0, 1
(99,69), 0, 1
(99,70), 0, 1
(99,71), 0, 1
(99,72), 0, 1
(99,73), 0, 1
(99,74), 0, 1
(99,76), 0, 1
(99,77), 0, 1
(99,78), 0, 1
(99,80), 0, 1
(99,81), 0, 1
(99,83), 0, 1
(99,84), 0, 1
(99,85), 0, 1
(99,87), 0, 1
(99,88), 0, 1
(99,89), 0, 1
(99,90), 0, 1
(99,91), 0, 1
