Nr_Pairs = 95
Nr_NDD = 5
Nr_Arcs = 1539
0	0.9
1	0.05
2	0.05
3	0.05
4	0.05
5	0.9
6	0.05
7	0.9
8	0.9
9	0.2875000000000001
10	0.9
11	0.05
12	0.05
13	0.05
14	0.05
15	0.05
16	0.2875000000000001
17	0.2875000000000001
18	0.2875000000000001
19	0.05
20	0.05
21	0.05
22	0.05
23	0.05
24	0.9
25	0.32499999999999996
26	0.05
27	0.2875000000000001
28	0.9
29	0.9
30	0.1
31	0.9
32	0.9
33	0.1
34	0.05
35	0.05
36	0.9
37	0.1
38	0.2875000000000001
39	0.05
40	0.05
41	0.32499999999999996
42	0.9
43	0.9
44	0.05
45	0.05
46	0.9
47	0.05
48	0.1
49	0.2875000000000001
50	0.05
51	0.2875000000000001
52	0.2875000000000001
53	0.1
54	0.05
55	0.05
56	0.05
57	0.05
58	0.05
59	0.05
60	0.05
61	0.05
62	0.05
63	0.2875000000000001
64	0.05
65	0.2875000000000001
66	0.2875000000000001
67	0.9
68	0.05
69	0.05
70	0.9
71	0.2875000000000001
72	0.05
73	0.1
74	0.05
75	0.05
76	0.9
77	0.9
78	0.05
79	0.2875000000000001
80	0.2875000000000001
81	0.05
82	0.1
83	0.05
84	0.9
85	0.05
86	0.2875000000000001
87	0.05
88	0.1
89	0.05
90	0.05
91	0.05
92	0.1
93	0.1
94	0.05
95	0.0
96	0.0
97	0.0
98	0.0
99	0.0
(0,4), 0, 1
(0,39), 0, 1
(0,41), 0, 1
(0,48), 0, 1
(0,50), 0, 1
(0,51), 0, 1
(0,55), 0, 1
(0,58), 0, 1
(0,93), 0, 1
(1,16), 0, 1
(1,17), 0, 1
(1,26), 0, 1
(1,27), 0, 1
(1,46), 0, 1
(1,69), 0, 1
(1,75), 0, 1
(2,4), 0, 1
(2,32), 0, 1
(2,39), 0, 1
(2,41), 0, 1
(2,48), 0, 1
(2,50), 0, 1
(2,51), 0, 1
(2,55), 0, 1
(2,58), 0, 1
(3,4), 0, 1
(3,39), 0, 1
(3,41), 0, 1
(3,48), 0, 1
(3,50), 0, 1
(3,55), 0, 1
(3,58), 0, 1
(3,93), 0, 1
(4,16), 0, 1
(4,26), 0, 1
(4,69), 0, 1
(4,75), 0, 1
(5,4), 0, 1
(5,29), 0, 1
(5,39), 0, 1
(5,41), 0, 1
(5,48), 0, 1
(5,50), 0, 1
(5,55), 0, 1
(5,58), 0, 1
(5,93), 0, 1
(6,4), 0, 1
(6,39), 0, 1
(6,41), 0, 1
(6,48), 0, 1
(6,50), 0, 1
(6,51), 0, 1
(6,55), 0, 1
(6,58), 0, 1
(6,93), 0, 1
(7,4), 0, 1
(7,39), 0, 1
(7,41), 0, 1
(7,48), 0, 1
(7,50), 0, 1
(7,51), 0, 1
(7,55), 0, 1
(7,58), 0, 1
(7,93), 0, 1
(8,16), 0, 1
(8,26), 0, 1
(8,69), 0, 1
(8,75), 0, 1
(10,0), 0, 1
(10,1), 0, 1
(10,2), 0, 1
(10,3), 0, 1
(10,4), 0, 1
(10,6), 0, 1
(10,9), 0, 1
(10,11), 0, 1
(10,12), 0, 1
(10,13), 0, 1
(10,15), 0, 1
(10,16), 0, 1
(10,18), 0, 1
(10,19), 0, 1
(10,20), 0, 1
(10,21), 0, 1
(10,22), 0, 1
(10,23), 0, 1
(10,25), 0, 1
(10,26), 0, 1
(10,30), 0, 1
(10,33), 0, 1
(10,34), 0, 1
(10,35), 0, 1
(10,37), 0, 1
(10,38), 0, 1
(10,39), 0, 1
(10,40), 0, 1
(10,44), 0, 1
(10,45), 0, 1
(10,47), 0, 1
(10,48), 0, 1
(10,49), 0, 1
(10,50), 0, 1
(10,51), 0, 1
(10,52), 0, 1
(10,53), 0, 1
(10,54), 0, 1
(10,55), 0, 1
(10,56), 0, 1
(10,57), 0, 1
(10,58), 0, 1
(10,59), 0, 1
(10,60), 0, 1
(10,61), 0, 1
(10,62), 0, 1
(10,63), 0, 1
(10,64), 0, 1
(10,66), 0, 1
(10,68), 0, 1
(10,69), 0, 1
(10,71), 0, 1
(10,72), 0, 1
(10,73), 0, 1
(10,74), 0, 1
(10,75), 0, 1
(10,78), 0, 1
(10,81), 0, 1
(10,82), 0, 1
(10,83), 0, 1
(10,85), 0, 1
(10,87), 0, 1
(10,88), 0, 1
(10,89), 0, 1
(10,91), 0, 1
(10,92), 0, 1
(10,93), 0, 1
(10,94), 0, 1
(11,16), 0, 1
(11,17), 0, 1
(11,18), 0, 1
(11,26), 0, 1
(11,27), 0, 1
(11,69), 0, 1
(11,75), 0, 1
(12,4), 0, 1
(12,39), 0, 1
(12,41), 0, 1
(12,48), 0, 1
(12,50), 0, 1
(12,51), 0, 1
(12,55), 0, 1
(12,58), 0, 1
(12,93), 0, 1
(13,17), 0, 1
(13,18), 0, 1
(13,26), 0, 1
(13,27), 0, 1
(13,69), 0, 1
(13,75), 0, 1
(14,1), 0, 1
(14,2), 0, 1
(14,3), 0, 1
(14,6), 0, 1
(14,8), 0, 1
(14,11), 0, 1
(14,12), 0, 1
(14,13), 0, 1
(14,16), 0, 1
(14,18), 0, 1
(14,19), 0, 1
(14,20), 0, 1
(14,21), 0, 1
(14,22), 0, 1
(14,23), 0, 1
(14,26), 0, 1
(14,28), 0, 1
(14,30), 0, 1
(14,33), 0, 1
(14,34), 0, 1
(14,37), 0, 1
(14,39), 0, 1
(14,40), 0, 1
(14,41), 0, 1
(14,44), 0, 1
(14,45), 0, 1
(14,47), 0, 1
(14,48), 0, 1
(14,49), 0, 1
(14,50), 0, 1
(14,51), 0, 1
(14,52), 0, 1
(14,53), 0, 1
(14,54), 0, 1
(14,55), 0, 1
(14,56), 0, 1
(14,57), 0, 1
(14,58), 0, 1
(14,59), 0, 1
(14,60), 0, 1
(14,61), 0, 1
(14,62), 0, 1
(14,63), 0, 1
(14,64), 0, 1
(14,65), 0, 1
(14,69), 0, 1
(14,71), 0, 1
(14,72), 0, 1
(14,73), 0, 1
(14,74), 0, 1
(14,75), 0, 1
(14,78), 0, 1
(14,79), 0, 1
(14,80), 0, 1
(14,81), 0, 1
(14,82), 0, 1
(14,83), 0, 1
(14,85), 0, 1
(14,86), 0, 1
(14,87), 0, 1
(14,88), 0, 1
(14,89), 0, 1
(14,90), 0, 1
(14,91), 0, 1
(14,92), 0, 1
(14,93), 0, 1
(14,94), 0, 1
(15,16), 0, 1
(15,17), 0, 1
(15,18), 0, 1
(15,26), 0, 1
(15,27), 0, 1
(15,69), 0, 1
(15,75), 0, 1
(16,4), 0, 1
(16,39), 0, 1
(16,41), 0, 1
(16,48), 0, 1
(16,50), 0, 1
(16,51), 0, 1
(16,55), 0, 1
(16,58), 0, 1
(16,93), 0, 1
(17,16), 0, 1
(17,18), 0, 1
(17,26), 0, 1
(17,27), 0, 1
(17,69), 0, 1
(17,75), 0, 1
(18,1), 0, 1
(18,2), 0, 1
(18,3), 0, 1
(18,4), 0, 1
(18,6), 0, 1
(18,8), 0, 1
(18,9), 0, 1
(18,11), 0, 1
(18,12), 0, 1
(18,13), 0, 1
(18,14), 0, 1
(18,15), 0, 1
(18,16), 0, 1
(18,19), 0, 1
(18,20), 0, 1
(18,21), 0, 1
(18,22), 0, 1
(18,23), 0, 1
(18,24), 0, 1
(18,25), 0, 1
(18,26), 0, 1
(18,27), 0, 1
(18,30), 0, 1
(18,32), 0, 1
(18,33), 0, 1
(18,34), 0, 1
(18,35), 0, 1
(18,37), 0, 1
(18,40), 0, 1
(18,41), 0, 1
(18,42), 0, 1
(18,44), 0, 1
(18,45), 0, 1
(18,47), 0, 1
(18,48), 0, 1
(18,49), 0, 1
(18,51), 0, 1
(18,52), 0, 1
(18,53), 0, 1
(18,54), 0, 1
(18,55), 0, 1
(18,56), 0, 1
(18,57), 0, 1
(18,58), 0, 1
(18,59), 0, 1
(18,60), 0, 1
(18,61), 0, 1
(18,62), 0, 1
(18,63), 0, 1
(18,64), 0, 1
(18,65), 0, 1
(18,66), 0, 1
(18,68), 0, 1
(18,69), 0, 1
(18,70), 0, 1
(18,71), 0, 1
(18,72), 0, 1
(18,73), 0, 1
(18,74), 0, 1
(18,75), 0, 1
(18,76), 0, 1
(18,78), 0, 1
(18,79), 0, 1
(18,80), 0, 1
(18,81), 0, 1
(18,82), 0, 1
(18,83), 0, 1
(18,85), 0, 1
(18,86), 0, 1
(18,87), 0, 1
(18,88), 0, 1
(18,89), 0, 1
(18,90), 0, 1
(18,91), 0, 1
(18,92), 0, 1
(18,93), 0, 1
(18,94), 0, 1
(19,16), 0, 1
(19,17), 0, 1
(19,18), 0, 1
(19,26), 0, 1
(19,27), 0, 1
(19,36), 0, 1
(19,69), 0, 1
(20,4), 0, 1
(20,39), 0, 1
(20,41), 0, 1
(20,48), 0, 1
(20,51), 0, 1
(20,55), 0, 1
(20,58), 0, 1
(20,93), 0, 1
(21,17), 0, 1
(21,26), 0, 1
(21,46), 0, 1
(21,69), 0, 1
(21,75), 0, 1
(22,17), 0, 1
(22,18), 0, 1
(22,26), 0, 1
(22,69), 0, 1
(22,75), 0, 1
(23,16), 0, 1
(23,17), 0, 1
(23,18), 0, 1
(23,26), 0, 1
(23,27), 0, 1
(23,69), 0, 1
(23,75), 0, 1
(24,4), 0, 1
(24,39), 0, 1
(24,41), 0, 1
(24,48), 0, 1
(24,50), 0, 1
(24,55), 0, 1
(24,58), 0, 1
(24,93), 0, 1
(25,16), 0, 1
(25,18), 0, 1
(25,26), 0, 1
(25,27), 0, 1
(25,36), 0, 1
(25,69), 0, 1
(25,75), 0, 1
(26,4), 0, 1
(26,32), 0, 1
(26,39), 0, 1
(26,41), 0, 1
(26,48), 0, 1
(26,50), 0, 1
(26,55), 0, 1
(26,58), 0, 1
(26,93), 0, 1
(27,16), 0, 1
(27,26), 0, 1
(27,36), 0, 1
(27,69), 0, 1
(27,75), 0, 1
(29,17), 0, 1
(29,26), 0, 1
(29,27), 0, 1
(29,69), 0, 1
(31,1), 0, 1
(31,2), 0, 1
(31,3), 0, 1
(31,4), 0, 1
(31,5), 0, 1
(31,6), 0, 1
(31,11), 0, 1
(31,13), 0, 1
(31,14), 0, 1
(31,15), 0, 1
(31,16), 0, 1
(31,17), 0, 1
(31,18), 0, 1
(31,20), 0, 1
(31,21), 0, 1
(31,22), 0, 1
(31,23), 0, 1
(31,26), 0, 1
(31,30), 0, 1
(31,33), 0, 1
(31,34), 0, 1
(31,35), 0, 1
(31,36), 0, 1
(31,37), 0, 1
(31,38), 0, 1
(31,39), 0, 1
(31,41), 0, 1
(31,42), 0, 1
(31,44), 0, 1
(31,45), 0, 1
(31,47), 0, 1
(31,48), 0, 1
(31,49), 0, 1
(31,50), 0, 1
(31,52), 0, 1
(31,53), 0, 1
(31,54), 0, 1
(31,55), 0, 1
(31,56), 0, 1
(31,57), 0, 1
(31,58), 0, 1
(31,59), 0, 1
(31,60), 0, 1
(31,61), 0, 1
(31,62), 0, 1
(31,63), 0, 1
(31,64), 0, 1
(31,65), 0, 1
(31,66), 0, 1
(31,68), 0, 1
(31,69), 0, 1
(31,70), 0, 1
(31,71), 0, 1
(31,72), 0, 1
(31,73), 0, 1
(31,74), 0, 1
(31,75), 0, 1
(31,78), 0, 1
(31,81), 0, 1
(31,82), 0, 1
(31,83), 0, 1
(31,85), 0, 1
(31,87), 0, 1
(31,88), 0, 1
(31,89), 0, 1
(31,90), 0, 1
(31,91), 0, 1
(31,94), 0, 1
(32,1), 0, 1
(32,2), 0, 1
(32,4), 0, 1
(32,6), 0, 1
(32,8), 0, 1
(32,9), 0, 1
(32,11), 0, 1
(32,12), 0, 1
(32,13), 0, 1
(32,14), 0, 1
(32,15), 0, 1
(32,17), 0, 1
(32,18), 0, 1
(32,19), 0, 1
(32,20), 0, 1
(32,21), 0, 1
(32,22), 0, 1
(32,23), 0, 1
(32,25), 0, 1
(32,26), 0, 1
(32,30), 0, 1
(32,33), 0, 1
(32,34), 0, 1
(32,35), 0, 1
(32,37), 0, 1
(32,39), 0, 1
(32,40), 0, 1
(32,41), 0, 1
(32,44), 0, 1
(32,45), 0, 1
(32,47), 0, 1
(32,48), 0, 1
(32,50), 0, 1
(32,52), 0, 1
(32,53), 0, 1
(32,54), 0, 1
(32,55), 0, 1
(32,56), 0, 1
(32,57), 0, 1
(32,58), 0, 1
(32,59), 0, 1
(32,60), 0, 1
(32,61), 0, 1
(32,62), 0, 1
(32,63), 0, 1
(32,64), 0, 1
(32,68), 0, 1
(32,69), 0, 1
(32,71), 0, 1
(32,72), 0, 1
(32,73), 0, 1
(32,74), 0, 1
(32,75), 0, 1
(32,78), 0, 1
(32,79), 0, 1
(32,81), 0, 1
(32,83), 0, 1
(32,84), 0, 1
(32,85), 0, 1
(32,87), 0, 1
(32,88), 0, 1
(32,89), 0, 1
(32,90), 0, 1
(32,91), 0, 1
(32,92), 0, 1
(32,94), 0, 1
(34,4), 0, 1
(34,39), 0, 1
(34,41), 0, 1
(34,50), 0, 1
(34,51), 0, 1
(34,55), 0, 1
(34,58), 0, 1
(34,93), 0, 1
(36,17), 0, 1
(36,18), 0, 1
(36,26), 0, 1
(36,27), 0, 1
(36,69), 0, 1
(36,75), 0, 1
(37,4), 0, 1
(37,39), 0, 1
(37,41), 0, 1
(37,48), 0, 1
(37,50), 0, 1
(37,51), 0, 1
(37,55), 0, 1
(37,58), 0, 1
(37,93), 0, 1
(38,1), 0, 1
(38,2), 0, 1
(38,3), 0, 1
(38,4), 0, 1
(38,6), 0, 1
(38,7), 0, 1
(38,9), 0, 1
(38,11), 0, 1
(38,12), 0, 1
(38,13), 0, 1
(38,14), 0, 1
(38,15), 0, 1
(38,16), 0, 1
(38,17), 0, 1
(38,18), 0, 1
(38,19), 0, 1
(38,20), 0, 1
(38,21), 0, 1
(38,22), 0, 1
(38,23), 0, 1
(38,24), 0, 1
(38,25), 0, 1
(38,26), 0, 1
(38,27), 0, 1
(38,30), 0, 1
(38,33), 0, 1
(38,34), 0, 1
(38,35), 0, 1
(38,37), 0, 1
(38,40), 0, 1
(38,41), 0, 1
(38,44), 0, 1
(38,45), 0, 1
(38,47), 0, 1
(38,48), 0, 1
(38,49), 0, 1
(38,50), 0, 1
(38,52), 0, 1
(38,53), 0, 1
(38,54), 0, 1
(38,55), 0, 1
(38,56), 0, 1
(38,57), 0, 1
(38,58), 0, 1
(38,59), 0, 1
(38,60), 0, 1
(38,61), 0, 1
(38,62), 0, 1
(38,64), 0, 1
(38,66), 0, 1
(38,68), 0, 1
(38,69), 0, 1
(38,72), 0, 1
(38,74), 0, 1
(38,75), 0, 1
(38,78), 0, 1
(38,79), 0, 1
(38,80), 0, 1
(38,81), 0, 1
(38,82), 0, 1
(38,83), 0, 1
(38,85), 0, 1
(38,86), 0, 1
(38,87), 0, 1
(38,89), 0, 1
(38,90), 0, 1
(38,91), 0, 1
(38,93), 0, 1
(38,94), 0, 1
(39,16), 0, 1
(39,17), 0, 1
(39,18), 0, 1
(39,26), 0, 1
(39,69), 0, 1
(39,75), 0, 1
(40,17), 0, 1
(40,26), 0, 1
(40,27), 0, 1
(40,69), 0, 1
(40,75), 0, 1
(41,17), 0, 1
(41,18), 0, 1
(41,26), 0, 1
(41,27), 0, 1
(41,46), 0, 1
(41,69), 0, 1
(41,75), 0, 1
(42,1), 0, 1
(42,2), 0, 1
(42,3), 0, 1
(42,4), 0, 1
(42,6), 0, 1
(42,11), 0, 1
(42,12), 0, 1
(42,13), 0, 1
(42,14), 0, 1
(42,15), 0, 1
(42,16), 0, 1
(42,17), 0, 1
(42,18), 0, 1
(42,19), 0, 1
(42,20), 0, 1
(42,21), 0, 1
(42,22), 0, 1
(42,23), 0, 1
(42,25), 0, 1
(42,26), 0, 1
(42,27), 0, 1
(42,30), 0, 1
(42,33), 0, 1
(42,34), 0, 1
(42,35), 0, 1
(42,37), 0, 1
(42,38), 0, 1
(42,39), 0, 1
(42,40), 0, 1
(42,41), 0, 1
(42,44), 0, 1
(42,45), 0, 1
(42,46), 0, 1
(42,47), 0, 1
(42,48), 0, 1
(42,49), 0, 1
(42,50), 0, 1
(42,51), 0, 1
(42,54), 0, 1
(42,55), 0, 1
(42,56), 0, 1
(42,57), 0, 1
(42,58), 0, 1
(42,59), 0, 1
(42,60), 0, 1
(42,61), 0, 1
(42,62), 0, 1
(42,63), 0, 1
(42,64), 0, 1
(42,66), 0, 1
(42,68), 0, 1
(42,69), 0, 1
(42,71), 0, 1
(42,72), 0, 1
(42,73), 0, 1
(42,74), 0, 1
(42,75), 0, 1
(42,78), 0, 1
(42,79), 0, 1
(42,80), 0, 1
(42,81), 0, 1
(42,82), 0, 1
(42,83), 0, 1
(42,85), 0, 1
(42,87), 0, 1
(42,88), 0, 1
(42,89), 0, 1
(42,90), 0, 1
(42,91), 0, 1
(42,92), 0, 1
(42,93), 0, 1
(42,94), 0, 1
(43,1), 0, 1
(43,2), 0, 1
(43,3), 0, 1
(43,4), 0, 1
(43,5), 0, 1
(43,6), 0, 1
(43,9), 0, 1
(43,11), 0, 1
(43,12), 0, 1
(43,13), 0, 1
(43,14), 0, 1
(43,15), 0, 1
(43,17), 0, 1
(43,18), 0, 1
(43,19), 0, 1
(43,20), 0, 1
(43,21), 0, 1
(43,22), 0, 1
(43,23), 0, 1
(43,25), 0, 1
(43,26), 0, 1
(43,30), 0, 1
(43,33), 0, 1
(43,34), 0, 1
(43,37), 0, 1
(43,38), 0, 1
(43,39), 0, 1
(43,40), 0, 1
(43,44), 0, 1
(43,45), 0, 1
(43,47), 0, 1
(43,48), 0, 1
(43,49), 0, 1
(43,50), 0, 1
(43,51), 0, 1
(43,53), 0, 1
(43,54), 0, 1
(43,55), 0, 1
(43,56), 0, 1
(43,57), 0, 1
(43,58), 0, 1
(43,59), 0, 1
(43,60), 0, 1
(43,61), 0, 1
(43,62), 0, 1
(43,63), 0, 1
(43,64), 0, 1
(43,65), 0, 1
(43,68), 0, 1
(43,69), 0, 1
(43,71), 0, 1
(43,72), 0, 1
(43,73), 0, 1
(43,74), 0, 1
(43,75), 0, 1
(43,78), 0, 1
(43,79), 0, 1
(43,80), 0, 1
(43,81), 0, 1
(43,83), 0, 1
(43,85), 0, 1
(43,86), 0, 1
(43,87), 0, 1
(43,88), 0, 1
(43,89), 0, 1
(43,90), 0, 1
(43,91), 0, 1
(43,92), 0, 1
(43,93), 0, 1
(43,94), 0, 1
(44,16), 0, 1
(44,18), 0, 1
(44,26), 0, 1
(44,69), 0, 1
(44,75), 0, 1
(45,39), 0, 1
(45,41), 0, 1
(45,48), 0, 1
(45,51), 0, 1
(45,55), 0, 1
(45,58), 0, 1
(45,93), 0, 1
(46,39), 0, 1
(46,48), 0, 1
(46,50), 0, 1
(46,51), 0, 1
(46,55), 0, 1
(46,58), 0, 1
(46,93), 0, 1
(47,4), 0, 1
(47,29), 0, 1
(47,39), 0, 1
(47,41), 0, 1
(47,48), 0, 1
(47,50), 0, 1
(47,51), 0, 1
(47,55), 0, 1
(47,58), 0, 1
(47,93), 0, 1
(48,16), 0, 1
(48,17), 0, 1
(48,18), 0, 1
(48,26), 0, 1
(48,69), 0, 1
(48,75), 0, 1
(49,16), 0, 1
(49,18), 0, 1
(49,27), 0, 1
(49,69), 0, 1
(49,75), 0, 1
(50,1), 0, 1
(50,2), 0, 1
(50,3), 0, 1
(50,4), 0, 1
(50,6), 0, 1
(50,11), 0, 1
(50,12), 0, 1
(50,13), 0, 1
(50,15), 0, 1
(50,17), 0, 1
(50,19), 0, 1
(50,20), 0, 1
(50,21), 0, 1
(50,22), 0, 1
(50,23), 0, 1
(50,26), 0, 1
(50,27), 0, 1
(50,30), 0, 1
(50,32), 0, 1
(50,33), 0, 1
(50,34), 0, 1
(50,35), 0, 1
(50,37), 0, 1
(50,38), 0, 1
(50,39), 0, 1
(50,40), 0, 1
(50,41), 0, 1
(50,43), 0, 1
(50,44), 0, 1
(50,45), 0, 1
(50,47), 0, 1
(50,48), 0, 1
(50,49), 0, 1
(50,51), 0, 1
(50,53), 0, 1
(50,54), 0, 1
(50,55), 0, 1
(50,56), 0, 1
(50,57), 0, 1
(50,58), 0, 1
(50,59), 0, 1
(50,60), 0, 1
(50,61), 0, 1
(50,62), 0, 1
(50,64), 0, 1
(50,66), 0, 1
(50,67), 0, 1
(50,68), 0, 1
(50,69), 0, 1
(50,71), 0, 1
(50,72), 0, 1
(50,73), 0, 1
(50,74), 0, 1
(50,75), 0, 1
(50,79), 0, 1
(50,80), 0, 1
(50,81), 0, 1
(50,82), 0, 1
(50,83), 0, 1
(50,85), 0, 1
(50,87), 0, 1
(50,89), 0, 1
(50,90), 0, 1
(50,91), 0, 1
(50,92), 0, 1
(50,93), 0, 1
(50,94), 0, 1
(51,1), 0, 1
(51,2), 0, 1
(51,3), 0, 1
(51,4), 0, 1
(51,6), 0, 1
(51,9), 0, 1
(51,11), 0, 1
(51,13), 0, 1
(51,14), 0, 1
(51,15), 0, 1
(51,16), 0, 1
(51,17), 0, 1
(51,18), 0, 1
(51,19), 0, 1
(51,20), 0, 1
(51,21), 0, 1
(51,22), 0, 1
(51,23), 0, 1
(51,26), 0, 1
(51,28), 0, 1
(51,30), 0, 1
(51,32), 0, 1
(51,33), 0, 1
(51,34), 0, 1
(51,35), 0, 1
(51,37), 0, 1
(51,39), 0, 1
(51,40), 0, 1
(51,41), 0, 1
(51,42), 0, 1
(51,45), 0, 1
(51,47), 0, 1
(51,48), 0, 1
(51,49), 0, 1
(51,50), 0, 1
(51,53), 0, 1
(51,54), 0, 1
(51,56), 0, 1
(51,57), 0, 1
(51,58), 0, 1
(51,59), 0, 1
(51,61), 0, 1
(51,63), 0, 1
(51,64), 0, 1
(51,68), 0, 1
(51,69), 0, 1
(51,71), 0, 1
(51,72), 0, 1
(51,73), 0, 1
(51,74), 0, 1
(51,75), 0, 1
(51,78), 0, 1
(51,79), 0, 1
(51,80), 0, 1
(51,81), 0, 1
(51,82), 0, 1
(51,85), 0, 1
(51,86), 0, 1
(51,87), 0, 1
(51,88), 0, 1
(51,89), 0, 1
(51,90), 0, 1
(51,91), 0, 1
(51,92), 0, 1
(51,93), 0, 1
(51,94), 0, 1
(52,16), 0, 1
(52,17), 0, 1
(52,18), 0, 1
(52,26), 0, 1
(52,27), 0, 1
(52,69), 0, 1
(52,75), 0, 1
(53,4), 0, 1
(53,32), 0, 1
(53,39), 0, 1
(53,41), 0, 1
(53,48), 0, 1
(53,50), 0, 1
(53,51), 0, 1
(53,55), 0, 1
(53,58), 0, 1
(53,93), 0, 1
(54,4), 0, 1
(54,39), 0, 1
(54,48), 0, 1
(54,50), 0, 1
(54,51), 0, 1
(54,55), 0, 1
(54,58), 0, 1
(54,93), 0, 1
(55,17), 0, 1
(55,18), 0, 1
(55,26), 0, 1
(55,27), 0, 1
(55,69), 0, 1
(55,75), 0, 1
(56,16), 0, 1
(56,17), 0, 1
(56,18), 0, 1
(56,26), 0, 1
(56,27), 0, 1
(56,69), 0, 1
(56,75), 0, 1
(57,18), 0, 1
(57,26), 0, 1
(57,27), 0, 1
(57,69), 0, 1
(57,70), 0, 1
(58,16), 0, 1
(58,17), 0, 1
(58,18), 0, 1
(58,26), 0, 1
(58,27), 0, 1
(58,69), 0, 1
(58,75), 0, 1
(59,17), 0, 1
(59,18), 0, 1
(59,26), 0, 1
(59,69), 0, 1
(59,75), 0, 1
(60,16), 0, 1
(60,17), 0, 1
(60,18), 0, 1
(60,26), 0, 1
(60,69), 0, 1
(60,75), 0, 1
(61,16), 0, 1
(61,17), 0, 1
(61,18), 0, 1
(61,26), 0, 1
(61,27), 0, 1
(61,69), 0, 1
(61,75), 0, 1
(62,1), 0, 1
(62,2), 0, 1
(62,3), 0, 1
(62,4), 0, 1
(62,6), 0, 1
(62,10), 0, 1
(62,11), 0, 1
(62,12), 0, 1
(62,13), 0, 1
(62,14), 0, 1
(62,15), 0, 1
(62,16), 0, 1
(62,17), 0, 1
(62,18), 0, 1
(62,19), 0, 1
(62,20), 0, 1
(62,21), 0, 1
(62,22), 0, 1
(62,23), 0, 1
(62,24), 0, 1
(62,26), 0, 1
(62,27), 0, 1
(62,30), 0, 1
(62,33), 0, 1
(62,34), 0, 1
(62,35), 0, 1
(62,37), 0, 1
(62,38), 0, 1
(62,39), 0, 1
(62,40), 0, 1
(62,43), 0, 1
(62,44), 0, 1
(62,45), 0, 1
(62,48), 0, 1
(62,50), 0, 1
(62,51), 0, 1
(62,53), 0, 1
(62,54), 0, 1
(62,55), 0, 1
(62,56), 0, 1
(62,57), 0, 1
(62,58), 0, 1
(62,59), 0, 1
(62,60), 0, 1
(62,61), 0, 1
(62,64), 0, 1
(62,65), 0, 1
(62,66), 0, 1
(62,68), 0, 1
(62,69), 0, 1
(62,72), 0, 1
(62,74), 0, 1
(62,75), 0, 1
(62,78), 0, 1
(62,81), 0, 1
(62,82), 0, 1
(62,83), 0, 1
(62,85), 0, 1
(62,86), 0, 1
(62,87), 0, 1
(62,89), 0, 1
(62,90), 0, 1
(62,91), 0, 1
(62,92), 0, 1
(62,93), 0, 1
(62,94), 0, 1
(63,4), 0, 1
(63,39), 0, 1
(63,48), 0, 1
(63,51), 0, 1
(63,55), 0, 1
(63,58), 0, 1
(63,93), 0, 1
(64,4), 0, 1
(64,39), 0, 1
(64,48), 0, 1
(64,50), 0, 1
(64,55), 0, 1
(64,58), 0, 1
(65,16), 0, 1
(65,17), 0, 1
(65,18), 0, 1
(65,26), 0, 1
(65,27), 0, 1
(65,69), 0, 1
(65,75), 0, 1
(67,4), 0, 1
(67,39), 0, 1
(67,41), 0, 1
(67,48), 0, 1
(67,50), 0, 1
(67,55), 0, 1
(67,58), 0, 1
(67,93), 0, 1
(68,16), 0, 1
(68,18), 0, 1
(68,26), 0, 1
(68,27), 0, 1
(68,69), 0, 1
(69,1), 0, 1
(69,3), 0, 1
(69,4), 0, 1
(69,6), 0, 1
(69,9), 0, 1
(69,11), 0, 1
(69,12), 0, 1
(69,13), 0, 1
(69,14), 0, 1
(69,15), 0, 1
(69,16), 0, 1
(69,17), 0, 1
(69,18), 0, 1
(69,19), 0, 1
(69,20), 0, 1
(69,21), 0, 1
(69,22), 0, 1
(69,23), 0, 1
(69,25), 0, 1
(69,26), 0, 1
(69,30), 0, 1
(69,33), 0, 1
(69,34), 0, 1
(69,37), 0, 1
(69,39), 0, 1
(69,40), 0, 1
(69,41), 0, 1
(69,44), 0, 1
(69,45), 0, 1
(69,47), 0, 1
(69,49), 0, 1
(69,50), 0, 1
(69,51), 0, 1
(69,52), 0, 1
(69,53), 0, 1
(69,55), 0, 1
(69,56), 0, 1
(69,57), 0, 1
(69,58), 0, 1
(69,59), 0, 1
(69,60), 0, 1
(69,61), 0, 1
(69,62), 0, 1
(69,63), 0, 1
(69,64), 0, 1
(69,65), 0, 1
(69,66), 0, 1
(69,68), 0, 1
(69,71), 0, 1
(69,72), 0, 1
(69,73), 0, 1
(69,74), 0, 1
(69,75), 0, 1
(69,78), 0, 1
(69,79), 0, 1
(69,80), 0, 1
(69,81), 0, 1
(69,82), 0, 1
(69,83), 0, 1
(69,85), 0, 1
(69,87), 0, 1
(69,88), 0, 1
(69,89), 0, 1
(69,92), 0, 1
(69,93), 0, 1
(69,94), 0, 1
(70,16), 0, 1
(70,26), 0, 1
(70,27), 0, 1
(70,69), 0, 1
(70,75), 0, 1
(71,0), 0, 1
(71,1), 0, 1
(71,2), 0, 1
(71,3), 0, 1
(71,4), 0, 1
(71,6), 0, 1
(71,11), 0, 1
(71,12), 0, 1
(71,13), 0, 1
(71,14), 0, 1
(71,16), 0, 1
(71,18), 0, 1
(71,19), 0, 1
(71,20), 0, 1
(71,21), 0, 1
(71,22), 0, 1
(71,26), 0, 1
(71,27), 0, 1
(71,29), 0, 1
(71,30), 0, 1
(71,33), 0, 1
(71,34), 0, 1
(71,35), 0, 1
(71,37), 0, 1
(71,38), 0, 1
(71,39), 0, 1
(71,40), 0, 1
(71,44), 0, 1
(71,45), 0, 1
(71,47), 0, 1
(71,48), 0, 1
(71,49), 0, 1
(71,50), 0, 1
(71,51), 0, 1
(71,52), 0, 1
(71,54), 0, 1
(71,55), 0, 1
(71,56), 0, 1
(71,57), 0, 1
(71,58), 0, 1
(71,59), 0, 1
(71,60), 0, 1
(71,61), 0, 1
(71,62), 0, 1
(71,63), 0, 1
(71,64), 0, 1
(71,72), 0, 1
(71,73), 0, 1
(71,74), 0, 1
(71,75), 0, 1
(71,79), 0, 1
(71,80), 0, 1
(71,81), 0, 1
(71,82), 0, 1
(71,83), 0, 1
(71,85), 0, 1
(71,86), 0, 1
(71,87), 0, 1
(71,88), 0, 1
(71,89), 0, 1
(71,90), 0, 1
(71,92), 0, 1
(71,93), 0, 1
(71,94), 0, 1
(72,16), 0, 1
(72,17), 0, 1
(72,26), 0, 1
(72,27), 0, 1
(72,69), 0, 1
(73,16), 0, 1
(73,17), 0, 1
(73,26), 0, 1
(73,27), 0, 1
(73,69), 0, 1
(73,75), 0, 1
(75,4), 0, 1
(75,39), 0, 1
(75,48), 0, 1
(75,50), 0, 1
(75,55), 0, 1
(75,58), 0, 1
(75,93), 0, 1
(76,4), 0, 1
(76,39), 0, 1
(76,41), 0, 1
(76,50), 0, 1
(76,55), 0, 1
(76,58), 0, 1
(76,93), 0, 1
(77,16), 0, 1
(77,17), 0, 1
(77,18), 0, 1
(77,26), 0, 1
(77,69), 0, 1
(77,75), 0, 1
(78,4), 0, 1
(78,39), 0, 1
(78,48), 0, 1
(78,50), 0, 1
(78,55), 0, 1
(78,58), 0, 1
(79,16), 0, 1
(79,17), 0, 1
(79,18), 0, 1
(79,26), 0, 1
(79,69), 0, 1
(79,75), 0, 1
(80,4), 0, 1
(80,39), 0, 1
(80,48), 0, 1
(80,50), 0, 1
(80,55), 0, 1
(80,58), 0, 1
(81,16), 0, 1
(81,17), 0, 1
(81,26), 0, 1
(81,27), 0, 1
(81,69), 0, 1
(81,75), 0, 1
(82,17), 0, 1
(82,18), 0, 1
(82,26), 0, 1
(82,27), 0, 1
(82,36), 0, 1
(82,70), 0, 1
(84,16), 0, 1
(84,18), 0, 1
(84,26), 0, 1
(84,27), 0, 1
(84,69), 0, 1
(84,75), 0, 1
(85,16), 0, 1
(85,17), 0, 1
(85,26), 0, 1
(85,75), 0, 1
(86,17), 0, 1
(86,18), 0, 1
(86,26), 0, 1
(86,27), 0, 1
(86,36), 0, 1
(86,69), 0, 1
(86,75), 0, 1
(87,17), 0, 1
(87,18), 0, 1
(87,26), 0, 1
(87,27), 0, 1
(87,69), 0, 1
(87,75), 0, 1
(88,16), 0, 1
(88,17), 0, 1
(88,26), 0, 1
(88,69), 0, 1
(88,75), 0, 1
(89,4), 0, 1
(89,39), 0, 1
(89,41), 0, 1
(89,48), 0, 1
(89,50), 0, 1
(89,51), 0, 1
(89,55), 0, 1
(89,58), 0, 1
(90,16), 0, 1
(90,17), 0, 1
(90,18), 0, 1
(90,26), 0, 1
(90,27), 0, 1
(90,46), 0, 1
(90,69), 0, 1
(90,75), 0, 1
(91,17), 0, 1
(91,18), 0, 1
(91,26), 0, 1
(91,27), 0, 1
(91,69), 0, 1
(91,75), 0, 1
(92,17), 0, 1
(92,26), 0, 1
(92,69), 0, 1
(92,75), 0, 1
(93,16), 0, 1
(93,18), 0, 1
(93,26), 0, 1
(93,27), 0, 1
(93,69), 0, 1
(93,75), 0, 1
(94,16), 0, 1
(94,17), 0, 1
(94,18), 0, 1
(94,26), 0, 1
(94,27), 0, 1
(94,69), 0, 1
(94,75), 0, 1
(95,16), 0, 1
(95,17), 0, 1
(95,18), 0, 1
(95,26), 0, 1
(95,27), 0, 1
(95,36), 0, 1
(95,69), 0, 1
(95,70), 0, 1
(95,75), 0, 1
(96,1), 0, 1
(96,2), 0, 1
(96,3), 0, 1
(96,4), 0, 1
(96,6), 0, 1
(96,11), 0, 1
(96,12), 0, 1
(96,13), 0, 1
(96,14), 0, 1
(96,15), 0, 1
(96,16), 0, 1
(96,17), 0, 1
(96,18), 0, 1
(96,19), 0, 1
(96,20), 0, 1
(96,21), 0, 1
(96,22), 0, 1
(96,23), 0, 1
(96,25), 0, 1
(96,26), 0, 1
(96,30), 0, 1
(96,33), 0, 1
(96,34), 0, 1
(96,35), 0, 1
(96,37), 0, 1
(96,39), 0, 1
(96,40), 0, 1
(96,41), 0, 1
(96,44), 0, 1
(96,45), 0, 1
(96,47), 0, 1
(96,48), 0, 1
(96,50), 0, 1
(96,51), 0, 1
(96,52), 0, 1
(96,53), 0, 1
(96,54), 0, 1
(96,55), 0, 1
(96,56), 0, 1
(96,58), 0, 1
(96,59), 0, 1
(96,60), 0, 1
(96,61), 0, 1
(96,62), 0, 1
(96,63), 0, 1
(96,64), 0, 1
(96,65), 0, 1
(96,68), 0, 1
(96,69), 0, 1
(96,71), 0, 1
(96,72), 0, 1
(96,73), 0, 1
(96,74), 0, 1
(96,75), 0, 1
(96,78), 0, 1
(96,81), 0, 1
(96,82), 0, 1
(96,83), 0, 1
(96,85), 0, 1
(96,86), 0, 1
(96,87), 0, 1
(96,88), 0, 1
(96,89), 0, 1
(96,90), 0, 1
(96,91), 0, 1
(96,92), 0, 1
(96,93), 0, 1
(96,94), 0, 1
(97,16), 0, 1
(97,17), 0, 1
(97,18), 0, 1
(97,26), 0, 1
(97,27), 0, 1
(97,69), 0, 1
(97,75), 0, 1
(98,1), 0, 1
(98,2), 0, 1
(98,4), 0, 1
(98,6), 0, 1
(98,9), 0, 1
(98,11), 0, 1
(98,12), 0, 1
(98,13), 0, 1
(98,14), 0, 1
(98,15), 0, 1
(98,17), 0, 1
(98,19), 0, 1
(98,20), 0, 1
(98,21), 0, 1
(98,22), 0, 1
(98,23), 0, 1
(98,25), 0, 1
(98,26), 0, 1
(98,27), 0, 1
(98,28), 0, 1
(98,30), 0, 1
(98,31), 0, 1
(98,33), 0, 1
(98,34), 0, 1
(98,35), 0, 1
(98,38), 0, 1
(98,39), 0, 1
(98,40), 0, 1
(98,41), 0, 1
(98,44), 0, 1
(98,45), 0, 1
(98,47), 0, 1
(98,48), 0, 1
(98,49), 0, 1
(98,50), 0, 1
(98,51), 0, 1
(98,52), 0, 1
(98,53), 0, 1
(98,54), 0, 1
(98,55), 0, 1
(98,56), 0, 1
(98,57), 0, 1
(98,58), 0, 1
(98,59), 0, 1
(98,60), 0, 1
(98,62), 0, 1
(98,64), 0, 1
(98,65), 0, 1
(98,66), 0, 1
(98,68), 0, 1
(98,69), 0, 1
(98,71), 0, 1
(98,72), 0, 1
(98,73), 0, 1
(98,74), 0, 1
(98,75), 0, 1
(98,77), 0, 1
(98,78), 0, 1
(98,79), 0, 1
(98,80), 0, 1
(98,81), 0, 1
(98,82), 0, 1
(98,83), 0, 1
(98,86), 0, 1
(98,88), 0, 1
(98,89), 0, 1
(98,90), 0, 1
(98,92), 0, 1
(98,93), 0, 1
(98,94), 0, 1
(99,16), 0, 1
(99,17), 0, 1
(99,18), 0, 1
(99,26), 0, 1
(99,27), 0, 1
(99,69), 0, 1
(99,75), 0, 1
