Nr_Pairs = 93
Nr_NDD = 7
Nr_Arcs = 1858
0	0.1
1	0.32499999999999996
2	0.05
3	0.925
4	0.05
5	0.9
6	0.05
7	0.9
8	0.9
9	0.9
10	0.05
11	0.9
12	0.05
13	0.1
14	0.32499999999999996
15	0.05
16	0.05
17	0.05
18	0.05
19	0.2875000000000001
20	0.1
21	0.2875000000000001
22	0.9
23	0.925
24	0.9
25	0.32499999999999996
26	0.1
27	0.2875000000000001
28	0.05
29	0.925
30	0.2875000000000001
31	0.05
32	0.05
33	0.9
34	0.925
35	0.05
36	0.9
37	0.05
38	0.2875000000000001
39	0.925
40	0.9
41	0.05
42	0.2875000000000001
43	0.1
44	0.1
45	0.925
46	0.05
47	0.05
48	0.9
49	0.2875000000000001
50	0.05
51	0.32499999999999996
52	0.9
53	0.2875000000000001
54	0.05
55	0.1
56	0.2875000000000001
57	0.05
58	0.05
59	0.1
60	0.05
61	0.05
62	0.05
63	0.05
64	0.9
65	0.9
66	0.9
67	0.2875000000000001
68	0.05
69	0.05
70	0.05
71	0.1
72	0.1
73	0.2875000000000001
74	0.05
75	0.9
76	0.9
77	0.925
78	0.9
79	0.2875000000000001
80	0.1
81	0.05
82	0.05
83	0.05
84	0.05
85	0.05
86	0.9
87	0.1
88	0.05
89	0.05
90	0.05
91	0.9
92	0.9
93	0.0
94	0.0
95	0.0
96	0.0
97	0.0
98	0.0
99	0.0
(1,32), 0, 1
(2,9), 0, 1
(2,27), 0, 1
(2,32), 0, 1
(2,48), 0, 1
(3,0), 0, 1
(3,2), 0, 1
(3,4), 0, 1
(3,6), 0, 1
(3,10), 0, 1
(3,12), 0, 1
(3,13), 0, 1
(3,14), 0, 1
(3,15), 0, 1
(3,16), 0, 1
(3,17), 0, 1
(3,18), 0, 1
(3,19), 0, 1
(3,21), 0, 1
(3,24), 0, 1
(3,25), 0, 1
(3,26), 0, 1
(3,27), 0, 1
(3,28), 0, 1
(3,30), 0, 1
(3,32), 0, 1
(3,35), 0, 1
(3,37), 0, 1
(3,38), 0, 1
(3,41), 0, 1
(3,43), 0, 1
(3,46), 0, 1
(3,47), 0, 1
(3,50), 0, 1
(3,51), 0, 1
(3,53), 0, 1
(3,54), 0, 1
(3,55), 0, 1
(3,57), 0, 1
(3,58), 0, 1
(3,59), 0, 1
(3,60), 0, 1
(3,61), 0, 1
(3,62), 0, 1
(3,63), 0, 1
(3,65), 0, 1
(3,67), 0, 1
(3,68), 0, 1
(3,69), 0, 1
(3,71), 0, 1
(3,72), 0, 1
(3,73), 0, 1
(3,74), 0, 1
(3,75), 0, 1
(3,76), 0, 1
(3,78), 0, 1
(3,79), 0, 1
(3,80), 0, 1
(3,81), 0, 1
(3,82), 0, 1
(3,83), 0, 1
(3,84), 0, 1
(3,85), 0, 1
(3,87), 0, 1
(3,88), 0, 1
(3,89), 0, 1
(3,90), 0, 1
(4,22), 0, 1
(4,27), 0, 1
(4,32), 0, 1
(4,67), 0, 1
(5,0), 0, 1
(5,1), 0, 1
(5,2), 0, 1
(5,4), 0, 1
(5,10), 0, 1
(5,12), 0, 1
(5,15), 0, 1
(5,16), 0, 1
(5,17), 0, 1
(5,18), 0, 1
(5,19), 0, 1
(5,20), 0, 1
(5,28), 0, 1
(5,30), 0, 1
(5,31), 0, 1
(5,32), 0, 1
(5,35), 0, 1
(5,36), 0, 1
(5,37), 0, 1
(5,38), 0, 1
(5,41), 0, 1
(5,42), 0, 1
(5,43), 0, 1
(5,44), 0, 1
(5,46), 0, 1
(5,47), 0, 1
(5,48), 0, 1
(5,49), 0, 1
(5,50), 0, 1
(5,51), 0, 1
(5,53), 0, 1
(5,54), 0, 1
(5,55), 0, 1
(5,56), 0, 1
(5,57), 0, 1
(5,58), 0, 1
(5,60), 0, 1
(5,61), 0, 1
(5,62), 0, 1
(5,63), 0, 1
(5,64), 0, 1
(5,67), 0, 1
(5,68), 0, 1
(5,69), 0, 1
(5,70), 0, 1
(5,71), 0, 1
(5,72), 0, 1
(5,73), 0, 1
(5,74), 0, 1
(5,79), 0, 1
(5,80), 0, 1
(5,81), 0, 1
(5,82), 0, 1
(5,83), 0, 1
(5,84), 0, 1
(5,85), 0, 1
(5,86), 0, 1
(5,87), 0, 1
(5,88), 0, 1
(5,89), 0, 1
(7,15), 0, 1
(7,32), 0, 1
(7,33), 0, 1
(7,37), 0, 1
(7,41), 0, 1
(7,43), 0, 1
(7,47), 0, 1
(7,50), 0, 1
(7,56), 0, 1
(7,81), 0, 1
(7,88), 0, 1
(8,32), 0, 1
(9,0), 0, 1
(9,1), 0, 1
(9,2), 0, 1
(9,4), 0, 1
(9,6), 0, 1
(9,10), 0, 1
(9,12), 0, 1
(9,13), 0, 1
(9,14), 0, 1
(9,15), 0, 1
(9,16), 0, 1
(9,17), 0, 1
(9,18), 0, 1
(9,20), 0, 1
(9,21), 0, 1
(9,26), 0, 1
(9,27), 0, 1
(9,28), 0, 1
(9,30), 0, 1
(9,31), 0, 1
(9,32), 0, 1
(9,34), 0, 1
(9,35), 0, 1
(9,37), 0, 1
(9,41), 0, 1
(9,43), 0, 1
(9,44), 0, 1
(9,46), 0, 1
(9,47), 0, 1
(9,49), 0, 1
(9,50), 0, 1
(9,53), 0, 1
(9,54), 0, 1
(9,55), 0, 1
(9,57), 0, 1
(9,58), 0, 1
(9,59), 0, 1
(9,60), 0, 1
(9,61), 0, 1
(9,62), 0, 1
(9,68), 0, 1
(9,69), 0, 1
(9,70), 0, 1
(9,71), 0, 1
(9,72), 0, 1
(9,73), 0, 1
(9,74), 0, 1
(9,80), 0, 1
(9,81), 0, 1
(9,82), 0, 1
(9,83), 0, 1
(9,84), 0, 1
(9,85), 0, 1
(9,86), 0, 1
(9,87), 0, 1
(9,88), 0, 1
(9,89), 0, 1
(9,90), 0, 1
(10,15), 0, 1
(10,32), 0, 1
(10,37), 0, 1
(10,41), 0, 1
(10,43), 0, 1
(10,47), 0, 1
(10,50), 0, 1
(10,56), 0, 1
(10,62), 0, 1
(10,81), 0, 1
(10,88), 0, 1
(11,15), 0, 1
(11,32), 0, 1
(11,37), 0, 1
(11,41), 0, 1
(11,43), 0, 1
(11,47), 0, 1
(11,50), 0, 1
(11,56), 0, 1
(11,62), 0, 1
(11,81), 0, 1
(11,88), 0, 1
(12,22), 0, 1
(12,32), 0, 1
(13,27), 0, 1
(13,32), 0, 1
(13,67), 0, 1
(13,86), 0, 1
(14,0), 0, 1
(14,1), 0, 1
(14,2), 0, 1
(14,4), 0, 1
(14,6), 0, 1
(14,10), 0, 1
(14,12), 0, 1
(14,15), 0, 1
(14,16), 0, 1
(14,17), 0, 1
(14,18), 0, 1
(14,19), 0, 1
(14,20), 0, 1
(14,24), 0, 1
(14,26), 0, 1
(14,27), 0, 1
(14,28), 0, 1
(14,30), 0, 1
(14,31), 0, 1
(14,32), 0, 1
(14,35), 0, 1
(14,37), 0, 1
(14,41), 0, 1
(14,42), 0, 1
(14,43), 0, 1
(14,46), 0, 1
(14,47), 0, 1
(14,49), 0, 1
(14,50), 0, 1
(14,51), 0, 1
(14,53), 0, 1
(14,54), 0, 1
(14,55), 0, 1
(14,56), 0, 1
(14,57), 0, 1
(14,58), 0, 1
(14,60), 0, 1
(14,61), 0, 1
(14,62), 0, 1
(14,63), 0, 1
(14,68), 0, 1
(14,70), 0, 1
(14,71), 0, 1
(14,72), 0, 1
(14,74), 0, 1
(14,80), 0, 1
(14,81), 0, 1
(14,82), 0, 1
(14,83), 0, 1
(14,84), 0, 1
(14,85), 0, 1
(14,87), 0, 1
(14,88), 0, 1
(14,89), 0, 1
(14,90), 0, 1
(15,9), 0, 1
(15,32), 0, 1
(15,67), 0, 1
(16,1), 0, 1
(16,15), 0, 1
(16,32), 0, 1
(16,33), 0, 1
(16,37), 0, 1
(16,41), 0, 1
(16,43), 0, 1
(16,47), 0, 1
(16,50), 0, 1
(16,56), 0, 1
(16,62), 0, 1
(16,81), 0, 1
(16,88), 0, 1
(17,27), 0, 1
(17,32), 0, 1
(17,67), 0, 1
(18,27), 0, 1
(18,32), 0, 1
(18,34), 0, 1
(18,52), 0, 1
(18,86), 0, 1
(19,27), 0, 1
(19,32), 0, 1
(19,34), 0, 1
(19,48), 0, 1
(20,27), 0, 1
(20,32), 0, 1
(21,1), 0, 1
(21,15), 0, 1
(21,32), 0, 1
(21,33), 0, 1
(21,37), 0, 1
(21,41), 0, 1
(21,43), 0, 1
(21,47), 0, 1
(21,50), 0, 1
(21,56), 0, 1
(21,62), 0, 1
(21,75), 0, 1
(21,81), 0, 1
(21,88), 0, 1
(22,15), 0, 1
(22,32), 0, 1
(22,37), 0, 1
(22,41), 0, 1
(22,43), 0, 1
(22,47), 0, 1
(22,50), 0, 1
(22,56), 0, 1
(22,62), 0, 1
(22,65), 0, 1
(22,81), 0, 1
(22,88), 0, 1
(23,27), 0, 1
(23,32), 0, 1
(23,40), 0, 1
(23,67), 0, 1
(23,86), 0, 1
(24,27), 0, 1
(24,32), 0, 1
(24,52), 0, 1
(24,67), 0, 1
(25,15), 0, 1
(25,32), 0, 1
(25,37), 0, 1
(25,41), 0, 1
(25,43), 0, 1
(25,47), 0, 1
(25,50), 0, 1
(25,56), 0, 1
(25,62), 0, 1
(25,81), 0, 1
(25,88), 0, 1
(26,32), 0, 1
(26,39), 0, 1
(26,67), 0, 1
(26,86), 0, 1
(27,15), 0, 1
(27,32), 0, 1
(27,37), 0, 1
(27,41), 0, 1
(27,43), 0, 1
(27,47), 0, 1
(27,50), 0, 1
(27,56), 0, 1
(27,62), 0, 1
(27,81), 0, 1
(27,88), 0, 1
(28,32), 0, 1
(29,9), 0, 1
(29,27), 0, 1
(29,32), 0, 1
(29,52), 0, 1
(29,67), 0, 1
(30,27), 0, 1
(30,32), 0, 1
(31,1), 0, 1
(31,15), 0, 1
(31,32), 0, 1
(31,37), 0, 1
(31,43), 0, 1
(31,47), 0, 1
(31,50), 0, 1
(31,56), 0, 1
(31,62), 0, 1
(31,81), 0, 1
(31,88), 0, 1
(32,39), 0, 1
(32,48), 0, 1
(32,67), 0, 1
(33,27), 0, 1
(33,32), 0, 1
(34,1), 0, 1
(34,32), 0, 1
(34,41), 0, 1
(34,43), 0, 1
(34,47), 0, 1
(34,50), 0, 1
(34,56), 0, 1
(34,62), 0, 1
(34,81), 0, 1
(34,88), 0, 1
(35,1), 0, 1
(35,15), 0, 1
(35,32), 0, 1
(35,37), 0, 1
(35,43), 0, 1
(35,47), 0, 1
(35,50), 0, 1
(35,56), 0, 1
(35,62), 0, 1
(35,75), 0, 1
(35,81), 0, 1
(36,2), 0, 1
(36,4), 0, 1
(36,5), 0, 1
(36,6), 0, 1
(36,10), 0, 1
(36,12), 0, 1
(36,13), 0, 1
(36,15), 0, 1
(36,16), 0, 1
(36,18), 0, 1
(36,19), 0, 1
(36,20), 0, 1
(36,21), 0, 1
(36,26), 0, 1
(36,28), 0, 1
(36,31), 0, 1
(36,32), 0, 1
(36,33), 0, 1
(36,35), 0, 1
(36,37), 0, 1
(36,41), 0, 1
(36,43), 0, 1
(36,44), 0, 1
(36,46), 0, 1
(36,47), 0, 1
(36,49), 0, 1
(36,50), 0, 1
(36,51), 0, 1
(36,53), 0, 1
(36,54), 0, 1
(36,55), 0, 1
(36,56), 0, 1
(36,57), 0, 1
(36,58), 0, 1
(36,59), 0, 1
(36,60), 0, 1
(36,61), 0, 1
(36,62), 0, 1
(36,63), 0, 1
(36,67), 0, 1
(36,68), 0, 1
(36,69), 0, 1
(36,70), 0, 1
(36,71), 0, 1
(36,72), 0, 1
(36,74), 0, 1
(36,79), 0, 1
(36,80), 0, 1
(36,81), 0, 1
(36,83), 0, 1
(36,84), 0, 1
(36,85), 0, 1
(36,87), 0, 1
(36,88), 0, 1
(36,89), 0, 1
(36,90), 0, 1
(37,27), 0, 1
(37,32), 0, 1
(38,0), 0, 1
(38,1), 0, 1
(38,2), 0, 1
(38,4), 0, 1
(38,6), 0, 1
(38,7), 0, 1
(38,10), 0, 1
(38,12), 0, 1
(38,13), 0, 1
(38,14), 0, 1
(38,15), 0, 1
(38,16), 0, 1
(38,17), 0, 1
(38,18), 0, 1
(38,20), 0, 1
(38,25), 0, 1
(38,26), 0, 1
(38,28), 0, 1
(38,30), 0, 1
(38,31), 0, 1
(38,32), 0, 1
(38,35), 0, 1
(38,37), 0, 1
(38,40), 0, 1
(38,41), 0, 1
(38,42), 0, 1
(38,43), 0, 1
(38,44), 0, 1
(38,46), 0, 1
(38,49), 0, 1
(38,50), 0, 1
(38,54), 0, 1
(38,55), 0, 1
(38,56), 0, 1
(38,58), 0, 1
(38,59), 0, 1
(38,60), 0, 1
(38,62), 0, 1
(38,63), 0, 1
(38,67), 0, 1
(38,68), 0, 1
(38,69), 0, 1
(38,71), 0, 1
(38,72), 0, 1
(38,73), 0, 1
(38,74), 0, 1
(38,75), 0, 1
(38,80), 0, 1
(38,81), 0, 1
(38,82), 0, 1
(38,83), 0, 1
(38,84), 0, 1
(38,85), 0, 1
(38,87), 0, 1
(38,88), 0, 1
(38,89), 0, 1
(38,90), 0, 1
(39,1), 0, 1
(39,15), 0, 1
(39,32), 0, 1
(39,37), 0, 1
(39,41), 0, 1
(39,43), 0, 1
(39,47), 0, 1
(39,50), 0, 1
(39,56), 0, 1
(39,62), 0, 1
(39,81), 0, 1
(39,88), 0, 1
(40,0), 0, 1
(40,2), 0, 1
(40,4), 0, 1
(40,6), 0, 1
(40,9), 0, 1
(40,10), 0, 1
(40,11), 0, 1
(40,12), 0, 1
(40,13), 0, 1
(40,14), 0, 1
(40,15), 0, 1
(40,16), 0, 1
(40,17), 0, 1
(40,18), 0, 1
(40,19), 0, 1
(40,20), 0, 1
(40,21), 0, 1
(40,25), 0, 1
(40,26), 0, 1
(40,28), 0, 1
(40,29), 0, 1
(40,30), 0, 1
(40,31), 0, 1
(40,32), 0, 1
(40,35), 0, 1
(40,38), 0, 1
(40,41), 0, 1
(40,43), 0, 1
(40,44), 0, 1
(40,46), 0, 1
(40,49), 0, 1
(40,50), 0, 1
(40,51), 0, 1
(40,54), 0, 1
(40,55), 0, 1
(40,57), 0, 1
(40,58), 0, 1
(40,59), 0, 1
(40,60), 0, 1
(40,61), 0, 1
(40,62), 0, 1
(40,63), 0, 1
(40,66), 0, 1
(40,68), 0, 1
(40,69), 0, 1
(40,70), 0, 1
(40,71), 0, 1
(40,72), 0, 1
(40,73), 0, 1
(40,74), 0, 1
(40,79), 0, 1
(40,80), 0, 1
(40,81), 0, 1
(40,82), 0, 1
(40,83), 0, 1
(40,84), 0, 1
(40,85), 0, 1
(40,87), 0, 1
(40,88), 0, 1
(40,89), 0, 1
(40,90), 0, 1
(40,91), 0, 1
(41,32), 0, 1
(42,0), 0, 1
(42,1), 0, 1
(42,2), 0, 1
(42,4), 0, 1
(42,6), 0, 1
(42,10), 0, 1
(42,12), 0, 1
(42,13), 0, 1
(42,14), 0, 1
(42,15), 0, 1
(42,16), 0, 1
(42,19), 0, 1
(42,20), 0, 1
(42,21), 0, 1
(42,22), 0, 1
(42,25), 0, 1
(42,26), 0, 1
(42,28), 0, 1
(42,30), 0, 1
(42,31), 0, 1
(42,32), 0, 1
(42,35), 0, 1
(42,37), 0, 1
(42,38), 0, 1
(42,41), 0, 1
(42,43), 0, 1
(42,46), 0, 1
(42,47), 0, 1
(42,49), 0, 1
(42,50), 0, 1
(42,51), 0, 1
(42,54), 0, 1
(42,55), 0, 1
(42,57), 0, 1
(42,58), 0, 1
(42,59), 0, 1
(42,60), 0, 1
(42,61), 0, 1
(42,63), 0, 1
(42,67), 0, 1
(42,68), 0, 1
(42,69), 0, 1
(42,70), 0, 1
(42,71), 0, 1
(42,72), 0, 1
(42,73), 0, 1
(42,74), 0, 1
(42,79), 0, 1
(42,80), 0, 1
(42,81), 0, 1
(42,82), 0, 1
(42,83), 0, 1
(42,84), 0, 1
(42,85), 0, 1
(42,88), 0, 1
(42,89), 0, 1
(42,90), 0, 1
(42,92), 0, 1
(43,32), 0, 1
(43,39), 0, 1
(43,67), 0, 1
(44,0), 0, 1
(44,1), 0, 1
(44,2), 0, 1
(44,4), 0, 1
(44,6), 0, 1
(44,10), 0, 1
(44,12), 0, 1
(44,13), 0, 1
(44,14), 0, 1
(44,15), 0, 1
(44,16), 0, 1
(44,17), 0, 1
(44,18), 0, 1
(44,19), 0, 1
(44,20), 0, 1
(44,21), 0, 1
(44,25), 0, 1
(44,26), 0, 1
(44,27), 0, 1
(44,28), 0, 1
(44,30), 0, 1
(44,31), 0, 1
(44,32), 0, 1
(44,33), 0, 1
(44,35), 0, 1
(44,37), 0, 1
(44,40), 0, 1
(44,41), 0, 1
(44,42), 0, 1
(44,43), 0, 1
(44,46), 0, 1
(44,47), 0, 1
(44,49), 0, 1
(44,50), 0, 1
(44,51), 0, 1
(44,53), 0, 1
(44,54), 0, 1
(44,55), 0, 1
(44,56), 0, 1
(44,57), 0, 1
(44,58), 0, 1
(44,59), 0, 1
(44,60), 0, 1
(44,61), 0, 1
(44,63), 0, 1
(44,66), 0, 1
(44,68), 0, 1
(44,69), 0, 1
(44,70), 0, 1
(44,71), 0, 1
(44,72), 0, 1
(44,73), 0, 1
(44,74), 0, 1
(44,79), 0, 1
(44,80), 0, 1
(44,81), 0, 1
(44,82), 0, 1
(44,83), 0, 1
(44,84), 0, 1
(44,85), 0, 1
(44,87), 0, 1
(44,88), 0, 1
(44,89), 0, 1
(44,90), 0, 1
(45,0), 0, 1
(45,1), 0, 1
(45,2), 0, 1
(45,4), 0, 1
(45,6), 0, 1
(45,10), 0, 1
(45,12), 0, 1
(45,15), 0, 1
(45,16), 0, 1
(45,17), 0, 1
(45,18), 0, 1
(45,19), 0, 1
(45,21), 0, 1
(45,25), 0, 1
(45,27), 0, 1
(45,28), 0, 1
(45,30), 0, 1
(45,31), 0, 1
(45,32), 0, 1
(45,35), 0, 1
(45,37), 0, 1
(45,41), 0, 1
(45,42), 0, 1
(45,43), 0, 1
(45,44), 0, 1
(45,46), 0, 1
(45,47), 0, 1
(45,49), 0, 1
(45,50), 0, 1
(45,51), 0, 1
(45,53), 0, 1
(45,54), 0, 1
(45,55), 0, 1
(45,57), 0, 1
(45,58), 0, 1
(45,60), 0, 1
(45,62), 0, 1
(45,63), 0, 1
(45,67), 0, 1
(45,68), 0, 1
(45,69), 0, 1
(45,70), 0, 1
(45,71), 0, 1
(45,72), 0, 1
(45,73), 0, 1
(45,77), 0, 1
(45,79), 0, 1
(45,80), 0, 1
(45,81), 0, 1
(45,82), 0, 1
(45,83), 0, 1
(45,84), 0, 1
(45,85), 0, 1
(45,86), 0, 1
(45,87), 0, 1
(45,89), 0, 1
(45,90), 0, 1
(45,91), 0, 1
(46,32), 0, 1
(46,67), 0, 1
(46,77), 0, 1
(47,27), 0, 1
(47,48), 0, 1
(47,86), 0, 1
(48,1), 0, 1
(48,2), 0, 1
(48,4), 0, 1
(48,6), 0, 1
(48,7), 0, 1
(48,10), 0, 1
(48,12), 0, 1
(48,13), 0, 1
(48,15), 0, 1
(48,16), 0, 1
(48,17), 0, 1
(48,18), 0, 1
(48,20), 0, 1
(48,25), 0, 1
(48,26), 0, 1
(48,28), 0, 1
(48,31), 0, 1
(48,32), 0, 1
(48,33), 0, 1
(48,35), 0, 1
(48,37), 0, 1
(48,38), 0, 1
(48,41), 0, 1
(48,43), 0, 1
(48,44), 0, 1
(48,46), 0, 1
(48,47), 0, 1
(48,49), 0, 1
(48,50), 0, 1
(48,51), 0, 1
(48,54), 0, 1
(48,55), 0, 1
(48,56), 0, 1
(48,57), 0, 1
(48,58), 0, 1
(48,59), 0, 1
(48,60), 0, 1
(48,61), 0, 1
(48,62), 0, 1
(48,63), 0, 1
(48,66), 0, 1
(48,68), 0, 1
(48,69), 0, 1
(48,70), 0, 1
(48,71), 0, 1
(48,72), 0, 1
(48,73), 0, 1
(48,74), 0, 1
(48,79), 0, 1
(48,80), 0, 1
(48,81), 0, 1
(48,82), 0, 1
(48,83), 0, 1
(48,84), 0, 1
(48,87), 0, 1
(48,88), 0, 1
(48,89), 0, 1
(48,90), 0, 1
(49,27), 0, 1
(49,32), 0, 1
(50,32), 0, 1
(51,1), 0, 1
(51,15), 0, 1
(51,32), 0, 1
(51,37), 0, 1
(51,41), 0, 1
(51,43), 0, 1
(51,47), 0, 1
(51,50), 0, 1
(51,62), 0, 1
(51,81), 0, 1
(51,88), 0, 1
(52,15), 0, 1
(52,32), 0, 1
(52,37), 0, 1
(52,41), 0, 1
(52,43), 0, 1
(52,47), 0, 1
(52,50), 0, 1
(52,56), 0, 1
(52,62), 0, 1
(52,81), 0, 1
(52,88), 0, 1
(53,27), 0, 1
(53,32), 0, 1
(53,67), 0, 1
(54,27), 0, 1
(54,32), 0, 1
(54,86), 0, 1
(55,27), 0, 1
(55,32), 0, 1
(55,34), 0, 1
(55,67), 0, 1
(55,77), 0, 1
(56,0), 0, 1
(56,1), 0, 1
(56,2), 0, 1
(56,6), 0, 1
(56,10), 0, 1
(56,12), 0, 1
(56,13), 0, 1
(56,14), 0, 1
(56,15), 0, 1
(56,16), 0, 1
(56,17), 0, 1
(56,18), 0, 1
(56,19), 0, 1
(56,20), 0, 1
(56,21), 0, 1
(56,25), 0, 1
(56,26), 0, 1
(56,27), 0, 1
(56,28), 0, 1
(56,29), 0, 1
(56,30), 0, 1
(56,31), 0, 1
(56,32), 0, 1
(56,35), 0, 1
(56,37), 0, 1
(56,41), 0, 1
(56,42), 0, 1
(56,43), 0, 1
(56,44), 0, 1
(56,46), 0, 1
(56,47), 0, 1
(56,49), 0, 1
(56,50), 0, 1
(56,53), 0, 1
(56,54), 0, 1
(56,55), 0, 1
(56,57), 0, 1
(56,58), 0, 1
(56,60), 0, 1
(56,61), 0, 1
(56,62), 0, 1
(56,63), 0, 1
(56,64), 0, 1
(56,68), 0, 1
(56,69), 0, 1
(56,71), 0, 1
(56,72), 0, 1
(56,73), 0, 1
(56,74), 0, 1
(56,77), 0, 1
(56,81), 0, 1
(56,82), 0, 1
(56,83), 0, 1
(56,84), 0, 1
(56,85), 0, 1
(56,87), 0, 1
(56,89), 0, 1
(56,90), 0, 1
(57,15), 0, 1
(57,32), 0, 1
(57,37), 0, 1
(57,41), 0, 1
(57,43), 0, 1
(57,47), 0, 1
(57,50), 0, 1
(57,56), 0, 1
(57,62), 0, 1
(57,81), 0, 1
(57,88), 0, 1
(58,27), 0, 1
(58,32), 0, 1
(58,40), 0, 1
(58,52), 0, 1
(58,86), 0, 1
(59,0), 0, 1
(59,2), 0, 1
(59,4), 0, 1
(59,6), 0, 1
(59,9), 0, 1
(59,10), 0, 1
(59,12), 0, 1
(59,13), 0, 1
(59,14), 0, 1
(59,15), 0, 1
(59,16), 0, 1
(59,17), 0, 1
(59,18), 0, 1
(59,19), 0, 1
(59,20), 0, 1
(59,21), 0, 1
(59,24), 0, 1
(59,25), 0, 1
(59,26), 0, 1
(59,27), 0, 1
(59,28), 0, 1
(59,30), 0, 1
(59,31), 0, 1
(59,32), 0, 1
(59,35), 0, 1
(59,37), 0, 1
(59,38), 0, 1
(59,41), 0, 1
(59,42), 0, 1
(59,43), 0, 1
(59,44), 0, 1
(59,46), 0, 1
(59,47), 0, 1
(59,49), 0, 1
(59,50), 0, 1
(59,51), 0, 1
(59,53), 0, 1
(59,54), 0, 1
(59,55), 0, 1
(59,56), 0, 1
(59,57), 0, 1
(59,58), 0, 1
(59,60), 0, 1
(59,61), 0, 1
(59,62), 0, 1
(59,63), 0, 1
(59,64), 0, 1
(59,67), 0, 1
(59,68), 0, 1
(59,69), 0, 1
(59,70), 0, 1
(59,71), 0, 1
(59,72), 0, 1
(59,73), 0, 1
(59,74), 0, 1
(59,76), 0, 1
(59,79), 0, 1
(59,80), 0, 1
(59,81), 0, 1
(59,82), 0, 1
(59,83), 0, 1
(59,84), 0, 1
(59,85), 0, 1
(59,87), 0, 1
(59,88), 0, 1
(59,89), 0, 1
(59,90), 0, 1
(60,1), 0, 1
(60,32), 0, 1
(60,37), 0, 1
(60,41), 0, 1
(60,47), 0, 1
(60,50), 0, 1
(60,62), 0, 1
(60,88), 0, 1
(61,32), 0, 1
(61,34), 0, 1
(61,67), 0, 1
(62,32), 0, 1
(62,67), 0, 1
(63,32), 0, 1
(63,48), 0, 1
(63,67), 0, 1
(64,0), 0, 1
(64,2), 0, 1
(64,4), 0, 1
(64,6), 0, 1
(64,10), 0, 1
(64,12), 0, 1
(64,13), 0, 1
(64,14), 0, 1
(64,15), 0, 1
(64,16), 0, 1
(64,18), 0, 1
(64,19), 0, 1
(64,20), 0, 1
(64,25), 0, 1
(64,26), 0, 1
(64,27), 0, 1
(64,28), 0, 1
(64,31), 0, 1
(64,32), 0, 1
(64,34), 0, 1
(64,35), 0, 1
(64,37), 0, 1
(64,38), 0, 1
(64,41), 0, 1
(64,42), 0, 1
(64,43), 0, 1
(64,44), 0, 1
(64,46), 0, 1
(64,47), 0, 1
(64,49), 0, 1
(64,50), 0, 1
(64,53), 0, 1
(64,54), 0, 1
(64,55), 0, 1
(64,56), 0, 1
(64,57), 0, 1
(64,58), 0, 1
(64,59), 0, 1
(64,61), 0, 1
(64,62), 0, 1
(64,63), 0, 1
(64,67), 0, 1
(64,68), 0, 1
(64,69), 0, 1
(64,70), 0, 1
(64,71), 0, 1
(64,72), 0, 1
(64,73), 0, 1
(64,74), 0, 1
(64,75), 0, 1
(64,76), 0, 1
(64,80), 0, 1
(64,81), 0, 1
(64,82), 0, 1
(64,83), 0, 1
(64,84), 0, 1
(64,85), 0, 1
(64,87), 0, 1
(64,88), 0, 1
(64,89), 0, 1
(64,90), 0, 1
(65,27), 0, 1
(65,32), 0, 1
(65,34), 0, 1
(65,52), 0, 1
(65,67), 0, 1
(66,1), 0, 1
(66,15), 0, 1
(66,32), 0, 1
(66,33), 0, 1
(66,37), 0, 1
(66,41), 0, 1
(66,43), 0, 1
(66,47), 0, 1
(66,50), 0, 1
(66,56), 0, 1
(66,62), 0, 1
(66,81), 0, 1
(66,88), 0, 1
(67,15), 0, 1
(67,32), 0, 1
(67,37), 0, 1
(67,41), 0, 1
(67,43), 0, 1
(67,47), 0, 1
(67,50), 0, 1
(67,56), 0, 1
(67,62), 0, 1
(67,81), 0, 1
(67,88), 0, 1
(68,32), 0, 1
(69,27), 0, 1
(69,32), 0, 1
(69,67), 0, 1
(70,15), 0, 1
(70,32), 0, 1
(70,33), 0, 1
(70,41), 0, 1
(70,47), 0, 1
(70,50), 0, 1
(70,56), 0, 1
(70,62), 0, 1
(70,81), 0, 1
(70,88), 0, 1
(71,27), 0, 1
(71,32), 0, 1
(71,67), 0, 1
(72,0), 0, 1
(72,2), 0, 1
(72,4), 0, 1
(72,6), 0, 1
(72,10), 0, 1
(72,12), 0, 1
(72,14), 0, 1
(72,15), 0, 1
(72,16), 0, 1
(72,17), 0, 1
(72,18), 0, 1
(72,19), 0, 1
(72,20), 0, 1
(72,26), 0, 1
(72,27), 0, 1
(72,28), 0, 1
(72,30), 0, 1
(72,31), 0, 1
(72,32), 0, 1
(72,35), 0, 1
(72,37), 0, 1
(72,41), 0, 1
(72,43), 0, 1
(72,44), 0, 1
(72,46), 0, 1
(72,47), 0, 1
(72,49), 0, 1
(72,50), 0, 1
(72,51), 0, 1
(72,54), 0, 1
(72,55), 0, 1
(72,56), 0, 1
(72,57), 0, 1
(72,58), 0, 1
(72,59), 0, 1
(72,60), 0, 1
(72,61), 0, 1
(72,62), 0, 1
(72,63), 0, 1
(72,68), 0, 1
(72,69), 0, 1
(72,70), 0, 1
(72,71), 0, 1
(72,73), 0, 1
(72,74), 0, 1
(72,78), 0, 1
(72,80), 0, 1
(72,81), 0, 1
(72,82), 0, 1
(72,83), 0, 1
(72,85), 0, 1
(72,87), 0, 1
(72,88), 0, 1
(72,89), 0, 1
(72,90), 0, 1
(72,92), 0, 1
(73,0), 0, 1
(73,1), 0, 1
(73,2), 0, 1
(73,4), 0, 1
(73,5), 0, 1
(73,6), 0, 1
(73,10), 0, 1
(73,12), 0, 1
(73,13), 0, 1
(73,14), 0, 1
(73,15), 0, 1
(73,16), 0, 1
(73,17), 0, 1
(73,18), 0, 1
(73,20), 0, 1
(73,21), 0, 1
(73,22), 0, 1
(73,25), 0, 1
(73,26), 0, 1
(73,27), 0, 1
(73,28), 0, 1
(73,31), 0, 1
(73,32), 0, 1
(73,35), 0, 1
(73,37), 0, 1
(73,38), 0, 1
(73,40), 0, 1
(73,41), 0, 1
(73,42), 0, 1
(73,43), 0, 1
(73,44), 0, 1
(73,46), 0, 1
(73,47), 0, 1
(73,50), 0, 1
(73,51), 0, 1
(73,53), 0, 1
(73,54), 0, 1
(73,55), 0, 1
(73,57), 0, 1
(73,58), 0, 1
(73,59), 0, 1
(73,60), 0, 1
(73,61), 0, 1
(73,62), 0, 1
(73,63), 0, 1
(73,68), 0, 1
(73,69), 0, 1
(73,70), 0, 1
(73,71), 0, 1
(73,72), 0, 1
(73,74), 0, 1
(73,80), 0, 1
(73,81), 0, 1
(73,82), 0, 1
(73,83), 0, 1
(73,85), 0, 1
(73,88), 0, 1
(73,89), 0, 1
(73,90), 0, 1
(73,92), 0, 1
(74,32), 0, 1
(74,67), 0, 1
(75,27), 0, 1
(75,32), 0, 1
(75,67), 0, 1
(76,0), 0, 1
(76,1), 0, 1
(76,2), 0, 1
(76,4), 0, 1
(76,5), 0, 1
(76,6), 0, 1
(76,10), 0, 1
(76,12), 0, 1
(76,15), 0, 1
(76,16), 0, 1
(76,17), 0, 1
(76,18), 0, 1
(76,19), 0, 1
(76,20), 0, 1
(76,21), 0, 1
(76,26), 0, 1
(76,28), 0, 1
(76,30), 0, 1
(76,31), 0, 1
(76,32), 0, 1
(76,35), 0, 1
(76,37), 0, 1
(76,38), 0, 1
(76,41), 0, 1
(76,42), 0, 1
(76,43), 0, 1
(76,44), 0, 1
(76,46), 0, 1
(76,47), 0, 1
(76,49), 0, 1
(76,50), 0, 1
(76,51), 0, 1
(76,53), 0, 1
(76,54), 0, 1
(76,55), 0, 1
(76,57), 0, 1
(76,58), 0, 1
(76,59), 0, 1
(76,60), 0, 1
(76,61), 0, 1
(76,62), 0, 1
(76,63), 0, 1
(76,68), 0, 1
(76,69), 0, 1
(76,70), 0, 1
(76,71), 0, 1
(76,72), 0, 1
(76,73), 0, 1
(76,74), 0, 1
(76,79), 0, 1
(76,80), 0, 1
(76,81), 0, 1
(76,82), 0, 1
(76,83), 0, 1
(76,84), 0, 1
(76,85), 0, 1
(76,87), 0, 1
(76,88), 0, 1
(76,89), 0, 1
(76,90), 0, 1
(77,0), 0, 1
(77,2), 0, 1
(77,4), 0, 1
(77,6), 0, 1
(77,7), 0, 1
(77,10), 0, 1
(77,11), 0, 1
(77,12), 0, 1
(77,13), 0, 1
(77,14), 0, 1
(77,15), 0, 1
(77,16), 0, 1
(77,17), 0, 1
(77,18), 0, 1
(77,19), 0, 1
(77,20), 0, 1
(77,21), 0, 1
(77,22), 0, 1
(77,28), 0, 1
(77,30), 0, 1
(77,31), 0, 1
(77,32), 0, 1
(77,37), 0, 1
(77,38), 0, 1
(77,41), 0, 1
(77,43), 0, 1
(77,44), 0, 1
(77,45), 0, 1
(77,46), 0, 1
(77,47), 0, 1
(77,49), 0, 1
(77,50), 0, 1
(77,53), 0, 1
(77,54), 0, 1
(77,55), 0, 1
(77,56), 0, 1
(77,57), 0, 1
(77,58), 0, 1
(77,59), 0, 1
(77,60), 0, 1
(77,61), 0, 1
(77,62), 0, 1
(77,63), 0, 1
(77,67), 0, 1
(77,68), 0, 1
(77,69), 0, 1
(77,70), 0, 1
(77,71), 0, 1
(77,72), 0, 1
(77,73), 0, 1
(77,74), 0, 1
(77,79), 0, 1
(77,80), 0, 1
(77,81), 0, 1
(77,82), 0, 1
(77,83), 0, 1
(77,84), 0, 1
(77,85), 0, 1
(77,87), 0, 1
(77,88), 0, 1
(77,89), 0, 1
(77,90), 0, 1
(78,32), 0, 1
(78,48), 0, 1
(78,52), 0, 1
(78,67), 0, 1
(79,9), 0, 1
(79,32), 0, 1
(79,67), 0, 1
(80,27), 0, 1
(80,32), 0, 1
(80,48), 0, 1
(81,32), 0, 1
(81,67), 0, 1
(82,27), 0, 1
(82,32), 0, 1
(82,39), 0, 1
(82,48), 0, 1
(82,67), 0, 1
(83,1), 0, 1
(83,15), 0, 1
(83,32), 0, 1
(83,37), 0, 1
(83,41), 0, 1
(83,43), 0, 1
(83,47), 0, 1
(83,50), 0, 1
(83,62), 0, 1
(83,81), 0, 1
(83,88), 0, 1
(84,27), 0, 1
(84,32), 0, 1
(84,67), 0, 1
(85,27), 0, 1
(85,32), 0, 1
(85,48), 0, 1
(85,52), 0, 1
(85,67), 0, 1
(86,0), 0, 1
(86,1), 0, 1
(86,3), 0, 1
(86,4), 0, 1
(86,6), 0, 1
(86,10), 0, 1
(86,11), 0, 1
(86,12), 0, 1
(86,13), 0, 1
(86,14), 0, 1
(86,15), 0, 1
(86,16), 0, 1
(86,17), 0, 1
(86,18), 0, 1
(86,19), 0, 1
(86,20), 0, 1
(86,21), 0, 1
(86,24), 0, 1
(86,25), 0, 1
(86,26), 0, 1
(86,28), 0, 1
(86,30), 0, 1
(86,31), 0, 1
(86,32), 0, 1
(86,37), 0, 1
(86,38), 0, 1
(86,41), 0, 1
(86,43), 0, 1
(86,44), 0, 1
(86,45), 0, 1
(86,46), 0, 1
(86,47), 0, 1
(86,48), 0, 1
(86,49), 0, 1
(86,51), 0, 1
(86,53), 0, 1
(86,54), 0, 1
(86,55), 0, 1
(86,56), 0, 1
(86,57), 0, 1
(86,58), 0, 1
(86,60), 0, 1
(86,61), 0, 1
(86,62), 0, 1
(86,63), 0, 1
(86,68), 0, 1
(86,69), 0, 1
(86,71), 0, 1
(86,72), 0, 1
(86,80), 0, 1
(86,82), 0, 1
(86,83), 0, 1
(86,84), 0, 1
(86,85), 0, 1
(86,87), 0, 1
(86,88), 0, 1
(86,89), 0, 1
(86,90), 0, 1
(87,27), 0, 1
(87,32), 0, 1
(88,32), 0, 1
(88,34), 0, 1
(88,67), 0, 1
(89,9), 0, 1
(89,27), 0, 1
(89,32), 0, 1
(89,67), 0, 1
(90,27), 0, 1
(90,32), 0, 1
(90,48), 0, 1
(91,32), 0, 1
(91,52), 0, 1
(91,67), 0, 1
(92,2), 0, 1
(92,4), 0, 1
(92,6), 0, 1
(92,8), 0, 1
(92,10), 0, 1
(92,12), 0, 1
(92,13), 0, 1
(92,15), 0, 1
(92,16), 0, 1
(92,17), 0, 1
(92,18), 0, 1
(92,20), 0, 1
(92,21), 0, 1
(92,25), 0, 1
(92,26), 0, 1
(92,27), 0, 1
(92,28), 0, 1
(92,31), 0, 1
(92,32), 0, 1
(92,35), 0, 1
(92,38), 0, 1
(92,41), 0, 1
(92,42), 0, 1
(92,44), 0, 1
(92,46), 0, 1
(92,47), 0, 1
(92,50), 0, 1
(92,51), 0, 1
(92,53), 0, 1
(92,54), 0, 1
(92,55), 0, 1
(92,57), 0, 1
(92,58), 0, 1
(92,61), 0, 1
(92,62), 0, 1
(92,63), 0, 1
(92,67), 0, 1
(92,68), 0, 1
(92,69), 0, 1
(92,70), 0, 1
(92,71), 0, 1
(92,72), 0, 1
(92,73), 0, 1
(92,74), 0, 1
(92,80), 0, 1
(92,81), 0, 1
(92,82), 0, 1
(92,83), 0, 1
(92,84), 0, 1
(92,85), 0, 1
(92,87), 0, 1
(92,88), 0, 1
(92,89), 0, 1
(92,90), 0, 1
(93,27), 0, 1
(93,32), 0, 1
(93,40), 0, 1
(93,52), 0, 1
(93,67), 0, 1
(94,0), 0, 1
(94,1), 0, 1
(94,2), 0, 1
(94,4), 0, 1
(94,6), 0, 1
(94,10), 0, 1
(94,12), 0, 1
(94,13), 0, 1
(94,15), 0, 1
(94,16), 0, 1
(94,17), 0, 1
(94,18), 0, 1
(94,20), 0, 1
(94,21), 0, 1
(94,26), 0, 1
(94,27), 0, 1
(94,28), 0, 1
(94,31), 0, 1
(94,32), 0, 1
(94,35), 0, 1
(94,37), 0, 1
(94,38), 0, 1
(94,41), 0, 1
(94,42), 0, 1
(94,43), 0, 1
(94,44), 0, 1
(94,46), 0, 1
(94,47), 0, 1
(94,50), 0, 1
(94,54), 0, 1
(94,55), 0, 1
(94,56), 0, 1
(94,57), 0, 1
(94,58), 0, 1
(94,59), 0, 1
(94,60), 0, 1
(94,61), 0, 1
(94,63), 0, 1
(94,68), 0, 1
(94,69), 0, 1
(94,70), 0, 1
(94,71), 0, 1
(94,72), 0, 1
(94,73), 0, 1
(94,74), 0, 1
(94,80), 0, 1
(94,81), 0, 1
(94,83), 0, 1
(94,84), 0, 1
(94,85), 0, 1
(94,87), 0, 1
(94,88), 0, 1
(94,89), 0, 1
(94,90), 0, 1
(95,0), 0, 1
(95,1), 0, 1
(95,2), 0, 1
(95,4), 0, 1
(95,6), 0, 1
(95,10), 0, 1
(95,12), 0, 1
(95,13), 0, 1
(95,14), 0, 1
(95,15), 0, 1
(95,16), 0, 1
(95,19), 0, 1
(95,20), 0, 1
(95,21), 0, 1
(95,25), 0, 1
(95,28), 0, 1
(95,30), 0, 1
(95,31), 0, 1
(95,32), 0, 1
(95,33), 0, 1
(95,35), 0, 1
(95,37), 0, 1
(95,38), 0, 1
(95,41), 0, 1
(95,42), 0, 1
(95,43), 0, 1
(95,44), 0, 1
(95,45), 0, 1
(95,46), 0, 1
(95,47), 0, 1
(95,50), 0, 1
(95,51), 0, 1
(95,54), 0, 1
(95,55), 0, 1
(95,56), 0, 1
(95,57), 0, 1
(95,58), 0, 1
(95,60), 0, 1
(95,61), 0, 1
(95,62), 0, 1
(95,63), 0, 1
(95,64), 0, 1
(95,67), 0, 1
(95,68), 0, 1
(95,69), 0, 1
(95,70), 0, 1
(95,73), 0, 1
(95,74), 0, 1
(95,79), 0, 1
(95,80), 0, 1
(95,81), 0, 1
(95,82), 0, 1
(95,83), 0, 1
(95,84), 0, 1
(95,85), 0, 1
(95,88), 0, 1
(95,89), 0, 1
(95,90), 0, 1
(95,92), 0, 1
(96,0), 0, 1
(96,2), 0, 1
(96,4), 0, 1
(96,6), 0, 1
(96,8), 0, 1
(96,10), 0, 1
(96,12), 0, 1
(96,13), 0, 1
(96,14), 0, 1
(96,15), 0, 1
(96,16), 0, 1
(96,17), 0, 1
(96,18), 0, 1
(96,20), 0, 1
(96,24), 0, 1
(96,26), 0, 1
(96,27), 0, 1
(96,28), 0, 1
(96,31), 0, 1
(96,32), 0, 1
(96,37), 0, 1
(96,41), 0, 1
(96,42), 0, 1
(96,43), 0, 1
(96,44), 0, 1
(96,46), 0, 1
(96,47), 0, 1
(96,49), 0, 1
(96,50), 0, 1
(96,51), 0, 1
(96,53), 0, 1
(96,54), 0, 1
(96,55), 0, 1
(96,56), 0, 1
(96,57), 0, 1
(96,58), 0, 1
(96,59), 0, 1
(96,60), 0, 1
(96,62), 0, 1
(96,63), 0, 1
(96,64), 0, 1
(96,67), 0, 1
(96,68), 0, 1
(96,69), 0, 1
(96,71), 0, 1
(96,72), 0, 1
(96,73), 0, 1
(96,74), 0, 1
(96,79), 0, 1
(96,80), 0, 1
(96,81), 0, 1
(96,82), 0, 1
(96,83), 0, 1
(96,85), 0, 1
(96,87), 0, 1
(96,88), 0, 1
(96,89), 0, 1
(96,90), 0, 1
(97,27), 0, 1
(97,32), 0, 1
(97,40), 0, 1
(97,48), 0, 1
(97,67), 0, 1
(98,0), 0, 1
(98,1), 0, 1
(98,2), 0, 1
(98,4), 0, 1
(98,6), 0, 1
(98,10), 0, 1
(98,12), 0, 1
(98,13), 0, 1
(98,14), 0, 1
(98,15), 0, 1
(98,16), 0, 1
(98,17), 0, 1
(98,18), 0, 1
(98,19), 0, 1
(98,20), 0, 1
(98,21), 0, 1
(98,26), 0, 1
(98,27), 0, 1
(98,28), 0, 1
(98,30), 0, 1
(98,35), 0, 1
(98,37), 0, 1
(98,41), 0, 1
(98,42), 0, 1
(98,43), 0, 1
(98,44), 0, 1
(98,46), 0, 1
(98,49), 0, 1
(98,50), 0, 1
(98,53), 0, 1
(98,54), 0, 1
(98,55), 0, 1
(98,57), 0, 1
(98,58), 0, 1
(98,59), 0, 1
(98,60), 0, 1
(98,62), 0, 1
(98,63), 0, 1
(98,67), 0, 1
(98,68), 0, 1
(98,69), 0, 1
(98,70), 0, 1
(98,71), 0, 1
(98,72), 0, 1
(98,73), 0, 1
(98,74), 0, 1
(98,78), 0, 1
(98,79), 0, 1
(98,80), 0, 1
(98,81), 0, 1
(98,83), 0, 1
(98,84), 0, 1
(98,85), 0, 1
(98,87), 0, 1
(98,88), 0, 1
(98,89), 0, 1
(98,90), 0, 1
(99,0), 0, 1
(99,2), 0, 1
(99,4), 0, 1
(99,6), 0, 1
(99,9), 0, 1
(99,10), 0, 1
(99,12), 0, 1
(99,13), 0, 1
(99,15), 0, 1
(99,16), 0, 1
(99,17), 0, 1
(99,18), 0, 1
(99,20), 0, 1
(99,22), 0, 1
(99,26), 0, 1
(99,27), 0, 1
(99,28), 0, 1
(99,30), 0, 1
(99,31), 0, 1
(99,32), 0, 1
(99,35), 0, 1
(99,37), 0, 1
(99,38), 0, 1
(99,41), 0, 1
(99,42), 0, 1
(99,43), 0, 1
(99,44), 0, 1
(99,47), 0, 1
(99,48), 0, 1
(99,49), 0, 1
(99,50), 0, 1
(99,51), 0, 1
(99,54), 0, 1
(99,55), 0, 1
(99,57), 0, 1
(99,59), 0, 1
(99,60), 0, 1
(99,61), 0, 1
(99,62), 0, 1
(99,68), 0, 1
(99,69), 0, 1
(99,70), 0, 1
(99,71), 0, 1
(99,72), 0, 1
(99,74), 0, 1
(99,75), 0, 1
(99,79), 0, 1
(99,80), 0, 1
(99,81), 0, 1
(99,82), 0, 1
(99,83), 0, 1
(99,84), 0, 1
(99,85), 0, 1
(99,87), 0, 1
(99,88), 0, 1
(99,89), 0, 1
(99,90), 0, 1
