Nr_Pairs = 92
Nr_NDD = 8
Nr_Arcs = 1728
0	0.05
1	0.05
2	0.05
3	0.1
4	0.05
5	0.05
6	0.2875000000000001
7	0.05
8	0.32499999999999996
9	0.925
10	0.05
11	0.1
12	0.05
13	0.05
14	0.9
15	0.05
16	0.32499999999999996
17	0.05
18	0.05
19	0.1
20	0.05
21	0.05
22	0.2875000000000001
23	0.1
24	0.1
25	0.1
26	0.925
27	0.1
28	0.05
29	0.05
30	0.925
31	0.32499999999999996
32	0.1
33	0.1
34	0.05
35	0.2875000000000001
36	0.2875000000000001
37	0.05
38	0.05
39	0.05
40	0.2875000000000001
41	0.2875000000000001
42	0.9
43	0.1
44	0.9
45	0.1
46	0.05
47	0.1
48	0.05
49	0.05
50	0.9
51	0.05
52	0.1
53	0.05
54	0.05
55	0.05
56	0.05
57	0.2875000000000001
58	0.05
59	0.9
60	0.05
61	0.05
62	0.05
63	0.1
64	0.05
65	0.9
66	0.1
67	0.05
68	0.05
69	0.32499999999999996
70	0.9
71	0.32499999999999996
72	0.2875000000000001
73	0.05
74	0.9
75	0.925
76	0.2875000000000001
77	0.9
78	0.9
79	0.1
80	0.05
81	0.1
82	0.2875000000000001
83	0.2875000000000001
84	0.1
85	0.2875000000000001
86	0.05
87	0.05
88	0.2875000000000001
89	0.05
90	0.2875000000000001
91	0.05
92	0.0
93	0.0
94	0.0
95	0.0
96	0.0
97	0.0
98	0.0
99	0.0
(0,46), 0, 1
(0,85), 0, 1
(1,46), 0, 1
(2,46), 0, 1
(2,85), 0, 1
(3,40), 0, 1
(3,56), 0, 1
(3,73), 0, 1
(3,78), 0, 1
(4,46), 0, 1
(4,85), 0, 1
(5,46), 0, 1
(5,85), 0, 1
(6,0), 0, 1
(6,1), 0, 1
(6,2), 0, 1
(6,4), 0, 1
(6,5), 0, 1
(6,7), 0, 1
(6,8), 0, 1
(6,11), 0, 1
(6,12), 0, 1
(6,13), 0, 1
(6,15), 0, 1
(6,17), 0, 1
(6,18), 0, 1
(6,19), 0, 1
(6,20), 0, 1
(6,22), 0, 1
(6,23), 0, 1
(6,24), 0, 1
(6,25), 0, 1
(6,26), 0, 1
(6,27), 0, 1
(6,28), 0, 1
(6,29), 0, 1
(6,31), 0, 1
(6,32), 0, 1
(6,33), 0, 1
(6,34), 0, 1
(6,35), 0, 1
(6,36), 0, 1
(6,37), 0, 1
(6,38), 0, 1
(6,39), 0, 1
(6,40), 0, 1
(6,41), 0, 1
(6,43), 0, 1
(6,45), 0, 1
(6,46), 0, 1
(6,47), 0, 1
(6,48), 0, 1
(6,49), 0, 1
(6,51), 0, 1
(6,53), 0, 1
(6,54), 0, 1
(6,55), 0, 1
(6,56), 0, 1
(6,57), 0, 1
(6,58), 0, 1
(6,60), 0, 1
(6,62), 0, 1
(6,63), 0, 1
(6,64), 0, 1
(6,67), 0, 1
(6,69), 0, 1
(6,70), 0, 1
(6,71), 0, 1
(6,72), 0, 1
(6,73), 0, 1
(6,79), 0, 1
(6,80), 0, 1
(6,81), 0, 1
(6,82), 0, 1
(6,83), 0, 1
(6,85), 0, 1
(6,86), 0, 1
(6,87), 0, 1
(6,88), 0, 1
(6,89), 0, 1
(6,90), 0, 1
(6,91), 0, 1
(7,46), 0, 1
(7,85), 0, 1
(8,0), 0, 1
(8,1), 0, 1
(8,2), 0, 1
(8,3), 0, 1
(8,4), 0, 1
(8,5), 0, 1
(8,7), 0, 1
(8,10), 0, 1
(8,11), 0, 1
(8,12), 0, 1
(8,13), 0, 1
(8,15), 0, 1
(8,16), 0, 1
(8,17), 0, 1
(8,18), 0, 1
(8,19), 0, 1
(8,20), 0, 1
(8,21), 0, 1
(8,22), 0, 1
(8,23), 0, 1
(8,24), 0, 1
(8,25), 0, 1
(8,26), 0, 1
(8,27), 0, 1
(8,28), 0, 1
(8,29), 0, 1
(8,30), 0, 1
(8,31), 0, 1
(8,33), 0, 1
(8,34), 0, 1
(8,35), 0, 1
(8,36), 0, 1
(8,37), 0, 1
(8,38), 0, 1
(8,39), 0, 1
(8,40), 0, 1
(8,41), 0, 1
(8,43), 0, 1
(8,45), 0, 1
(8,46), 0, 1
(8,47), 0, 1
(8,48), 0, 1
(8,49), 0, 1
(8,51), 0, 1
(8,52), 0, 1
(8,53), 0, 1
(8,55), 0, 1
(8,56), 0, 1
(8,60), 0, 1
(8,61), 0, 1
(8,62), 0, 1
(8,63), 0, 1
(8,64), 0, 1
(8,66), 0, 1
(8,67), 0, 1
(8,72), 0, 1
(8,73), 0, 1
(8,76), 0, 1
(8,80), 0, 1
(8,81), 0, 1
(8,82), 0, 1
(8,84), 0, 1
(8,85), 0, 1
(8,86), 0, 1
(8,87), 0, 1
(8,88), 0, 1
(8,89), 0, 1
(8,90), 0, 1
(9,0), 0, 1
(9,1), 0, 1
(9,2), 0, 1
(9,3), 0, 1
(9,4), 0, 1
(9,5), 0, 1
(9,6), 0, 1
(9,7), 0, 1
(9,10), 0, 1
(9,11), 0, 1
(9,12), 0, 1
(9,14), 0, 1
(9,15), 0, 1
(9,16), 0, 1
(9,17), 0, 1
(9,18), 0, 1
(9,19), 0, 1
(9,20), 0, 1
(9,21), 0, 1
(9,23), 0, 1
(9,24), 0, 1
(9,25), 0, 1
(9,27), 0, 1
(9,28), 0, 1
(9,29), 0, 1
(9,31), 0, 1
(9,32), 0, 1
(9,33), 0, 1
(9,34), 0, 1
(9,35), 0, 1
(9,36), 0, 1
(9,37), 0, 1
(9,38), 0, 1
(9,39), 0, 1
(9,40), 0, 1
(9,41), 0, 1
(9,43), 0, 1
(9,45), 0, 1
(9,46), 0, 1
(9,47), 0, 1
(9,48), 0, 1
(9,49), 0, 1
(9,51), 0, 1
(9,52), 0, 1
(9,53), 0, 1
(9,54), 0, 1
(9,55), 0, 1
(9,56), 0, 1
(9,58), 0, 1
(9,60), 0, 1
(9,61), 0, 1
(9,62), 0, 1
(9,63), 0, 1
(9,64), 0, 1
(9,66), 0, 1
(9,67), 0, 1
(9,68), 0, 1
(9,70), 0, 1
(9,71), 0, 1
(9,72), 0, 1
(9,79), 0, 1
(9,80), 0, 1
(9,81), 0, 1
(9,82), 0, 1
(9,84), 0, 1
(9,85), 0, 1
(9,86), 0, 1
(9,87), 0, 1
(9,88), 0, 1
(9,89), 0, 1
(9,90), 0, 1
(9,91), 0, 1
(10,46), 0, 1
(10,85), 0, 1
(11,0), 0, 1
(11,1), 0, 1
(11,2), 0, 1
(11,3), 0, 1
(11,4), 0, 1
(11,5), 0, 1
(11,7), 0, 1
(11,10), 0, 1
(11,12), 0, 1
(11,13), 0, 1
(11,15), 0, 1
(11,16), 0, 1
(11,17), 0, 1
(11,18), 0, 1
(11,19), 0, 1
(11,20), 0, 1
(11,21), 0, 1
(11,22), 0, 1
(11,23), 0, 1
(11,24), 0, 1
(11,25), 0, 1
(11,27), 0, 1
(11,28), 0, 1
(11,29), 0, 1
(11,31), 0, 1
(11,32), 0, 1
(11,33), 0, 1
(11,34), 0, 1
(11,35), 0, 1
(11,37), 0, 1
(11,38), 0, 1
(11,39), 0, 1
(11,40), 0, 1
(11,41), 0, 1
(11,43), 0, 1
(11,45), 0, 1
(11,46), 0, 1
(11,47), 0, 1
(11,48), 0, 1
(11,49), 0, 1
(11,51), 0, 1
(11,52), 0, 1
(11,53), 0, 1
(11,54), 0, 1
(11,55), 0, 1
(11,56), 0, 1
(11,58), 0, 1
(11,59), 0, 1
(11,60), 0, 1
(11,61), 0, 1
(11,62), 0, 1
(11,63), 0, 1
(11,64), 0, 1
(11,67), 0, 1
(11,68), 0, 1
(11,69), 0, 1
(11,70), 0, 1
(11,71), 0, 1
(11,72), 0, 1
(11,78), 0, 1
(11,79), 0, 1
(11,80), 0, 1
(11,81), 0, 1
(11,83), 0, 1
(11,84), 0, 1
(11,85), 0, 1
(11,86), 0, 1
(11,87), 0, 1
(11,88), 0, 1
(11,89), 0, 1
(11,91), 0, 1
(12,19), 0, 1
(12,48), 0, 1
(12,50), 0, 1
(12,53), 0, 1
(12,56), 0, 1
(12,62), 0, 1
(12,73), 0, 1
(13,26), 0, 1
(13,36), 0, 1
(13,40), 0, 1
(13,48), 0, 1
(13,53), 0, 1
(13,56), 0, 1
(13,62), 0, 1
(13,73), 0, 1
(14,19), 0, 1
(14,30), 0, 1
(14,36), 0, 1
(14,40), 0, 1
(14,48), 0, 1
(14,53), 0, 1
(14,56), 0, 1
(14,62), 0, 1
(14,73), 0, 1
(15,0), 0, 1
(15,1), 0, 1
(15,2), 0, 1
(15,3), 0, 1
(15,4), 0, 1
(15,6), 0, 1
(15,7), 0, 1
(15,8), 0, 1
(15,9), 0, 1
(15,10), 0, 1
(15,11), 0, 1
(15,12), 0, 1
(15,13), 0, 1
(15,16), 0, 1
(15,17), 0, 1
(15,18), 0, 1
(15,19), 0, 1
(15,20), 0, 1
(15,22), 0, 1
(15,23), 0, 1
(15,24), 0, 1
(15,25), 0, 1
(15,27), 0, 1
(15,28), 0, 1
(15,29), 0, 1
(15,32), 0, 1
(15,33), 0, 1
(15,34), 0, 1
(15,35), 0, 1
(15,36), 0, 1
(15,37), 0, 1
(15,38), 0, 1
(15,41), 0, 1
(15,43), 0, 1
(15,45), 0, 1
(15,46), 0, 1
(15,48), 0, 1
(15,49), 0, 1
(15,51), 0, 1
(15,52), 0, 1
(15,53), 0, 1
(15,54), 0, 1
(15,55), 0, 1
(15,57), 0, 1
(15,58), 0, 1
(15,60), 0, 1
(15,61), 0, 1
(15,62), 0, 1
(15,63), 0, 1
(15,64), 0, 1
(15,66), 0, 1
(15,67), 0, 1
(15,68), 0, 1
(15,69), 0, 1
(15,71), 0, 1
(15,72), 0, 1
(15,73), 0, 1
(15,79), 0, 1
(15,80), 0, 1
(15,81), 0, 1
(15,84), 0, 1
(15,85), 0, 1
(15,86), 0, 1
(15,87), 0, 1
(15,88), 0, 1
(15,89), 0, 1
(15,90), 0, 1
(15,91), 0, 1
(16,46), 0, 1
(17,19), 0, 1
(17,40), 0, 1
(17,48), 0, 1
(17,53), 0, 1
(17,56), 0, 1
(17,62), 0, 1
(17,73), 0, 1
(17,77), 0, 1
(18,46), 0, 1
(18,85), 0, 1
(19,0), 0, 1
(19,1), 0, 1
(19,2), 0, 1
(19,3), 0, 1
(19,4), 0, 1
(19,5), 0, 1
(19,6), 0, 1
(19,7), 0, 1
(19,10), 0, 1
(19,11), 0, 1
(19,12), 0, 1
(19,13), 0, 1
(19,15), 0, 1
(19,16), 0, 1
(19,17), 0, 1
(19,18), 0, 1
(19,20), 0, 1
(19,21), 0, 1
(19,22), 0, 1
(19,23), 0, 1
(19,24), 0, 1
(19,25), 0, 1
(19,27), 0, 1
(19,28), 0, 1
(19,29), 0, 1
(19,32), 0, 1
(19,33), 0, 1
(19,34), 0, 1
(19,35), 0, 1
(19,36), 0, 1
(19,37), 0, 1
(19,39), 0, 1
(19,40), 0, 1
(19,43), 0, 1
(19,44), 0, 1
(19,45), 0, 1
(19,46), 0, 1
(19,47), 0, 1
(19,48), 0, 1
(19,49), 0, 1
(19,51), 0, 1
(19,52), 0, 1
(19,53), 0, 1
(19,54), 0, 1
(19,55), 0, 1
(19,56), 0, 1
(19,57), 0, 1
(19,58), 0, 1
(19,60), 0, 1
(19,61), 0, 1
(19,62), 0, 1
(19,64), 0, 1
(19,65), 0, 1
(19,66), 0, 1
(19,67), 0, 1
(19,68), 0, 1
(19,69), 0, 1
(19,71), 0, 1
(19,72), 0, 1
(19,73), 0, 1
(19,79), 0, 1
(19,80), 0, 1
(19,81), 0, 1
(19,82), 0, 1
(19,84), 0, 1
(19,85), 0, 1
(19,86), 0, 1
(19,87), 0, 1
(19,89), 0, 1
(19,90), 0, 1
(19,91), 0, 1
(20,46), 0, 1
(20,85), 0, 1
(21,19), 0, 1
(21,36), 0, 1
(21,40), 0, 1
(21,48), 0, 1
(21,53), 0, 1
(21,56), 0, 1
(21,77), 0, 1
(22,19), 0, 1
(22,48), 0, 1
(22,53), 0, 1
(22,56), 0, 1
(22,62), 0, 1
(22,73), 0, 1
(23,19), 0, 1
(23,36), 0, 1
(23,48), 0, 1
(23,53), 0, 1
(23,56), 0, 1
(23,62), 0, 1
(23,73), 0, 1
(24,19), 0, 1
(24,36), 0, 1
(24,48), 0, 1
(24,53), 0, 1
(24,56), 0, 1
(24,62), 0, 1
(24,73), 0, 1
(24,77), 0, 1
(25,46), 0, 1
(25,85), 0, 1
(26,0), 0, 1
(26,1), 0, 1
(26,2), 0, 1
(26,4), 0, 1
(26,5), 0, 1
(26,6), 0, 1
(26,7), 0, 1
(26,8), 0, 1
(26,10), 0, 1
(26,11), 0, 1
(26,12), 0, 1
(26,13), 0, 1
(26,15), 0, 1
(26,16), 0, 1
(26,17), 0, 1
(26,18), 0, 1
(26,19), 0, 1
(26,20), 0, 1
(26,21), 0, 1
(26,24), 0, 1
(26,25), 0, 1
(26,27), 0, 1
(26,28), 0, 1
(26,29), 0, 1
(26,32), 0, 1
(26,34), 0, 1
(26,35), 0, 1
(26,36), 0, 1
(26,37), 0, 1
(26,38), 0, 1
(26,39), 0, 1
(26,41), 0, 1
(26,43), 0, 1
(26,45), 0, 1
(26,46), 0, 1
(26,47), 0, 1
(26,48), 0, 1
(26,49), 0, 1
(26,51), 0, 1
(26,52), 0, 1
(26,53), 0, 1
(26,54), 0, 1
(26,55), 0, 1
(26,56), 0, 1
(26,57), 0, 1
(26,58), 0, 1
(26,59), 0, 1
(26,60), 0, 1
(26,61), 0, 1
(26,62), 0, 1
(26,63), 0, 1
(26,64), 0, 1
(26,66), 0, 1
(26,67), 0, 1
(26,68), 0, 1
(26,69), 0, 1
(26,71), 0, 1
(26,73), 0, 1
(26,76), 0, 1
(26,79), 0, 1
(26,80), 0, 1
(26,81), 0, 1
(26,82), 0, 1
(26,83), 0, 1
(26,85), 0, 1
(26,86), 0, 1
(26,87), 0, 1
(26,88), 0, 1
(26,89), 0, 1
(26,90), 0, 1
(26,91), 0, 1
(27,19), 0, 1
(27,36), 0, 1
(27,40), 0, 1
(27,48), 0, 1
(27,53), 0, 1
(27,56), 0, 1
(27,62), 0, 1
(27,73), 0, 1
(28,19), 0, 1
(28,36), 0, 1
(28,40), 0, 1
(28,48), 0, 1
(28,53), 0, 1
(28,56), 0, 1
(28,62), 0, 1
(28,73), 0, 1
(29,19), 0, 1
(29,36), 0, 1
(29,40), 0, 1
(29,48), 0, 1
(29,53), 0, 1
(29,56), 0, 1
(29,73), 0, 1
(30,0), 0, 1
(30,1), 0, 1
(30,2), 0, 1
(30,3), 0, 1
(30,4), 0, 1
(30,5), 0, 1
(30,7), 0, 1
(30,8), 0, 1
(30,10), 0, 1
(30,11), 0, 1
(30,12), 0, 1
(30,13), 0, 1
(30,14), 0, 1
(30,15), 0, 1
(30,17), 0, 1
(30,18), 0, 1
(30,19), 0, 1
(30,20), 0, 1
(30,21), 0, 1
(30,22), 0, 1
(30,23), 0, 1
(30,24), 0, 1
(30,25), 0, 1
(30,28), 0, 1
(30,29), 0, 1
(30,32), 0, 1
(30,33), 0, 1
(30,34), 0, 1
(30,37), 0, 1
(30,38), 0, 1
(30,39), 0, 1
(30,41), 0, 1
(30,45), 0, 1
(30,46), 0, 1
(30,48), 0, 1
(30,49), 0, 1
(30,51), 0, 1
(30,52), 0, 1
(30,53), 0, 1
(30,54), 0, 1
(30,55), 0, 1
(30,56), 0, 1
(30,57), 0, 1
(30,58), 0, 1
(30,60), 0, 1
(30,61), 0, 1
(30,62), 0, 1
(30,63), 0, 1
(30,64), 0, 1
(30,66), 0, 1
(30,67), 0, 1
(30,68), 0, 1
(30,69), 0, 1
(30,71), 0, 1
(30,72), 0, 1
(30,73), 0, 1
(30,76), 0, 1
(30,79), 0, 1
(30,80), 0, 1
(30,81), 0, 1
(30,84), 0, 1
(30,86), 0, 1
(30,87), 0, 1
(30,89), 0, 1
(30,90), 0, 1
(30,91), 0, 1
(31,19), 0, 1
(31,36), 0, 1
(31,40), 0, 1
(31,48), 0, 1
(31,53), 0, 1
(31,56), 0, 1
(31,62), 0, 1
(31,73), 0, 1
(31,77), 0, 1
(32,0), 0, 1
(32,1), 0, 1
(32,2), 0, 1
(32,4), 0, 1
(32,5), 0, 1
(32,6), 0, 1
(32,7), 0, 1
(32,10), 0, 1
(32,11), 0, 1
(32,12), 0, 1
(32,13), 0, 1
(32,15), 0, 1
(32,16), 0, 1
(32,17), 0, 1
(32,18), 0, 1
(32,19), 0, 1
(32,20), 0, 1
(32,21), 0, 1
(32,22), 0, 1
(32,23), 0, 1
(32,24), 0, 1
(32,25), 0, 1
(32,28), 0, 1
(32,29), 0, 1
(32,31), 0, 1
(32,33), 0, 1
(32,34), 0, 1
(32,35), 0, 1
(32,36), 0, 1
(32,37), 0, 1
(32,38), 0, 1
(32,39), 0, 1
(32,40), 0, 1
(32,43), 0, 1
(32,46), 0, 1
(32,49), 0, 1
(32,51), 0, 1
(32,52), 0, 1
(32,53), 0, 1
(32,54), 0, 1
(32,55), 0, 1
(32,56), 0, 1
(32,58), 0, 1
(32,60), 0, 1
(32,61), 0, 1
(32,63), 0, 1
(32,64), 0, 1
(32,66), 0, 1
(32,67), 0, 1
(32,68), 0, 1
(32,69), 0, 1
(32,71), 0, 1
(32,73), 0, 1
(32,80), 0, 1
(32,81), 0, 1
(32,82), 0, 1
(32,83), 0, 1
(32,84), 0, 1
(32,85), 0, 1
(32,86), 0, 1
(32,87), 0, 1
(32,88), 0, 1
(32,89), 0, 1
(32,90), 0, 1
(32,91), 0, 1
(33,19), 0, 1
(33,36), 0, 1
(33,40), 0, 1
(33,48), 0, 1
(33,53), 0, 1
(33,56), 0, 1
(33,62), 0, 1
(33,73), 0, 1
(33,77), 0, 1
(34,19), 0, 1
(34,40), 0, 1
(34,48), 0, 1
(34,53), 0, 1
(34,56), 0, 1
(34,62), 0, 1
(34,73), 0, 1
(35,36), 0, 1
(35,40), 0, 1
(35,48), 0, 1
(35,53), 0, 1
(35,56), 0, 1
(35,62), 0, 1
(35,73), 0, 1
(36,46), 0, 1
(37,46), 0, 1
(37,85), 0, 1
(38,19), 0, 1
(38,36), 0, 1
(38,48), 0, 1
(38,53), 0, 1
(38,56), 0, 1
(38,62), 0, 1
(38,73), 0, 1
(39,19), 0, 1
(39,26), 0, 1
(39,36), 0, 1
(39,48), 0, 1
(39,53), 0, 1
(39,56), 0, 1
(39,62), 0, 1
(39,73), 0, 1
(40,46), 0, 1
(40,85), 0, 1
(41,0), 0, 1
(41,1), 0, 1
(41,2), 0, 1
(41,3), 0, 1
(41,4), 0, 1
(41,5), 0, 1
(41,6), 0, 1
(41,7), 0, 1
(41,8), 0, 1
(41,10), 0, 1
(41,11), 0, 1
(41,12), 0, 1
(41,13), 0, 1
(41,15), 0, 1
(41,16), 0, 1
(41,17), 0, 1
(41,18), 0, 1
(41,19), 0, 1
(41,20), 0, 1
(41,21), 0, 1
(41,23), 0, 1
(41,24), 0, 1
(41,25), 0, 1
(41,27), 0, 1
(41,28), 0, 1
(41,29), 0, 1
(41,31), 0, 1
(41,32), 0, 1
(41,33), 0, 1
(41,34), 0, 1
(41,35), 0, 1
(41,36), 0, 1
(41,37), 0, 1
(41,38), 0, 1
(41,39), 0, 1
(41,40), 0, 1
(41,43), 0, 1
(41,45), 0, 1
(41,46), 0, 1
(41,47), 0, 1
(41,48), 0, 1
(41,49), 0, 1
(41,50), 0, 1
(41,51), 0, 1
(41,52), 0, 1
(41,53), 0, 1
(41,54), 0, 1
(41,55), 0, 1
(41,56), 0, 1
(41,57), 0, 1
(41,58), 0, 1
(41,60), 0, 1
(41,62), 0, 1
(41,63), 0, 1
(41,64), 0, 1
(41,66), 0, 1
(41,67), 0, 1
(41,68), 0, 1
(41,70), 0, 1
(41,71), 0, 1
(41,73), 0, 1
(41,76), 0, 1
(41,78), 0, 1
(41,79), 0, 1
(41,80), 0, 1
(41,81), 0, 1
(41,82), 0, 1
(41,83), 0, 1
(41,84), 0, 1
(41,85), 0, 1
(41,86), 0, 1
(41,87), 0, 1
(41,88), 0, 1
(41,89), 0, 1
(41,91), 0, 1
(42,0), 0, 1
(42,1), 0, 1
(42,2), 0, 1
(42,3), 0, 1
(42,4), 0, 1
(42,5), 0, 1
(42,6), 0, 1
(42,7), 0, 1
(42,8), 0, 1
(42,10), 0, 1
(42,11), 0, 1
(42,12), 0, 1
(42,13), 0, 1
(42,15), 0, 1
(42,17), 0, 1
(42,18), 0, 1
(42,19), 0, 1
(42,20), 0, 1
(42,21), 0, 1
(42,22), 0, 1
(42,23), 0, 1
(42,24), 0, 1
(42,25), 0, 1
(42,27), 0, 1
(42,28), 0, 1
(42,29), 0, 1
(42,31), 0, 1
(42,32), 0, 1
(42,33), 0, 1
(42,34), 0, 1
(42,35), 0, 1
(42,37), 0, 1
(42,38), 0, 1
(42,39), 0, 1
(42,43), 0, 1
(42,45), 0, 1
(42,46), 0, 1
(42,47), 0, 1
(42,48), 0, 1
(42,49), 0, 1
(42,51), 0, 1
(42,52), 0, 1
(42,53), 0, 1
(42,54), 0, 1
(42,55), 0, 1
(42,56), 0, 1
(42,57), 0, 1
(42,58), 0, 1
(42,60), 0, 1
(42,61), 0, 1
(42,63), 0, 1
(42,64), 0, 1
(42,66), 0, 1
(42,67), 0, 1
(42,68), 0, 1
(42,71), 0, 1
(42,73), 0, 1
(42,76), 0, 1
(42,79), 0, 1
(42,80), 0, 1
(42,81), 0, 1
(42,83), 0, 1
(42,84), 0, 1
(42,85), 0, 1
(42,86), 0, 1
(42,87), 0, 1
(42,89), 0, 1
(42,90), 0, 1
(42,91), 0, 1
(43,46), 0, 1
(44,19), 0, 1
(44,36), 0, 1
(44,48), 0, 1
(44,53), 0, 1
(44,56), 0, 1
(44,62), 0, 1
(44,73), 0, 1
(45,19), 0, 1
(45,40), 0, 1
(45,53), 0, 1
(45,56), 0, 1
(45,62), 0, 1
(45,73), 0, 1
(46,19), 0, 1
(46,36), 0, 1
(46,40), 0, 1
(46,48), 0, 1
(46,50), 0, 1
(46,53), 0, 1
(46,56), 0, 1
(46,62), 0, 1
(46,73), 0, 1
(46,78), 0, 1
(47,19), 0, 1
(47,36), 0, 1
(47,42), 0, 1
(47,48), 0, 1
(47,53), 0, 1
(47,56), 0, 1
(47,62), 0, 1
(47,73), 0, 1
(48,46), 0, 1
(48,85), 0, 1
(49,19), 0, 1
(49,36), 0, 1
(49,40), 0, 1
(49,48), 0, 1
(49,53), 0, 1
(49,56), 0, 1
(49,62), 0, 1
(49,73), 0, 1
(50,19), 0, 1
(50,36), 0, 1
(50,40), 0, 1
(50,48), 0, 1
(50,53), 0, 1
(50,56), 0, 1
(50,62), 0, 1
(50,73), 0, 1
(51,19), 0, 1
(51,48), 0, 1
(51,53), 0, 1
(51,56), 0, 1
(51,62), 0, 1
(51,73), 0, 1
(52,46), 0, 1
(54,19), 0, 1
(54,36), 0, 1
(54,40), 0, 1
(54,48), 0, 1
(54,53), 0, 1
(54,56), 0, 1
(54,62), 0, 1
(54,73), 0, 1
(55,48), 0, 1
(55,53), 0, 1
(55,56), 0, 1
(55,62), 0, 1
(55,73), 0, 1
(56,46), 0, 1
(57,19), 0, 1
(57,36), 0, 1
(57,40), 0, 1
(57,48), 0, 1
(57,53), 0, 1
(57,56), 0, 1
(57,62), 0, 1
(57,73), 0, 1
(58,46), 0, 1
(58,85), 0, 1
(59,19), 0, 1
(59,30), 0, 1
(59,48), 0, 1
(59,53), 0, 1
(59,56), 0, 1
(59,62), 0, 1
(59,73), 0, 1
(60,19), 0, 1
(60,36), 0, 1
(60,40), 0, 1
(60,48), 0, 1
(60,53), 0, 1
(60,56), 0, 1
(60,62), 0, 1
(60,73), 0, 1
(61,19), 0, 1
(61,36), 0, 1
(61,48), 0, 1
(61,53), 0, 1
(61,56), 0, 1
(61,62), 0, 1
(63,19), 0, 1
(63,36), 0, 1
(63,40), 0, 1
(63,48), 0, 1
(63,56), 0, 1
(63,62), 0, 1
(63,73), 0, 1
(64,19), 0, 1
(64,36), 0, 1
(64,48), 0, 1
(64,53), 0, 1
(64,56), 0, 1
(64,62), 0, 1
(64,73), 0, 1
(65,46), 0, 1
(66,19), 0, 1
(66,36), 0, 1
(66,40), 0, 1
(66,48), 0, 1
(66,53), 0, 1
(66,56), 0, 1
(66,62), 0, 1
(66,73), 0, 1
(67,19), 0, 1
(67,40), 0, 1
(67,48), 0, 1
(67,53), 0, 1
(67,56), 0, 1
(67,62), 0, 1
(67,73), 0, 1
(68,19), 0, 1
(68,36), 0, 1
(68,40), 0, 1
(68,48), 0, 1
(68,53), 0, 1
(68,56), 0, 1
(68,62), 0, 1
(69,46), 0, 1
(69,85), 0, 1
(70,19), 0, 1
(70,50), 0, 1
(70,53), 0, 1
(70,56), 0, 1
(70,62), 0, 1
(70,73), 0, 1
(71,19), 0, 1
(71,36), 0, 1
(71,40), 0, 1
(71,48), 0, 1
(71,53), 0, 1
(71,56), 0, 1
(71,62), 0, 1
(71,73), 0, 1
(72,46), 0, 1
(72,85), 0, 1
(74,0), 0, 1
(74,1), 0, 1
(74,2), 0, 1
(74,3), 0, 1
(74,4), 0, 1
(74,5), 0, 1
(74,7), 0, 1
(74,8), 0, 1
(74,9), 0, 1
(74,10), 0, 1
(74,12), 0, 1
(74,13), 0, 1
(74,15), 0, 1
(74,17), 0, 1
(74,18), 0, 1
(74,19), 0, 1
(74,20), 0, 1
(74,21), 0, 1
(74,22), 0, 1
(74,23), 0, 1
(74,24), 0, 1
(74,25), 0, 1
(74,27), 0, 1
(74,28), 0, 1
(74,29), 0, 1
(74,31), 0, 1
(74,32), 0, 1
(74,33), 0, 1
(74,34), 0, 1
(74,35), 0, 1
(74,36), 0, 1
(74,37), 0, 1
(74,38), 0, 1
(74,39), 0, 1
(74,41), 0, 1
(74,43), 0, 1
(74,45), 0, 1
(74,46), 0, 1
(74,48), 0, 1
(74,49), 0, 1
(74,51), 0, 1
(74,52), 0, 1
(74,53), 0, 1
(74,54), 0, 1
(74,55), 0, 1
(74,57), 0, 1
(74,58), 0, 1
(74,60), 0, 1
(74,61), 0, 1
(74,63), 0, 1
(74,64), 0, 1
(74,66), 0, 1
(74,67), 0, 1
(74,68), 0, 1
(74,69), 0, 1
(74,71), 0, 1
(74,72), 0, 1
(74,73), 0, 1
(74,76), 0, 1
(74,79), 0, 1
(74,80), 0, 1
(74,81), 0, 1
(74,82), 0, 1
(74,83), 0, 1
(74,84), 0, 1
(74,86), 0, 1
(74,87), 0, 1
(74,88), 0, 1
(74,89), 0, 1
(74,91), 0, 1
(75,19), 0, 1
(75,26), 0, 1
(75,30), 0, 1
(75,36), 0, 1
(75,40), 0, 1
(75,53), 0, 1
(75,56), 0, 1
(75,62), 0, 1
(75,73), 0, 1
(76,19), 0, 1
(76,36), 0, 1
(76,40), 0, 1
(76,48), 0, 1
(76,53), 0, 1
(76,56), 0, 1
(76,62), 0, 1
(76,73), 0, 1
(76,77), 0, 1
(77,19), 0, 1
(77,36), 0, 1
(77,48), 0, 1
(77,53), 0, 1
(77,62), 0, 1
(77,73), 0, 1
(78,46), 0, 1
(78,85), 0, 1
(79,19), 0, 1
(79,26), 0, 1
(79,36), 0, 1
(79,40), 0, 1
(79,42), 0, 1
(79,48), 0, 1
(79,53), 0, 1
(79,62), 0, 1
(80,19), 0, 1
(80,36), 0, 1
(80,40), 0, 1
(80,48), 0, 1
(80,53), 0, 1
(80,56), 0, 1
(80,62), 0, 1
(80,73), 0, 1
(81,46), 0, 1
(81,85), 0, 1
(82,19), 0, 1
(82,36), 0, 1
(82,40), 0, 1
(82,42), 0, 1
(82,48), 0, 1
(82,53), 0, 1
(82,56), 0, 1
(82,62), 0, 1
(82,73), 0, 1
(82,78), 0, 1
(83,46), 0, 1
(83,85), 0, 1
(84,19), 0, 1
(84,36), 0, 1
(84,40), 0, 1
(84,48), 0, 1
(84,53), 0, 1
(84,56), 0, 1
(84,62), 0, 1
(84,73), 0, 1
(85,19), 0, 1
(85,36), 0, 1
(85,40), 0, 1
(85,48), 0, 1
(85,53), 0, 1
(85,56), 0, 1
(85,62), 0, 1
(85,73), 0, 1
(86,19), 0, 1
(86,26), 0, 1
(86,36), 0, 1
(86,40), 0, 1
(86,48), 0, 1
(86,53), 0, 1
(86,56), 0, 1
(86,62), 0, 1
(86,73), 0, 1
(87,19), 0, 1
(87,48), 0, 1
(87,53), 0, 1
(87,56), 0, 1
(87,62), 0, 1
(87,73), 0, 1
(88,19), 0, 1
(88,53), 0, 1
(88,62), 0, 1
(88,73), 0, 1
(88,78), 0, 1
(90,19), 0, 1
(90,40), 0, 1
(90,53), 0, 1
(90,56), 0, 1
(90,62), 0, 1
(90,73), 0, 1
(91,46), 0, 1
(91,85), 0, 1
(92,0), 0, 1
(92,1), 0, 1
(92,2), 0, 1
(92,3), 0, 1
(92,4), 0, 1
(92,5), 0, 1
(92,7), 0, 1
(92,11), 0, 1
(92,12), 0, 1
(92,13), 0, 1
(92,15), 0, 1
(92,16), 0, 1
(92,17), 0, 1
(92,18), 0, 1
(92,19), 0, 1
(92,20), 0, 1
(92,21), 0, 1
(92,22), 0, 1
(92,23), 0, 1
(92,24), 0, 1
(92,25), 0, 1
(92,27), 0, 1
(92,28), 0, 1
(92,29), 0, 1
(92,30), 0, 1
(92,32), 0, 1
(92,33), 0, 1
(92,34), 0, 1
(92,37), 0, 1
(92,38), 0, 1
(92,39), 0, 1
(92,40), 0, 1
(92,41), 0, 1
(92,43), 0, 1
(92,45), 0, 1
(92,46), 0, 1
(92,47), 0, 1
(92,49), 0, 1
(92,51), 0, 1
(92,52), 0, 1
(92,53), 0, 1
(92,55), 0, 1
(92,56), 0, 1
(92,60), 0, 1
(92,61), 0, 1
(92,62), 0, 1
(92,63), 0, 1
(92,64), 0, 1
(92,66), 0, 1
(92,67), 0, 1
(92,68), 0, 1
(92,69), 0, 1
(92,73), 0, 1
(92,76), 0, 1
(92,79), 0, 1
(92,81), 0, 1
(92,84), 0, 1
(92,85), 0, 1
(92,86), 0, 1
(92,87), 0, 1
(92,88), 0, 1
(92,89), 0, 1
(92,90), 0, 1
(92,91), 0, 1
(93,0), 0, 1
(93,1), 0, 1
(93,2), 0, 1
(93,3), 0, 1
(93,4), 0, 1
(93,5), 0, 1
(93,6), 0, 1
(93,7), 0, 1
(93,10), 0, 1
(93,11), 0, 1
(93,12), 0, 1
(93,13), 0, 1
(93,15), 0, 1
(93,16), 0, 1
(93,17), 0, 1
(93,18), 0, 1
(93,19), 0, 1
(93,20), 0, 1
(93,21), 0, 1
(93,22), 0, 1
(93,23), 0, 1
(93,24), 0, 1
(93,27), 0, 1
(93,28), 0, 1
(93,29), 0, 1
(93,32), 0, 1
(93,33), 0, 1
(93,34), 0, 1
(93,35), 0, 1
(93,37), 0, 1
(93,39), 0, 1
(93,40), 0, 1
(93,43), 0, 1
(93,45), 0, 1
(93,46), 0, 1
(93,48), 0, 1
(93,52), 0, 1
(93,53), 0, 1
(93,54), 0, 1
(93,55), 0, 1
(93,56), 0, 1
(93,57), 0, 1
(93,58), 0, 1
(93,60), 0, 1
(93,61), 0, 1
(93,62), 0, 1
(93,63), 0, 1
(93,64), 0, 1
(93,66), 0, 1
(93,67), 0, 1
(93,71), 0, 1
(93,73), 0, 1
(93,76), 0, 1
(93,79), 0, 1
(93,80), 0, 1
(93,81), 0, 1
(93,83), 0, 1
(93,85), 0, 1
(93,86), 0, 1
(93,87), 0, 1
(93,89), 0, 1
(93,90), 0, 1
(93,91), 0, 1
(94,0), 0, 1
(94,1), 0, 1
(94,2), 0, 1
(94,3), 0, 1
(94,4), 0, 1
(94,5), 0, 1
(94,7), 0, 1
(94,10), 0, 1
(94,12), 0, 1
(94,13), 0, 1
(94,15), 0, 1
(94,17), 0, 1
(94,18), 0, 1
(94,19), 0, 1
(94,20), 0, 1
(94,21), 0, 1
(94,22), 0, 1
(94,23), 0, 1
(94,24), 0, 1
(94,25), 0, 1
(94,27), 0, 1
(94,28), 0, 1
(94,29), 0, 1
(94,30), 0, 1
(94,32), 0, 1
(94,33), 0, 1
(94,34), 0, 1
(94,35), 0, 1
(94,36), 0, 1
(94,37), 0, 1
(94,38), 0, 1
(94,39), 0, 1
(94,40), 0, 1
(94,43), 0, 1
(94,46), 0, 1
(94,47), 0, 1
(94,48), 0, 1
(94,49), 0, 1
(94,51), 0, 1
(94,52), 0, 1
(94,53), 0, 1
(94,54), 0, 1
(94,55), 0, 1
(94,56), 0, 1
(94,57), 0, 1
(94,58), 0, 1
(94,60), 0, 1
(94,61), 0, 1
(94,62), 0, 1
(94,63), 0, 1
(94,64), 0, 1
(94,66), 0, 1
(94,67), 0, 1
(94,68), 0, 1
(94,72), 0, 1
(94,73), 0, 1
(94,76), 0, 1
(94,79), 0, 1
(94,80), 0, 1
(94,81), 0, 1
(94,82), 0, 1
(94,83), 0, 1
(94,84), 0, 1
(94,87), 0, 1
(94,89), 0, 1
(94,90), 0, 1
(94,91), 0, 1
(95,19), 0, 1
(95,36), 0, 1
(95,48), 0, 1
(95,53), 0, 1
(95,56), 0, 1
(95,62), 0, 1
(95,73), 0, 1
(96,0), 0, 1
(96,1), 0, 1
(96,2), 0, 1
(96,4), 0, 1
(96,5), 0, 1
(96,6), 0, 1
(96,7), 0, 1
(96,10), 0, 1
(96,11), 0, 1
(96,12), 0, 1
(96,13), 0, 1
(96,16), 0, 1
(96,17), 0, 1
(96,18), 0, 1
(96,20), 0, 1
(96,21), 0, 1
(96,22), 0, 1
(96,23), 0, 1
(96,24), 0, 1
(96,25), 0, 1
(96,26), 0, 1
(96,28), 0, 1
(96,29), 0, 1
(96,32), 0, 1
(96,33), 0, 1
(96,34), 0, 1
(96,37), 0, 1
(96,38), 0, 1
(96,39), 0, 1
(96,40), 0, 1
(96,41), 0, 1
(96,43), 0, 1
(96,45), 0, 1
(96,46), 0, 1
(96,47), 0, 1
(96,48), 0, 1
(96,49), 0, 1
(96,51), 0, 1
(96,52), 0, 1
(96,54), 0, 1
(96,55), 0, 1
(96,56), 0, 1
(96,57), 0, 1
(96,58), 0, 1
(96,60), 0, 1
(96,61), 0, 1
(96,62), 0, 1
(96,63), 0, 1
(96,64), 0, 1
(96,66), 0, 1
(96,67), 0, 1
(96,68), 0, 1
(96,69), 0, 1
(96,70), 0, 1
(96,71), 0, 1
(96,72), 0, 1
(96,73), 0, 1
(96,76), 0, 1
(96,79), 0, 1
(96,80), 0, 1
(96,81), 0, 1
(96,82), 0, 1
(96,83), 0, 1
(96,84), 0, 1
(96,86), 0, 1
(96,87), 0, 1
(96,88), 0, 1
(96,89), 0, 1
(96,91), 0, 1
(97,0), 0, 1
(97,1), 0, 1
(97,2), 0, 1
(97,3), 0, 1
(97,4), 0, 1
(97,5), 0, 1
(97,6), 0, 1
(97,7), 0, 1
(97,8), 0, 1
(97,10), 0, 1
(97,11), 0, 1
(97,12), 0, 1
(97,17), 0, 1
(97,18), 0, 1
(97,19), 0, 1
(97,20), 0, 1
(97,21), 0, 1
(97,22), 0, 1
(97,24), 0, 1
(97,25), 0, 1
(97,27), 0, 1
(97,28), 0, 1
(97,29), 0, 1
(97,31), 0, 1
(97,32), 0, 1
(97,34), 0, 1
(97,35), 0, 1
(97,36), 0, 1
(97,37), 0, 1
(97,38), 0, 1
(97,39), 0, 1
(97,40), 0, 1
(97,41), 0, 1
(97,43), 0, 1
(97,45), 0, 1
(97,46), 0, 1
(97,47), 0, 1
(97,48), 0, 1
(97,49), 0, 1
(97,51), 0, 1
(97,53), 0, 1
(97,54), 0, 1
(97,55), 0, 1
(97,56), 0, 1
(97,58), 0, 1
(97,60), 0, 1
(97,61), 0, 1
(97,62), 0, 1
(97,64), 0, 1
(97,66), 0, 1
(97,67), 0, 1
(97,68), 0, 1
(97,69), 0, 1
(97,71), 0, 1
(97,72), 0, 1
(97,73), 0, 1
(97,76), 0, 1
(97,79), 0, 1
(97,80), 0, 1
(97,81), 0, 1
(97,82), 0, 1
(97,83), 0, 1
(97,84), 0, 1
(97,85), 0, 1
(97,86), 0, 1
(97,87), 0, 1
(97,88), 0, 1
(97,89), 0, 1
(97,90), 0, 1
(97,91), 0, 1
(98,0), 0, 1
(98,1), 0, 1
(98,2), 0, 1
(98,3), 0, 1
(98,4), 0, 1
(98,5), 0, 1
(98,7), 0, 1
(98,10), 0, 1
(98,11), 0, 1
(98,12), 0, 1
(98,13), 0, 1
(98,15), 0, 1
(98,17), 0, 1
(98,18), 0, 1
(98,19), 0, 1
(98,20), 0, 1
(98,21), 0, 1
(98,22), 0, 1
(98,23), 0, 1
(98,24), 0, 1
(98,25), 0, 1
(98,27), 0, 1
(98,28), 0, 1
(98,29), 0, 1
(98,31), 0, 1
(98,32), 0, 1
(98,33), 0, 1
(98,34), 0, 1
(98,35), 0, 1
(98,36), 0, 1
(98,37), 0, 1
(98,38), 0, 1
(98,39), 0, 1
(98,40), 0, 1
(98,43), 0, 1
(98,45), 0, 1
(98,46), 0, 1
(98,47), 0, 1
(98,48), 0, 1
(98,49), 0, 1
(98,50), 0, 1
(98,51), 0, 1
(98,52), 0, 1
(98,53), 0, 1
(98,54), 0, 1
(98,55), 0, 1
(98,56), 0, 1
(98,57), 0, 1
(98,58), 0, 1
(98,60), 0, 1
(98,61), 0, 1
(98,62), 0, 1
(98,63), 0, 1
(98,64), 0, 1
(98,66), 0, 1
(98,67), 0, 1
(98,68), 0, 1
(98,69), 0, 1
(98,71), 0, 1
(98,73), 0, 1
(98,76), 0, 1
(98,79), 0, 1
(98,80), 0, 1
(98,81), 0, 1
(98,83), 0, 1
(98,85), 0, 1
(98,86), 0, 1
(98,87), 0, 1
(98,88), 0, 1
(98,89), 0, 1
(98,90), 0, 1
(98,91), 0, 1
(99,0), 0, 1
(99,1), 0, 1
(99,3), 0, 1
(99,4), 0, 1
(99,5), 0, 1
(99,7), 0, 1
(99,8), 0, 1
(99,10), 0, 1
(99,11), 0, 1
(99,12), 0, 1
(99,13), 0, 1
(99,15), 0, 1
(99,16), 0, 1
(99,17), 0, 1
(99,18), 0, 1
(99,19), 0, 1
(99,20), 0, 1
(99,23), 0, 1
(99,24), 0, 1
(99,25), 0, 1
(99,27), 0, 1
(99,28), 0, 1
(99,29), 0, 1
(99,30), 0, 1
(99,31), 0, 1
(99,32), 0, 1
(99,33), 0, 1
(99,34), 0, 1
(99,36), 0, 1
(99,37), 0, 1
(99,38), 0, 1
(99,39), 0, 1
(99,40), 0, 1
(99,41), 0, 1
(99,43), 0, 1
(99,45), 0, 1
(99,46), 0, 1
(99,48), 0, 1
(99,49), 0, 1
(99,51), 0, 1
(99,52), 0, 1
(99,53), 0, 1
(99,54), 0, 1
(99,55), 0, 1
(99,56), 0, 1
(99,58), 0, 1
(99,60), 0, 1
(99,62), 0, 1
(99,63), 0, 1
(99,65), 0, 1
(99,67), 0, 1
(99,68), 0, 1
(99,69), 0, 1
(99,71), 0, 1
(99,72), 0, 1
(99,73), 0, 1
(99,79), 0, 1
(99,80), 0, 1
(99,84), 0, 1
(99,85), 0, 1
(99,86), 0, 1
(99,87), 0, 1
(99,88), 0, 1
(99,90), 0, 1
(99,91), 0, 1
