Nr_Pairs = 92
Nr_NDD = 8
Nr_Arcs = 1650
0	0.32499999999999996
1	0.1
2	0.2875000000000001
3	0.2875000000000001
4	0.05
5	0.05
6	0.9
7	0.1
8	0.2875000000000001
9	0.05
10	0.05
11	0.05
12	0.05
13	0.2875000000000001
14	0.05
15	0.05
16	0.05
17	0.05
18	0.05
19	0.32499999999999996
20	0.9
21	0.925
22	0.05
23	0.05
24	0.05
25	0.05
26	0.2875000000000001
27	0.05
28	0.05
29	0.9
30	0.1
31	0.9
32	0.925
33	0.05
34	0.05
35	0.9
36	0.1
37	0.2875000000000001
38	0.05
39	0.05
40	0.2875000000000001
41	0.9
42	0.2875000000000001
43	0.05
44	0.05
45	0.05
46	0.05
47	0.9
48	0.05
49	0.1
50	0.2875000000000001
51	0.1
52	0.1
53	0.1
54	0.05
55	0.2875000000000001
56	0.2875000000000001
57	0.05
58	0.05
59	0.2875000000000001
60	0.05
61	0.2875000000000001
62	0.05
63	0.05
64	0.2875000000000001
65	0.2875000000000001
66	0.05
67	0.05
68	0.2875000000000001
69	0.05
70	0.1
71	0.1
72	0.32499999999999996
73	0.2875000000000001
74	0.05
75	0.05
76	0.05
77	0.1
78	0.2875000000000001
79	0.05
80	0.05
81	0.9
82	0.925
83	0.05
84	0.32499999999999996
85	0.05
86	0.1
87	0.05
88	0.05
89	0.9
90	0.2875000000000001
91	0.9
92	0.0
93	0.0
94	0.0
95	0.0
96	0.0
97	0.0
98	0.0
99	0.0
(0,1), 0, 1
(0,2), 0, 1
(0,3), 0, 1
(0,4), 0, 1
(0,5), 0, 1
(0,7), 0, 1
(0,8), 0, 1
(0,9), 0, 1
(0,10), 0, 1
(0,12), 0, 1
(0,14), 0, 1
(0,15), 0, 1
(0,16), 0, 1
(0,17), 0, 1
(0,18), 0, 1
(0,19), 0, 1
(0,21), 0, 1
(0,22), 0, 1
(0,23), 0, 1
(0,24), 0, 1
(0,25), 0, 1
(0,27), 0, 1
(0,28), 0, 1
(0,30), 0, 1
(0,32), 0, 1
(0,33), 0, 1
(0,34), 0, 1
(0,36), 0, 1
(0,37), 0, 1
(0,38), 0, 1
(0,39), 0, 1
(0,40), 0, 1
(0,41), 0, 1
(0,42), 0, 1
(0,43), 0, 1
(0,44), 0, 1
(0,45), 0, 1
(0,46), 0, 1
(0,48), 0, 1
(0,49), 0, 1
(0,51), 0, 1
(0,52), 0, 1
(0,53), 0, 1
(0,54), 0, 1
(0,56), 0, 1
(0,57), 0, 1
(0,58), 0, 1
(0,60), 0, 1
(0,61), 0, 1
(0,62), 0, 1
(0,64), 0, 1
(0,66), 0, 1
(0,67), 0, 1
(0,68), 0, 1
(0,69), 0, 1
(0,70), 0, 1
(0,71), 0, 1
(0,72), 0, 1
(0,73), 0, 1
(0,74), 0, 1
(0,75), 0, 1
(0,76), 0, 1
(0,78), 0, 1
(0,79), 0, 1
(0,80), 0, 1
(0,83), 0, 1
(0,84), 0, 1
(0,85), 0, 1
(0,86), 0, 1
(0,87), 0, 1
(0,88), 0, 1
(1,16), 0, 1
(1,19), 0, 1
(1,24), 0, 1
(1,36), 0, 1
(1,40), 0, 1
(1,46), 0, 1
(2,13), 0, 1
(3,16), 0, 1
(3,24), 0, 1
(3,40), 0, 1
(3,64), 0, 1
(4,16), 0, 1
(4,24), 0, 1
(4,36), 0, 1
(4,40), 0, 1
(4,46), 0, 1
(4,64), 0, 1
(5,13), 0, 1
(5,16), 0, 1
(5,19), 0, 1
(5,24), 0, 1
(5,36), 0, 1
(5,40), 0, 1
(5,41), 0, 1
(5,46), 0, 1
(5,64), 0, 1
(5,84), 0, 1
(6,0), 0, 1
(6,1), 0, 1
(6,2), 0, 1
(6,4), 0, 1
(6,5), 0, 1
(6,7), 0, 1
(6,9), 0, 1
(6,10), 0, 1
(6,11), 0, 1
(6,12), 0, 1
(6,14), 0, 1
(6,15), 0, 1
(6,16), 0, 1
(6,17), 0, 1
(6,18), 0, 1
(6,19), 0, 1
(6,22), 0, 1
(6,23), 0, 1
(6,24), 0, 1
(6,25), 0, 1
(6,27), 0, 1
(6,28), 0, 1
(6,30), 0, 1
(6,33), 0, 1
(6,34), 0, 1
(6,36), 0, 1
(6,37), 0, 1
(6,38), 0, 1
(6,39), 0, 1
(6,40), 0, 1
(6,41), 0, 1
(6,42), 0, 1
(6,43), 0, 1
(6,44), 0, 1
(6,45), 0, 1
(6,46), 0, 1
(6,48), 0, 1
(6,49), 0, 1
(6,51), 0, 1
(6,52), 0, 1
(6,54), 0, 1
(6,55), 0, 1
(6,56), 0, 1
(6,57), 0, 1
(6,58), 0, 1
(6,59), 0, 1
(6,60), 0, 1
(6,61), 0, 1
(6,62), 0, 1
(6,63), 0, 1
(6,64), 0, 1
(6,65), 0, 1
(6,66), 0, 1
(6,67), 0, 1
(6,68), 0, 1
(6,69), 0, 1
(6,70), 0, 1
(6,71), 0, 1
(6,73), 0, 1
(6,74), 0, 1
(6,75), 0, 1
(6,76), 0, 1
(6,77), 0, 1
(6,78), 0, 1
(6,79), 0, 1
(6,80), 0, 1
(6,82), 0, 1
(6,83), 0, 1
(6,84), 0, 1
(6,85), 0, 1
(6,86), 0, 1
(6,87), 0, 1
(6,88), 0, 1
(7,13), 0, 1
(7,16), 0, 1
(7,24), 0, 1
(7,40), 0, 1
(7,46), 0, 1
(7,64), 0, 1
(7,84), 0, 1
(8,13), 0, 1
(8,16), 0, 1
(8,24), 0, 1
(8,36), 0, 1
(8,41), 0, 1
(8,46), 0, 1
(8,64), 0, 1
(8,84), 0, 1
(9,13), 0, 1
(9,16), 0, 1
(9,19), 0, 1
(9,24), 0, 1
(9,36), 0, 1
(9,40), 0, 1
(9,46), 0, 1
(9,81), 0, 1
(10,26), 0, 1
(10,56), 0, 1
(10,70), 0, 1
(10,75), 0, 1
(10,90), 0, 1
(11,26), 0, 1
(11,47), 0, 1
(11,56), 0, 1
(11,61), 0, 1
(11,70), 0, 1
(11,75), 0, 1
(11,90), 0, 1
(12,16), 0, 1
(12,19), 0, 1
(12,24), 0, 1
(12,36), 0, 1
(12,40), 0, 1
(12,41), 0, 1
(12,46), 0, 1
(12,64), 0, 1
(13,0), 0, 1
(13,1), 0, 1
(13,2), 0, 1
(13,3), 0, 1
(13,4), 0, 1
(13,5), 0, 1
(13,7), 0, 1
(13,8), 0, 1
(13,9), 0, 1
(13,10), 0, 1
(13,11), 0, 1
(13,12), 0, 1
(13,14), 0, 1
(13,15), 0, 1
(13,16), 0, 1
(13,17), 0, 1
(13,18), 0, 1
(13,19), 0, 1
(13,22), 0, 1
(13,23), 0, 1
(13,24), 0, 1
(13,25), 0, 1
(13,27), 0, 1
(13,28), 0, 1
(13,30), 0, 1
(13,33), 0, 1
(13,34), 0, 1
(13,35), 0, 1
(13,38), 0, 1
(13,39), 0, 1
(13,40), 0, 1
(13,42), 0, 1
(13,43), 0, 1
(13,44), 0, 1
(13,45), 0, 1
(13,46), 0, 1
(13,48), 0, 1
(13,51), 0, 1
(13,52), 0, 1
(13,53), 0, 1
(13,54), 0, 1
(13,55), 0, 1
(13,57), 0, 1
(13,58), 0, 1
(13,59), 0, 1
(13,60), 0, 1
(13,61), 0, 1
(13,62), 0, 1
(13,63), 0, 1
(13,64), 0, 1
(13,65), 0, 1
(13,66), 0, 1
(13,67), 0, 1
(13,68), 0, 1
(13,69), 0, 1
(13,70), 0, 1
(13,72), 0, 1
(13,73), 0, 1
(13,74), 0, 1
(13,75), 0, 1
(13,76), 0, 1
(13,77), 0, 1
(13,79), 0, 1
(13,80), 0, 1
(13,83), 0, 1
(13,84), 0, 1
(13,85), 0, 1
(13,86), 0, 1
(13,87), 0, 1
(13,88), 0, 1
(13,90), 0, 1
(14,13), 0, 1
(14,26), 0, 1
(14,56), 0, 1
(14,61), 0, 1
(14,70), 0, 1
(14,75), 0, 1
(14,90), 0, 1
(15,13), 0, 1
(15,20), 0, 1
(15,26), 0, 1
(15,56), 0, 1
(15,61), 0, 1
(15,70), 0, 1
(15,75), 0, 1
(15,90), 0, 1
(16,13), 0, 1
(16,20), 0, 1
(16,56), 0, 1
(16,61), 0, 1
(16,70), 0, 1
(16,75), 0, 1
(16,90), 0, 1
(17,13), 0, 1
(17,19), 0, 1
(17,24), 0, 1
(17,36), 0, 1
(17,40), 0, 1
(17,46), 0, 1
(17,64), 0, 1
(18,13), 0, 1
(18,16), 0, 1
(18,24), 0, 1
(18,36), 0, 1
(18,40), 0, 1
(18,46), 0, 1
(18,64), 0, 1
(19,47), 0, 1
(19,56), 0, 1
(19,75), 0, 1
(19,90), 0, 1
(20,13), 0, 1
(20,26), 0, 1
(20,29), 0, 1
(20,47), 0, 1
(20,56), 0, 1
(20,61), 0, 1
(20,70), 0, 1
(20,75), 0, 1
(21,1), 0, 1
(21,2), 0, 1
(21,4), 0, 1
(21,5), 0, 1
(21,7), 0, 1
(21,9), 0, 1
(21,10), 0, 1
(21,11), 0, 1
(21,12), 0, 1
(21,14), 0, 1
(21,15), 0, 1
(21,16), 0, 1
(21,17), 0, 1
(21,18), 0, 1
(21,19), 0, 1
(21,22), 0, 1
(21,23), 0, 1
(21,24), 0, 1
(21,25), 0, 1
(21,26), 0, 1
(21,27), 0, 1
(21,28), 0, 1
(21,30), 0, 1
(21,34), 0, 1
(21,36), 0, 1
(21,37), 0, 1
(21,38), 0, 1
(21,40), 0, 1
(21,42), 0, 1
(21,43), 0, 1
(21,44), 0, 1
(21,45), 0, 1
(21,46), 0, 1
(21,48), 0, 1
(21,49), 0, 1
(21,50), 0, 1
(21,52), 0, 1
(21,53), 0, 1
(21,54), 0, 1
(21,55), 0, 1
(21,57), 0, 1
(21,58), 0, 1
(21,59), 0, 1
(21,60), 0, 1
(21,61), 0, 1
(21,62), 0, 1
(21,63), 0, 1
(21,64), 0, 1
(21,66), 0, 1
(21,67), 0, 1
(21,68), 0, 1
(21,69), 0, 1
(21,70), 0, 1
(21,71), 0, 1
(21,72), 0, 1
(21,74), 0, 1
(21,75), 0, 1
(21,76), 0, 1
(21,77), 0, 1
(21,79), 0, 1
(21,80), 0, 1
(21,81), 0, 1
(21,84), 0, 1
(21,85), 0, 1
(21,86), 0, 1
(21,87), 0, 1
(21,88), 0, 1
(21,90), 0, 1
(22,13), 0, 1
(22,16), 0, 1
(22,24), 0, 1
(22,36), 0, 1
(22,46), 0, 1
(22,64), 0, 1
(22,84), 0, 1
(23,13), 0, 1
(23,19), 0, 1
(23,24), 0, 1
(23,36), 0, 1
(23,40), 0, 1
(23,46), 0, 1
(23,64), 0, 1
(23,81), 0, 1
(23,84), 0, 1
(24,26), 0, 1
(24,47), 0, 1
(24,61), 0, 1
(24,70), 0, 1
(24,75), 0, 1
(24,90), 0, 1
(25,13), 0, 1
(26,13), 0, 1
(27,13), 0, 1
(28,13), 0, 1
(28,16), 0, 1
(28,19), 0, 1
(28,24), 0, 1
(28,36), 0, 1
(28,46), 0, 1
(28,64), 0, 1
(29,13), 0, 1
(29,20), 0, 1
(29,26), 0, 1
(29,56), 0, 1
(29,61), 0, 1
(29,70), 0, 1
(29,75), 0, 1
(29,90), 0, 1
(30,13), 0, 1
(31,13), 0, 1
(31,26), 0, 1
(31,47), 0, 1
(31,70), 0, 1
(31,75), 0, 1
(31,90), 0, 1
(32,13), 0, 1
(33,0), 0, 1
(33,1), 0, 1
(33,2), 0, 1
(33,3), 0, 1
(33,4), 0, 1
(33,5), 0, 1
(33,6), 0, 1
(33,7), 0, 1
(33,8), 0, 1
(33,9), 0, 1
(33,10), 0, 1
(33,11), 0, 1
(33,12), 0, 1
(33,15), 0, 1
(33,16), 0, 1
(33,17), 0, 1
(33,18), 0, 1
(33,19), 0, 1
(33,22), 0, 1
(33,24), 0, 1
(33,25), 0, 1
(33,26), 0, 1
(33,27), 0, 1
(33,28), 0, 1
(33,34), 0, 1
(33,36), 0, 1
(33,37), 0, 1
(33,38), 0, 1
(33,39), 0, 1
(33,40), 0, 1
(33,42), 0, 1
(33,43), 0, 1
(33,44), 0, 1
(33,45), 0, 1
(33,46), 0, 1
(33,48), 0, 1
(33,49), 0, 1
(33,50), 0, 1
(33,51), 0, 1
(33,52), 0, 1
(33,53), 0, 1
(33,54), 0, 1
(33,55), 0, 1
(33,56), 0, 1
(33,57), 0, 1
(33,58), 0, 1
(33,60), 0, 1
(33,61), 0, 1
(33,62), 0, 1
(33,63), 0, 1
(33,64), 0, 1
(33,65), 0, 1
(33,66), 0, 1
(33,67), 0, 1
(33,69), 0, 1
(33,70), 0, 1
(33,71), 0, 1
(33,74), 0, 1
(33,75), 0, 1
(33,77), 0, 1
(33,78), 0, 1
(33,79), 0, 1
(33,80), 0, 1
(33,83), 0, 1
(33,84), 0, 1
(33,85), 0, 1
(33,86), 0, 1
(33,87), 0, 1
(33,90), 0, 1
(34,16), 0, 1
(34,24), 0, 1
(34,36), 0, 1
(34,40), 0, 1
(34,46), 0, 1
(34,64), 0, 1
(34,84), 0, 1
(35,1), 0, 1
(35,2), 0, 1
(35,3), 0, 1
(35,4), 0, 1
(35,5), 0, 1
(35,8), 0, 1
(35,10), 0, 1
(35,11), 0, 1
(35,12), 0, 1
(35,14), 0, 1
(35,15), 0, 1
(35,16), 0, 1
(35,17), 0, 1
(35,18), 0, 1
(35,19), 0, 1
(35,22), 0, 1
(35,23), 0, 1
(35,24), 0, 1
(35,25), 0, 1
(35,27), 0, 1
(35,28), 0, 1
(35,29), 0, 1
(35,30), 0, 1
(35,33), 0, 1
(35,34), 0, 1
(35,36), 0, 1
(35,37), 0, 1
(35,38), 0, 1
(35,39), 0, 1
(35,40), 0, 1
(35,43), 0, 1
(35,44), 0, 1
(35,45), 0, 1
(35,46), 0, 1
(35,48), 0, 1
(35,49), 0, 1
(35,50), 0, 1
(35,51), 0, 1
(35,52), 0, 1
(35,53), 0, 1
(35,54), 0, 1
(35,55), 0, 1
(35,57), 0, 1
(35,58), 0, 1
(35,60), 0, 1
(35,61), 0, 1
(35,62), 0, 1
(35,63), 0, 1
(35,64), 0, 1
(35,65), 0, 1
(35,66), 0, 1
(35,69), 0, 1
(35,71), 0, 1
(35,72), 0, 1
(35,73), 0, 1
(35,74), 0, 1
(35,75), 0, 1
(35,76), 0, 1
(35,77), 0, 1
(35,78), 0, 1
(35,79), 0, 1
(35,80), 0, 1
(35,83), 0, 1
(35,85), 0, 1
(35,86), 0, 1
(35,87), 0, 1
(35,88), 0, 1
(35,90), 0, 1
(35,91), 0, 1
(36,13), 0, 1
(36,20), 0, 1
(36,56), 0, 1
(36,61), 0, 1
(36,70), 0, 1
(36,75), 0, 1
(36,90), 0, 1
(37,13), 0, 1
(37,56), 0, 1
(37,61), 0, 1
(37,70), 0, 1
(37,75), 0, 1
(37,90), 0, 1
(38,13), 0, 1
(38,26), 0, 1
(38,56), 0, 1
(38,70), 0, 1
(38,75), 0, 1
(38,90), 0, 1
(39,56), 0, 1
(39,61), 0, 1
(39,70), 0, 1
(39,75), 0, 1
(39,90), 0, 1
(40,13), 0, 1
(40,26), 0, 1
(40,56), 0, 1
(40,70), 0, 1
(40,75), 0, 1
(40,90), 0, 1
(41,16), 0, 1
(41,19), 0, 1
(41,24), 0, 1
(41,36), 0, 1
(41,46), 0, 1
(41,64), 0, 1
(41,84), 0, 1
(42,0), 0, 1
(42,1), 0, 1
(42,3), 0, 1
(42,4), 0, 1
(42,5), 0, 1
(42,7), 0, 1
(42,8), 0, 1
(42,9), 0, 1
(42,10), 0, 1
(42,11), 0, 1
(42,12), 0, 1
(42,14), 0, 1
(42,15), 0, 1
(42,16), 0, 1
(42,17), 0, 1
(42,18), 0, 1
(42,19), 0, 1
(42,22), 0, 1
(42,23), 0, 1
(42,24), 0, 1
(42,25), 0, 1
(42,27), 0, 1
(42,28), 0, 1
(42,30), 0, 1
(42,32), 0, 1
(42,33), 0, 1
(42,34), 0, 1
(42,36), 0, 1
(42,37), 0, 1
(42,38), 0, 1
(42,39), 0, 1
(42,43), 0, 1
(42,44), 0, 1
(42,45), 0, 1
(42,46), 0, 1
(42,47), 0, 1
(42,48), 0, 1
(42,49), 0, 1
(42,50), 0, 1
(42,51), 0, 1
(42,52), 0, 1
(42,53), 0, 1
(42,54), 0, 1
(42,55), 0, 1
(42,57), 0, 1
(42,58), 0, 1
(42,59), 0, 1
(42,60), 0, 1
(42,61), 0, 1
(42,62), 0, 1
(42,63), 0, 1
(42,64), 0, 1
(42,66), 0, 1
(42,67), 0, 1
(42,68), 0, 1
(42,69), 0, 1
(42,70), 0, 1
(42,71), 0, 1
(42,74), 0, 1
(42,75), 0, 1
(42,76), 0, 1
(42,77), 0, 1
(42,79), 0, 1
(42,80), 0, 1
(42,81), 0, 1
(42,83), 0, 1
(42,84), 0, 1
(42,86), 0, 1
(42,87), 0, 1
(42,88), 0, 1
(42,90), 0, 1
(43,13), 0, 1
(43,16), 0, 1
(43,19), 0, 1
(43,24), 0, 1
(43,36), 0, 1
(43,46), 0, 1
(43,64), 0, 1
(43,84), 0, 1
(44,26), 0, 1
(44,56), 0, 1
(44,61), 0, 1
(44,70), 0, 1
(44,75), 0, 1
(45,26), 0, 1
(45,56), 0, 1
(45,70), 0, 1
(45,75), 0, 1
(45,90), 0, 1
(46,13), 0, 1
(47,13), 0, 1
(47,16), 0, 1
(47,19), 0, 1
(47,24), 0, 1
(47,36), 0, 1
(47,46), 0, 1
(47,64), 0, 1
(47,84), 0, 1
(48,13), 0, 1
(48,16), 0, 1
(48,24), 0, 1
(48,36), 0, 1
(48,40), 0, 1
(48,46), 0, 1
(48,64), 0, 1
(48,81), 0, 1
(48,84), 0, 1
(49,13), 0, 1
(49,16), 0, 1
(49,19), 0, 1
(49,24), 0, 1
(49,36), 0, 1
(49,40), 0, 1
(49,46), 0, 1
(49,84), 0, 1
(50,13), 0, 1
(50,26), 0, 1
(50,56), 0, 1
(50,61), 0, 1
(50,70), 0, 1
(50,75), 0, 1
(51,0), 0, 1
(51,1), 0, 1
(51,3), 0, 1
(51,4), 0, 1
(51,5), 0, 1
(51,7), 0, 1
(51,9), 0, 1
(51,10), 0, 1
(51,11), 0, 1
(51,12), 0, 1
(51,13), 0, 1
(51,14), 0, 1
(51,15), 0, 1
(51,16), 0, 1
(51,17), 0, 1
(51,18), 0, 1
(51,22), 0, 1
(51,23), 0, 1
(51,24), 0, 1
(51,25), 0, 1
(51,27), 0, 1
(51,28), 0, 1
(51,33), 0, 1
(51,34), 0, 1
(51,36), 0, 1
(51,37), 0, 1
(51,38), 0, 1
(51,39), 0, 1
(51,42), 0, 1
(51,43), 0, 1
(51,44), 0, 1
(51,45), 0, 1
(51,46), 0, 1
(51,48), 0, 1
(51,49), 0, 1
(51,50), 0, 1
(51,52), 0, 1
(51,54), 0, 1
(51,55), 0, 1
(51,56), 0, 1
(51,57), 0, 1
(51,58), 0, 1
(51,59), 0, 1
(51,60), 0, 1
(51,61), 0, 1
(51,62), 0, 1
(51,63), 0, 1
(51,64), 0, 1
(51,65), 0, 1
(51,66), 0, 1
(51,67), 0, 1
(51,68), 0, 1
(51,69), 0, 1
(51,71), 0, 1
(51,73), 0, 1
(51,74), 0, 1
(51,75), 0, 1
(51,76), 0, 1
(51,79), 0, 1
(51,80), 0, 1
(51,83), 0, 1
(51,84), 0, 1
(51,85), 0, 1
(51,86), 0, 1
(51,87), 0, 1
(51,88), 0, 1
(51,90), 0, 1
(52,13), 0, 1
(52,56), 0, 1
(52,61), 0, 1
(52,70), 0, 1
(52,75), 0, 1
(52,90), 0, 1
(53,56), 0, 1
(53,61), 0, 1
(53,70), 0, 1
(53,75), 0, 1
(53,90), 0, 1
(54,13), 0, 1
(54,16), 0, 1
(54,24), 0, 1
(54,36), 0, 1
(54,64), 0, 1
(54,84), 0, 1
(55,13), 0, 1
(55,26), 0, 1
(55,56), 0, 1
(55,61), 0, 1
(55,70), 0, 1
(55,75), 0, 1
(55,90), 0, 1
(56,13), 0, 1
(56,16), 0, 1
(56,19), 0, 1
(56,24), 0, 1
(56,36), 0, 1
(56,40), 0, 1
(56,46), 0, 1
(56,64), 0, 1
(56,81), 0, 1
(56,84), 0, 1
(57,26), 0, 1
(57,61), 0, 1
(57,70), 0, 1
(57,75), 0, 1
(57,90), 0, 1
(58,13), 0, 1
(58,19), 0, 1
(58,24), 0, 1
(58,36), 0, 1
(58,40), 0, 1
(58,46), 0, 1
(59,0), 0, 1
(59,3), 0, 1
(59,4), 0, 1
(59,5), 0, 1
(59,7), 0, 1
(59,8), 0, 1
(59,9), 0, 1
(59,10), 0, 1
(59,11), 0, 1
(59,12), 0, 1
(59,13), 0, 1
(59,14), 0, 1
(59,15), 0, 1
(59,16), 0, 1
(59,17), 0, 1
(59,18), 0, 1
(59,19), 0, 1
(59,22), 0, 1
(59,23), 0, 1
(59,24), 0, 1
(59,25), 0, 1
(59,26), 0, 1
(59,27), 0, 1
(59,28), 0, 1
(59,30), 0, 1
(59,33), 0, 1
(59,34), 0, 1
(59,36), 0, 1
(59,38), 0, 1
(59,39), 0, 1
(59,40), 0, 1
(59,42), 0, 1
(59,43), 0, 1
(59,44), 0, 1
(59,45), 0, 1
(59,46), 0, 1
(59,48), 0, 1
(59,50), 0, 1
(59,51), 0, 1
(59,52), 0, 1
(59,53), 0, 1
(59,54), 0, 1
(59,55), 0, 1
(59,57), 0, 1
(59,58), 0, 1
(59,60), 0, 1
(59,61), 0, 1
(59,63), 0, 1
(59,65), 0, 1
(59,66), 0, 1
(59,67), 0, 1
(59,69), 0, 1
(59,70), 0, 1
(59,71), 0, 1
(59,72), 0, 1
(59,73), 0, 1
(59,74), 0, 1
(59,75), 0, 1
(59,76), 0, 1
(59,77), 0, 1
(59,78), 0, 1
(59,79), 0, 1
(59,80), 0, 1
(59,83), 0, 1
(59,84), 0, 1
(59,85), 0, 1
(59,86), 0, 1
(59,87), 0, 1
(59,88), 0, 1
(59,90), 0, 1
(60,26), 0, 1
(60,56), 0, 1
(60,61), 0, 1
(60,70), 0, 1
(60,75), 0, 1
(60,90), 0, 1
(61,13), 0, 1
(61,20), 0, 1
(61,56), 0, 1
(61,75), 0, 1
(61,91), 0, 1
(62,13), 0, 1
(62,16), 0, 1
(62,19), 0, 1
(62,24), 0, 1
(62,36), 0, 1
(62,46), 0, 1
(62,64), 0, 1
(62,84), 0, 1
(63,13), 0, 1
(63,16), 0, 1
(63,19), 0, 1
(63,24), 0, 1
(63,36), 0, 1
(63,40), 0, 1
(63,46), 0, 1
(63,84), 0, 1
(64,13), 0, 1
(64,26), 0, 1
(64,61), 0, 1
(64,70), 0, 1
(64,75), 0, 1
(64,90), 0, 1
(65,26), 0, 1
(65,61), 0, 1
(65,70), 0, 1
(65,75), 0, 1
(65,90), 0, 1
(65,91), 0, 1
(66,13), 0, 1
(66,20), 0, 1
(66,56), 0, 1
(66,70), 0, 1
(66,75), 0, 1
(66,90), 0, 1
(67,0), 0, 1
(67,4), 0, 1
(67,5), 0, 1
(67,8), 0, 1
(67,9), 0, 1
(67,10), 0, 1
(67,11), 0, 1
(67,12), 0, 1
(67,13), 0, 1
(67,14), 0, 1
(67,15), 0, 1
(67,16), 0, 1
(67,17), 0, 1
(67,18), 0, 1
(67,22), 0, 1
(67,23), 0, 1
(67,24), 0, 1
(67,25), 0, 1
(67,26), 0, 1
(67,27), 0, 1
(67,28), 0, 1
(67,30), 0, 1
(67,33), 0, 1
(67,34), 0, 1
(67,38), 0, 1
(67,39), 0, 1
(67,43), 0, 1
(67,44), 0, 1
(67,45), 0, 1
(67,46), 0, 1
(67,48), 0, 1
(67,49), 0, 1
(67,50), 0, 1
(67,52), 0, 1
(67,53), 0, 1
(67,54), 0, 1
(67,55), 0, 1
(67,56), 0, 1
(67,57), 0, 1
(67,58), 0, 1
(67,61), 0, 1
(67,63), 0, 1
(67,64), 0, 1
(67,65), 0, 1
(67,66), 0, 1
(67,68), 0, 1
(67,69), 0, 1
(67,70), 0, 1
(67,71), 0, 1
(67,72), 0, 1
(67,74), 0, 1
(67,75), 0, 1
(67,76), 0, 1
(67,77), 0, 1
(67,78), 0, 1
(67,79), 0, 1
(67,80), 0, 1
(67,83), 0, 1
(67,85), 0, 1
(67,86), 0, 1
(67,87), 0, 1
(67,88), 0, 1
(67,90), 0, 1
(68,13), 0, 1
(68,26), 0, 1
(68,56), 0, 1
(68,61), 0, 1
(68,70), 0, 1
(68,75), 0, 1
(68,90), 0, 1
(69,13), 0, 1
(69,29), 0, 1
(69,56), 0, 1
(69,61), 0, 1
(69,70), 0, 1
(69,75), 0, 1
(70,13), 0, 1
(70,16), 0, 1
(70,19), 0, 1
(70,24), 0, 1
(70,36), 0, 1
(70,40), 0, 1
(70,46), 0, 1
(70,84), 0, 1
(71,13), 0, 1
(71,16), 0, 1
(71,19), 0, 1
(71,36), 0, 1
(71,40), 0, 1
(71,41), 0, 1
(71,46), 0, 1
(71,64), 0, 1
(71,84), 0, 1
(72,13), 0, 1
(72,26), 0, 1
(72,47), 0, 1
(72,56), 0, 1
(72,61), 0, 1
(72,70), 0, 1
(72,75), 0, 1
(73,16), 0, 1
(73,19), 0, 1
(73,24), 0, 1
(73,40), 0, 1
(73,41), 0, 1
(73,46), 0, 1
(73,84), 0, 1
(74,13), 0, 1
(75,0), 0, 1
(75,1), 0, 1
(75,3), 0, 1
(75,4), 0, 1
(75,5), 0, 1
(75,8), 0, 1
(75,9), 0, 1
(75,10), 0, 1
(75,11), 0, 1
(75,12), 0, 1
(75,13), 0, 1
(75,14), 0, 1
(75,15), 0, 1
(75,16), 0, 1
(75,17), 0, 1
(75,18), 0, 1
(75,19), 0, 1
(75,22), 0, 1
(75,23), 0, 1
(75,24), 0, 1
(75,25), 0, 1
(75,27), 0, 1
(75,28), 0, 1
(75,30), 0, 1
(75,33), 0, 1
(75,34), 0, 1
(75,37), 0, 1
(75,39), 0, 1
(75,40), 0, 1
(75,42), 0, 1
(75,43), 0, 1
(75,44), 0, 1
(75,46), 0, 1
(75,47), 0, 1
(75,48), 0, 1
(75,49), 0, 1
(75,50), 0, 1
(75,51), 0, 1
(75,52), 0, 1
(75,53), 0, 1
(75,55), 0, 1
(75,56), 0, 1
(75,57), 0, 1
(75,58), 0, 1
(75,59), 0, 1
(75,60), 0, 1
(75,61), 0, 1
(75,62), 0, 1
(75,63), 0, 1
(75,64), 0, 1
(75,65), 0, 1
(75,66), 0, 1
(75,67), 0, 1
(75,68), 0, 1
(75,69), 0, 1
(75,70), 0, 1
(75,71), 0, 1
(75,72), 0, 1
(75,73), 0, 1
(75,74), 0, 1
(75,76), 0, 1
(75,77), 0, 1
(75,79), 0, 1
(75,80), 0, 1
(75,83), 0, 1
(75,84), 0, 1
(75,85), 0, 1
(75,86), 0, 1
(75,88), 0, 1
(75,90), 0, 1
(76,13), 0, 1
(76,47), 0, 1
(76,56), 0, 1
(76,61), 0, 1
(76,70), 0, 1
(76,75), 0, 1
(76,90), 0, 1
(77,1), 0, 1
(77,2), 0, 1
(77,3), 0, 1
(77,4), 0, 1
(77,7), 0, 1
(77,8), 0, 1
(77,9), 0, 1
(77,10), 0, 1
(77,11), 0, 1
(77,12), 0, 1
(77,13), 0, 1
(77,14), 0, 1
(77,15), 0, 1
(77,16), 0, 1
(77,17), 0, 1
(77,18), 0, 1
(77,19), 0, 1
(77,22), 0, 1
(77,23), 0, 1
(77,24), 0, 1
(77,25), 0, 1
(77,26), 0, 1
(77,27), 0, 1
(77,28), 0, 1
(77,29), 0, 1
(77,30), 0, 1
(77,31), 0, 1
(77,33), 0, 1
(77,34), 0, 1
(77,36), 0, 1
(77,38), 0, 1
(77,39), 0, 1
(77,40), 0, 1
(77,42), 0, 1
(77,43), 0, 1
(77,44), 0, 1
(77,45), 0, 1
(77,46), 0, 1
(77,48), 0, 1
(77,49), 0, 1
(77,50), 0, 1
(77,51), 0, 1
(77,52), 0, 1
(77,54), 0, 1
(77,57), 0, 1
(77,58), 0, 1
(77,60), 0, 1
(77,62), 0, 1
(77,63), 0, 1
(77,64), 0, 1
(77,65), 0, 1
(77,66), 0, 1
(77,67), 0, 1
(77,68), 0, 1
(77,69), 0, 1
(77,70), 0, 1
(77,71), 0, 1
(77,72), 0, 1
(77,74), 0, 1
(77,75), 0, 1
(77,76), 0, 1
(77,78), 0, 1
(77,79), 0, 1
(77,80), 0, 1
(77,83), 0, 1
(77,84), 0, 1
(77,85), 0, 1
(77,86), 0, 1
(77,88), 0, 1
(77,89), 0, 1
(77,90), 0, 1
(77,91), 0, 1
(78,13), 0, 1
(78,16), 0, 1
(78,19), 0, 1
(78,24), 0, 1
(78,36), 0, 1
(78,40), 0, 1
(78,46), 0, 1
(78,64), 0, 1
(78,84), 0, 1
(79,13), 0, 1
(79,26), 0, 1
(79,56), 0, 1
(79,61), 0, 1
(79,75), 0, 1
(80,13), 0, 1
(80,16), 0, 1
(80,19), 0, 1
(80,24), 0, 1
(80,36), 0, 1
(80,46), 0, 1
(80,64), 0, 1
(80,84), 0, 1
(81,16), 0, 1
(81,24), 0, 1
(81,36), 0, 1
(81,46), 0, 1
(81,64), 0, 1
(82,13), 0, 1
(82,26), 0, 1
(82,56), 0, 1
(82,61), 0, 1
(82,70), 0, 1
(82,75), 0, 1
(82,90), 0, 1
(83,13), 0, 1
(83,16), 0, 1
(83,19), 0, 1
(83,24), 0, 1
(83,36), 0, 1
(83,40), 0, 1
(83,46), 0, 1
(83,84), 0, 1
(84,13), 0, 1
(85,16), 0, 1
(85,19), 0, 1
(85,24), 0, 1
(85,36), 0, 1
(85,40), 0, 1
(85,41), 0, 1
(85,46), 0, 1
(85,64), 0, 1
(85,84), 0, 1
(86,26), 0, 1
(86,61), 0, 1
(86,75), 0, 1
(87,13), 0, 1
(89,26), 0, 1
(89,56), 0, 1
(89,70), 0, 1
(89,75), 0, 1
(89,90), 0, 1
(91,13), 0, 1
(91,26), 0, 1
(91,70), 0, 1
(91,75), 0, 1
(92,13), 0, 1
(93,13), 0, 1
(93,19), 0, 1
(93,24), 0, 1
(93,36), 0, 1
(93,46), 0, 1
(93,64), 0, 1
(94,0), 0, 1
(94,1), 0, 1
(94,2), 0, 1
(94,3), 0, 1
(94,4), 0, 1
(94,5), 0, 1
(94,7), 0, 1
(94,8), 0, 1
(94,9), 0, 1
(94,11), 0, 1
(94,12), 0, 1
(94,13), 0, 1
(94,14), 0, 1
(94,15), 0, 1
(94,16), 0, 1
(94,17), 0, 1
(94,18), 0, 1
(94,19), 0, 1
(94,22), 0, 1
(94,23), 0, 1
(94,24), 0, 1
(94,25), 0, 1
(94,26), 0, 1
(94,27), 0, 1
(94,28), 0, 1
(94,33), 0, 1
(94,34), 0, 1
(94,36), 0, 1
(94,37), 0, 1
(94,38), 0, 1
(94,39), 0, 1
(94,42), 0, 1
(94,43), 0, 1
(94,44), 0, 1
(94,45), 0, 1
(94,46), 0, 1
(94,47), 0, 1
(94,48), 0, 1
(94,49), 0, 1
(94,50), 0, 1
(94,51), 0, 1
(94,52), 0, 1
(94,53), 0, 1
(94,54), 0, 1
(94,55), 0, 1
(94,56), 0, 1
(94,57), 0, 1
(94,58), 0, 1
(94,59), 0, 1
(94,60), 0, 1
(94,63), 0, 1
(94,64), 0, 1
(94,65), 0, 1
(94,66), 0, 1
(94,67), 0, 1
(94,69), 0, 1
(94,70), 0, 1
(94,71), 0, 1
(94,72), 0, 1
(94,75), 0, 1
(94,76), 0, 1
(94,77), 0, 1
(94,78), 0, 1
(94,79), 0, 1
(94,80), 0, 1
(94,85), 0, 1
(94,86), 0, 1
(94,87), 0, 1
(94,90), 0, 1
(95,0), 0, 1
(95,1), 0, 1
(95,2), 0, 1
(95,3), 0, 1
(95,4), 0, 1
(95,5), 0, 1
(95,7), 0, 1
(95,8), 0, 1
(95,11), 0, 1
(95,12), 0, 1
(95,13), 0, 1
(95,14), 0, 1
(95,15), 0, 1
(95,16), 0, 1
(95,17), 0, 1
(95,18), 0, 1
(95,19), 0, 1
(95,22), 0, 1
(95,23), 0, 1
(95,24), 0, 1
(95,25), 0, 1
(95,27), 0, 1
(95,28), 0, 1
(95,30), 0, 1
(95,33), 0, 1
(95,34), 0, 1
(95,36), 0, 1
(95,38), 0, 1
(95,39), 0, 1
(95,42), 0, 1
(95,43), 0, 1
(95,44), 0, 1
(95,45), 0, 1
(95,46), 0, 1
(95,48), 0, 1
(95,51), 0, 1
(95,53), 0, 1
(95,54), 0, 1
(95,55), 0, 1
(95,57), 0, 1
(95,58), 0, 1
(95,59), 0, 1
(95,60), 0, 1
(95,61), 0, 1
(95,62), 0, 1
(95,64), 0, 1
(95,66), 0, 1
(95,67), 0, 1
(95,68), 0, 1
(95,69), 0, 1
(95,70), 0, 1
(95,71), 0, 1
(95,74), 0, 1
(95,75), 0, 1
(95,76), 0, 1
(95,77), 0, 1
(95,78), 0, 1
(95,79), 0, 1
(95,80), 0, 1
(95,83), 0, 1
(95,85), 0, 1
(95,87), 0, 1
(95,88), 0, 1
(95,90), 0, 1
(96,13), 0, 1
(96,26), 0, 1
(96,70), 0, 1
(96,75), 0, 1
(97,0), 0, 1
(97,1), 0, 1
(97,3), 0, 1
(97,4), 0, 1
(97,5), 0, 1
(97,7), 0, 1
(97,8), 0, 1
(97,10), 0, 1
(97,11), 0, 1
(97,12), 0, 1
(97,13), 0, 1
(97,14), 0, 1
(97,15), 0, 1
(97,16), 0, 1
(97,17), 0, 1
(97,18), 0, 1
(97,19), 0, 1
(97,22), 0, 1
(97,23), 0, 1
(97,24), 0, 1
(97,25), 0, 1
(97,26), 0, 1
(97,27), 0, 1
(97,28), 0, 1
(97,30), 0, 1
(97,33), 0, 1
(97,34), 0, 1
(97,36), 0, 1
(97,37), 0, 1
(97,38), 0, 1
(97,39), 0, 1
(97,40), 0, 1
(97,42), 0, 1
(97,43), 0, 1
(97,44), 0, 1
(97,45), 0, 1
(97,46), 0, 1
(97,48), 0, 1
(97,49), 0, 1
(97,50), 0, 1
(97,53), 0, 1
(97,54), 0, 1
(97,57), 0, 1
(97,58), 0, 1
(97,59), 0, 1
(97,60), 0, 1
(97,62), 0, 1
(97,63), 0, 1
(97,64), 0, 1
(97,65), 0, 1
(97,66), 0, 1
(97,67), 0, 1
(97,68), 0, 1
(97,69), 0, 1
(97,70), 0, 1
(97,71), 0, 1
(97,72), 0, 1
(97,73), 0, 1
(97,74), 0, 1
(97,75), 0, 1
(97,76), 0, 1
(97,77), 0, 1
(97,79), 0, 1
(97,80), 0, 1
(97,83), 0, 1
(97,85), 0, 1
(97,86), 0, 1
(97,87), 0, 1
(97,88), 0, 1
(97,90), 0, 1
(98,1), 0, 1
(98,2), 0, 1
(98,4), 0, 1
(98,5), 0, 1
(98,7), 0, 1
(98,8), 0, 1
(98,9), 0, 1
(98,10), 0, 1
(98,11), 0, 1
(98,12), 0, 1
(98,13), 0, 1
(98,14), 0, 1
(98,15), 0, 1
(98,16), 0, 1
(98,17), 0, 1
(98,18), 0, 1
(98,19), 0, 1
(98,22), 0, 1
(98,24), 0, 1
(98,25), 0, 1
(98,27), 0, 1
(98,28), 0, 1
(98,30), 0, 1
(98,33), 0, 1
(98,34), 0, 1
(98,36), 0, 1
(98,38), 0, 1
(98,39), 0, 1
(98,40), 0, 1
(98,41), 0, 1
(98,42), 0, 1
(98,43), 0, 1
(98,44), 0, 1
(98,46), 0, 1
(98,48), 0, 1
(98,49), 0, 1
(98,50), 0, 1
(98,51), 0, 1
(98,52), 0, 1
(98,53), 0, 1
(98,54), 0, 1
(98,56), 0, 1
(98,57), 0, 1
(98,58), 0, 1
(98,59), 0, 1
(98,60), 0, 1
(98,61), 0, 1
(98,62), 0, 1
(98,63), 0, 1
(98,65), 0, 1
(98,66), 0, 1
(98,67), 0, 1
(98,68), 0, 1
(98,69), 0, 1
(98,71), 0, 1
(98,72), 0, 1
(98,73), 0, 1
(98,74), 0, 1
(98,75), 0, 1
(98,76), 0, 1
(98,77), 0, 1
(98,78), 0, 1
(98,79), 0, 1
(98,80), 0, 1
(98,83), 0, 1
(98,84), 0, 1
(98,85), 0, 1
(98,87), 0, 1
(98,88), 0, 1
(98,90), 0, 1
(99,1), 0, 1
(99,3), 0, 1
(99,4), 0, 1
(99,5), 0, 1
(99,7), 0, 1
(99,8), 0, 1
(99,9), 0, 1
(99,10), 0, 1
(99,11), 0, 1
(99,12), 0, 1
(99,13), 0, 1
(99,15), 0, 1
(99,16), 0, 1
(99,17), 0, 1
(99,18), 0, 1
(99,19), 0, 1
(99,22), 0, 1
(99,23), 0, 1
(99,24), 0, 1
(99,25), 0, 1
(99,26), 0, 1
(99,27), 0, 1
(99,28), 0, 1
(99,30), 0, 1
(99,33), 0, 1
(99,34), 0, 1
(99,37), 0, 1
(99,38), 0, 1
(99,39), 0, 1
(99,40), 0, 1
(99,43), 0, 1
(99,44), 0, 1
(99,46), 0, 1
(99,48), 0, 1
(99,49), 0, 1
(99,50), 0, 1
(99,51), 0, 1
(99,52), 0, 1
(99,54), 0, 1
(99,57), 0, 1
(99,58), 0, 1
(99,60), 0, 1
(99,62), 0, 1
(99,63), 0, 1
(99,64), 0, 1
(99,65), 0, 1
(99,66), 0, 1
(99,67), 0, 1
(99,68), 0, 1
(99,69), 0, 1
(99,70), 0, 1
(99,71), 0, 1
(99,72), 0, 1
(99,73), 0, 1
(99,74), 0, 1
(99,75), 0, 1
(99,77), 0, 1
(99,79), 0, 1
(99,80), 0, 1
(99,83), 0, 1
(99,84), 0, 1
(99,85), 0, 1
(99,86), 0, 1
(99,87), 0, 1
(99,88), 0, 1
