Nr_Pairs = 95
Nr_NDD = 5
Nr_Arcs = 1704
0	0.05
1	0.05
2	0.05
3	0.05
4	0.05
5	0.05
6	0.05
7	0.2875000000000001
8	0.9
9	0.05
10	0.05
11	0.1
12	0.05
13	0.9
14	0.05
15	0.1
16	0.05
17	0.1
18	0.05
19	0.1
20	0.9
21	0.05
22	0.2875000000000001
23	0.9
24	0.925
25	0.2875000000000001
26	0.9
27	0.32499999999999996
28	0.9
29	0.9
30	0.2875000000000001
31	0.05
32	0.9
33	0.2875000000000001
34	0.1
35	0.1
36	0.2875000000000001
37	0.2875000000000001
38	0.2875000000000001
39	0.05
40	0.2875000000000001
41	0.1
42	0.05
43	0.9
44	0.05
45	0.9
46	0.9
47	0.2875000000000001
48	0.2875000000000001
49	0.9
50	0.05
51	0.9
52	0.2875000000000001
53	0.05
54	0.1
55	0.05
56	0.05
57	0.05
58	0.2875000000000001
59	0.9
60	0.05
61	0.05
62	0.9
63	0.05
64	0.05
65	0.05
66	0.05
67	0.05
68	0.9
69	0.2875000000000001
70	0.2875000000000001
71	0.05
72	0.925
73	0.2875000000000001
74	0.05
75	0.05
76	0.05
77	0.2875000000000001
78	0.9
79	0.05
80	0.2875000000000001
81	0.925
82	0.2875000000000001
83	0.05
84	0.05
85	0.2875000000000001
86	0.05
87	0.9
88	0.1
89	0.2875000000000001
90	0.05
91	0.1
92	0.2875000000000001
93	0.05
94	0.05
95	0.0
96	0.0
97	0.0
98	0.0
99	0.0
(0,9), 0, 1
(0,19), 0, 1
(0,21), 0, 1
(0,33), 0, 1
(0,39), 0, 1
(0,75), 0, 1
(1,9), 0, 1
(1,19), 0, 1
(1,21), 0, 1
(1,25), 0, 1
(1,33), 0, 1
(1,39), 0, 1
(1,69), 0, 1
(1,75), 0, 1
(1,89), 0, 1
(3,6), 0, 1
(3,38), 0, 1
(3,50), 0, 1
(3,54), 0, 1
(3,56), 0, 1
(3,60), 0, 1
(3,64), 0, 1
(3,74), 0, 1
(3,93), 0, 1
(4,6), 0, 1
(4,50), 0, 1
(4,56), 0, 1
(4,60), 0, 1
(4,64), 0, 1
(4,74), 0, 1
(4,93), 0, 1
(5,9), 0, 1
(5,19), 0, 1
(5,21), 0, 1
(5,25), 0, 1
(5,39), 0, 1
(5,69), 0, 1
(5,75), 0, 1
(5,89), 0, 1
(7,0), 0, 1
(7,1), 0, 1
(7,2), 0, 1
(7,3), 0, 1
(7,4), 0, 1
(7,5), 0, 1
(7,6), 0, 1
(7,9), 0, 1
(7,10), 0, 1
(7,11), 0, 1
(7,12), 0, 1
(7,14), 0, 1
(7,15), 0, 1
(7,16), 0, 1
(7,17), 0, 1
(7,18), 0, 1
(7,19), 0, 1
(7,21), 0, 1
(7,22), 0, 1
(7,24), 0, 1
(7,25), 0, 1
(7,31), 0, 1
(7,34), 0, 1
(7,35), 0, 1
(7,36), 0, 1
(7,37), 0, 1
(7,38), 0, 1
(7,39), 0, 1
(7,40), 0, 1
(7,42), 0, 1
(7,44), 0, 1
(7,47), 0, 1
(7,50), 0, 1
(7,52), 0, 1
(7,53), 0, 1
(7,54), 0, 1
(7,55), 0, 1
(7,56), 0, 1
(7,57), 0, 1
(7,58), 0, 1
(7,60), 0, 1
(7,61), 0, 1
(7,62), 0, 1
(7,63), 0, 1
(7,64), 0, 1
(7,65), 0, 1
(7,66), 0, 1
(7,67), 0, 1
(7,69), 0, 1
(7,70), 0, 1
(7,71), 0, 1
(7,74), 0, 1
(7,75), 0, 1
(7,78), 0, 1
(7,79), 0, 1
(7,83), 0, 1
(7,84), 0, 1
(7,86), 0, 1
(7,88), 0, 1
(7,90), 0, 1
(7,91), 0, 1
(7,92), 0, 1
(7,93), 0, 1
(7,94), 0, 1
(8,6), 0, 1
(8,7), 0, 1
(8,38), 0, 1
(8,50), 0, 1
(8,54), 0, 1
(8,56), 0, 1
(8,60), 0, 1
(8,64), 0, 1
(8,74), 0, 1
(8,93), 0, 1
(10,9), 0, 1
(10,19), 0, 1
(10,21), 0, 1
(10,39), 0, 1
(10,69), 0, 1
(10,75), 0, 1
(10,89), 0, 1
(11,9), 0, 1
(11,19), 0, 1
(11,20), 0, 1
(11,21), 0, 1
(11,39), 0, 1
(11,69), 0, 1
(11,75), 0, 1
(11,89), 0, 1
(12,9), 0, 1
(12,19), 0, 1
(12,20), 0, 1
(12,21), 0, 1
(12,25), 0, 1
(12,33), 0, 1
(12,39), 0, 1
(12,69), 0, 1
(12,75), 0, 1
(12,89), 0, 1
(13,6), 0, 1
(13,7), 0, 1
(13,38), 0, 1
(13,50), 0, 1
(13,54), 0, 1
(13,56), 0, 1
(13,60), 0, 1
(13,64), 0, 1
(13,74), 0, 1
(13,93), 0, 1
(14,9), 0, 1
(14,19), 0, 1
(14,21), 0, 1
(14,25), 0, 1
(14,39), 0, 1
(14,69), 0, 1
(14,75), 0, 1
(15,6), 0, 1
(15,7), 0, 1
(15,50), 0, 1
(15,54), 0, 1
(15,56), 0, 1
(15,60), 0, 1
(15,64), 0, 1
(15,74), 0, 1
(15,93), 0, 1
(16,9), 0, 1
(16,19), 0, 1
(16,20), 0, 1
(16,21), 0, 1
(16,25), 0, 1
(16,33), 0, 1
(16,39), 0, 1
(16,75), 0, 1
(16,89), 0, 1
(17,6), 0, 1
(17,7), 0, 1
(17,20), 0, 1
(17,38), 0, 1
(17,45), 0, 1
(17,54), 0, 1
(17,56), 0, 1
(17,64), 0, 1
(17,74), 0, 1
(17,93), 0, 1
(18,9), 0, 1
(18,19), 0, 1
(18,21), 0, 1
(18,33), 0, 1
(18,39), 0, 1
(18,75), 0, 1
(18,89), 0, 1
(20,0), 0, 1
(20,1), 0, 1
(20,2), 0, 1
(20,3), 0, 1
(20,4), 0, 1
(20,5), 0, 1
(20,7), 0, 1
(20,9), 0, 1
(20,10), 0, 1
(20,11), 0, 1
(20,12), 0, 1
(20,14), 0, 1
(20,15), 0, 1
(20,16), 0, 1
(20,18), 0, 1
(20,19), 0, 1
(20,21), 0, 1
(20,22), 0, 1
(20,30), 0, 1
(20,31), 0, 1
(20,34), 0, 1
(20,35), 0, 1
(20,36), 0, 1
(20,37), 0, 1
(20,38), 0, 1
(20,39), 0, 1
(20,40), 0, 1
(20,42), 0, 1
(20,44), 0, 1
(20,47), 0, 1
(20,48), 0, 1
(20,50), 0, 1
(20,52), 0, 1
(20,53), 0, 1
(20,54), 0, 1
(20,55), 0, 1
(20,56), 0, 1
(20,57), 0, 1
(20,58), 0, 1
(20,59), 0, 1
(20,60), 0, 1
(20,61), 0, 1
(20,62), 0, 1
(20,63), 0, 1
(20,64), 0, 1
(20,65), 0, 1
(20,66), 0, 1
(20,67), 0, 1
(20,69), 0, 1
(20,71), 0, 1
(20,74), 0, 1
(20,75), 0, 1
(20,76), 0, 1
(20,77), 0, 1
(20,78), 0, 1
(20,79), 0, 1
(20,80), 0, 1
(20,82), 0, 1
(20,83), 0, 1
(20,84), 0, 1
(20,86), 0, 1
(20,88), 0, 1
(20,89), 0, 1
(20,91), 0, 1
(20,92), 0, 1
(20,93), 0, 1
(21,6), 0, 1
(21,7), 0, 1
(21,38), 0, 1
(21,50), 0, 1
(21,54), 0, 1
(21,56), 0, 1
(21,60), 0, 1
(21,64), 0, 1
(21,74), 0, 1
(21,93), 0, 1
(22,6), 0, 1
(22,7), 0, 1
(22,50), 0, 1
(22,54), 0, 1
(22,56), 0, 1
(22,60), 0, 1
(22,64), 0, 1
(23,6), 0, 1
(23,38), 0, 1
(23,43), 0, 1
(23,45), 0, 1
(23,54), 0, 1
(23,56), 0, 1
(23,60), 0, 1
(23,64), 0, 1
(23,74), 0, 1
(23,93), 0, 1
(24,9), 0, 1
(24,19), 0, 1
(24,21), 0, 1
(24,25), 0, 1
(24,39), 0, 1
(24,75), 0, 1
(25,9), 0, 1
(25,19), 0, 1
(25,21), 0, 1
(25,39), 0, 1
(25,69), 0, 1
(25,75), 0, 1
(26,6), 0, 1
(26,7), 0, 1
(26,38), 0, 1
(26,50), 0, 1
(26,56), 0, 1
(26,60), 0, 1
(26,64), 0, 1
(26,74), 0, 1
(26,93), 0, 1
(27,6), 0, 1
(27,20), 0, 1
(27,29), 0, 1
(27,38), 0, 1
(27,45), 0, 1
(27,54), 0, 1
(27,56), 0, 1
(27,64), 0, 1
(27,74), 0, 1
(27,93), 0, 1
(28,0), 0, 1
(28,1), 0, 1
(28,2), 0, 1
(28,3), 0, 1
(28,4), 0, 1
(28,5), 0, 1
(28,6), 0, 1
(28,8), 0, 1
(28,9), 0, 1
(28,11), 0, 1
(28,12), 0, 1
(28,14), 0, 1
(28,15), 0, 1
(28,16), 0, 1
(28,17), 0, 1
(28,18), 0, 1
(28,19), 0, 1
(28,21), 0, 1
(28,25), 0, 1
(28,27), 0, 1
(28,31), 0, 1
(28,34), 0, 1
(28,35), 0, 1
(28,36), 0, 1
(28,37), 0, 1
(28,38), 0, 1
(28,39), 0, 1
(28,40), 0, 1
(28,41), 0, 1
(28,42), 0, 1
(28,44), 0, 1
(28,47), 0, 1
(28,49), 0, 1
(28,50), 0, 1
(28,52), 0, 1
(28,53), 0, 1
(28,55), 0, 1
(28,56), 0, 1
(28,57), 0, 1
(28,58), 0, 1
(28,60), 0, 1
(28,61), 0, 1
(28,63), 0, 1
(28,64), 0, 1
(28,65), 0, 1
(28,66), 0, 1
(28,67), 0, 1
(28,70), 0, 1
(28,71), 0, 1
(28,73), 0, 1
(28,74), 0, 1
(28,75), 0, 1
(28,76), 0, 1
(28,77), 0, 1
(28,79), 0, 1
(28,83), 0, 1
(28,84), 0, 1
(28,85), 0, 1
(28,86), 0, 1
(28,88), 0, 1
(28,89), 0, 1
(28,90), 0, 1
(28,92), 0, 1
(28,93), 0, 1
(28,94), 0, 1
(29,0), 0, 1
(29,1), 0, 1
(29,2), 0, 1
(29,3), 0, 1
(29,4), 0, 1
(29,5), 0, 1
(29,6), 0, 1
(29,7), 0, 1
(29,8), 0, 1
(29,9), 0, 1
(29,10), 0, 1
(29,11), 0, 1
(29,12), 0, 1
(29,13), 0, 1
(29,14), 0, 1
(29,15), 0, 1
(29,16), 0, 1
(29,17), 0, 1
(29,18), 0, 1
(29,19), 0, 1
(29,21), 0, 1
(29,22), 0, 1
(29,23), 0, 1
(29,25), 0, 1
(29,31), 0, 1
(29,32), 0, 1
(29,33), 0, 1
(29,34), 0, 1
(29,35), 0, 1
(29,38), 0, 1
(29,39), 0, 1
(29,40), 0, 1
(29,41), 0, 1
(29,42), 0, 1
(29,44), 0, 1
(29,47), 0, 1
(29,49), 0, 1
(29,50), 0, 1
(29,51), 0, 1
(29,52), 0, 1
(29,53), 0, 1
(29,54), 0, 1
(29,55), 0, 1
(29,56), 0, 1
(29,57), 0, 1
(29,60), 0, 1
(29,61), 0, 1
(29,63), 0, 1
(29,64), 0, 1
(29,65), 0, 1
(29,66), 0, 1
(29,67), 0, 1
(29,69), 0, 1
(29,71), 0, 1
(29,73), 0, 1
(29,74), 0, 1
(29,75), 0, 1
(29,76), 0, 1
(29,79), 0, 1
(29,80), 0, 1
(29,82), 0, 1
(29,83), 0, 1
(29,84), 0, 1
(29,85), 0, 1
(29,86), 0, 1
(29,88), 0, 1
(29,91), 0, 1
(29,92), 0, 1
(29,94), 0, 1
(30,9), 0, 1
(30,19), 0, 1
(30,21), 0, 1
(30,25), 0, 1
(30,39), 0, 1
(30,69), 0, 1
(30,75), 0, 1
(30,89), 0, 1
(31,9), 0, 1
(31,19), 0, 1
(31,21), 0, 1
(31,25), 0, 1
(31,33), 0, 1
(31,39), 0, 1
(31,69), 0, 1
(31,75), 0, 1
(33,6), 0, 1
(33,7), 0, 1
(33,38), 0, 1
(33,50), 0, 1
(33,54), 0, 1
(33,56), 0, 1
(33,60), 0, 1
(33,64), 0, 1
(33,74), 0, 1
(33,93), 0, 1
(34,9), 0, 1
(34,21), 0, 1
(34,33), 0, 1
(34,39), 0, 1
(34,69), 0, 1
(34,75), 0, 1
(34,89), 0, 1
(35,6), 0, 1
(35,7), 0, 1
(35,38), 0, 1
(35,43), 0, 1
(35,45), 0, 1
(35,50), 0, 1
(35,54), 0, 1
(35,56), 0, 1
(35,60), 0, 1
(35,64), 0, 1
(35,74), 0, 1
(35,93), 0, 1
(36,6), 0, 1
(36,7), 0, 1
(36,38), 0, 1
(36,50), 0, 1
(36,54), 0, 1
(36,56), 0, 1
(36,60), 0, 1
(36,64), 0, 1
(36,74), 0, 1
(36,93), 0, 1
(37,6), 0, 1
(37,7), 0, 1
(37,20), 0, 1
(37,29), 0, 1
(37,38), 0, 1
(37,50), 0, 1
(37,54), 0, 1
(37,56), 0, 1
(37,60), 0, 1
(37,64), 0, 1
(37,74), 0, 1
(37,93), 0, 1
(39,6), 0, 1
(39,7), 0, 1
(39,50), 0, 1
(39,54), 0, 1
(39,56), 0, 1
(39,60), 0, 1
(39,64), 0, 1
(39,74), 0, 1
(39,93), 0, 1
(40,9), 0, 1
(40,19), 0, 1
(40,21), 0, 1
(40,33), 0, 1
(40,39), 0, 1
(40,69), 0, 1
(40,75), 0, 1
(40,89), 0, 1
(41,6), 0, 1
(41,7), 0, 1
(41,38), 0, 1
(41,50), 0, 1
(41,56), 0, 1
(41,60), 0, 1
(41,64), 0, 1
(41,74), 0, 1
(41,93), 0, 1
(42,6), 0, 1
(42,38), 0, 1
(42,43), 0, 1
(42,50), 0, 1
(42,54), 0, 1
(42,56), 0, 1
(42,60), 0, 1
(42,64), 0, 1
(42,74), 0, 1
(42,93), 0, 1
(43,0), 0, 1
(43,1), 0, 1
(43,2), 0, 1
(43,4), 0, 1
(43,5), 0, 1
(43,6), 0, 1
(43,7), 0, 1
(43,9), 0, 1
(43,10), 0, 1
(43,11), 0, 1
(43,12), 0, 1
(43,14), 0, 1
(43,15), 0, 1
(43,16), 0, 1
(43,17), 0, 1
(43,18), 0, 1
(43,19), 0, 1
(43,21), 0, 1
(43,25), 0, 1
(43,27), 0, 1
(43,30), 0, 1
(43,31), 0, 1
(43,33), 0, 1
(43,34), 0, 1
(43,35), 0, 1
(43,37), 0, 1
(43,38), 0, 1
(43,39), 0, 1
(43,41), 0, 1
(43,42), 0, 1
(43,44), 0, 1
(43,50), 0, 1
(43,51), 0, 1
(43,53), 0, 1
(43,55), 0, 1
(43,56), 0, 1
(43,57), 0, 1
(43,58), 0, 1
(43,60), 0, 1
(43,61), 0, 1
(43,63), 0, 1
(43,64), 0, 1
(43,65), 0, 1
(43,66), 0, 1
(43,67), 0, 1
(43,69), 0, 1
(43,71), 0, 1
(43,73), 0, 1
(43,75), 0, 1
(43,76), 0, 1
(43,77), 0, 1
(43,79), 0, 1
(43,80), 0, 1
(43,82), 0, 1
(43,83), 0, 1
(43,84), 0, 1
(43,85), 0, 1
(43,86), 0, 1
(43,88), 0, 1
(43,89), 0, 1
(43,90), 0, 1
(43,91), 0, 1
(43,92), 0, 1
(43,93), 0, 1
(43,94), 0, 1
(44,6), 0, 1
(44,38), 0, 1
(44,50), 0, 1
(44,54), 0, 1
(44,56), 0, 1
(44,60), 0, 1
(44,64), 0, 1
(44,74), 0, 1
(44,93), 0, 1
(45,9), 0, 1
(45,19), 0, 1
(45,21), 0, 1
(45,25), 0, 1
(45,39), 0, 1
(45,75), 0, 1
(45,89), 0, 1
(46,9), 0, 1
(46,19), 0, 1
(46,21), 0, 1
(46,25), 0, 1
(46,33), 0, 1
(46,39), 0, 1
(46,69), 0, 1
(46,75), 0, 1
(46,89), 0, 1
(47,0), 0, 1
(47,1), 0, 1
(47,2), 0, 1
(47,3), 0, 1
(47,4), 0, 1
(47,5), 0, 1
(47,6), 0, 1
(47,9), 0, 1
(47,10), 0, 1
(47,11), 0, 1
(47,12), 0, 1
(47,14), 0, 1
(47,15), 0, 1
(47,17), 0, 1
(47,18), 0, 1
(47,19), 0, 1
(47,21), 0, 1
(47,22), 0, 1
(47,25), 0, 1
(47,27), 0, 1
(47,29), 0, 1
(47,30), 0, 1
(47,31), 0, 1
(47,33), 0, 1
(47,35), 0, 1
(47,37), 0, 1
(47,38), 0, 1
(47,39), 0, 1
(47,40), 0, 1
(47,41), 0, 1
(47,42), 0, 1
(47,44), 0, 1
(47,48), 0, 1
(47,50), 0, 1
(47,52), 0, 1
(47,53), 0, 1
(47,54), 0, 1
(47,55), 0, 1
(47,56), 0, 1
(47,57), 0, 1
(47,58), 0, 1
(47,60), 0, 1
(47,61), 0, 1
(47,63), 0, 1
(47,64), 0, 1
(47,65), 0, 1
(47,66), 0, 1
(47,67), 0, 1
(47,69), 0, 1
(47,70), 0, 1
(47,71), 0, 1
(47,74), 0, 1
(47,75), 0, 1
(47,76), 0, 1
(47,77), 0, 1
(47,79), 0, 1
(47,82), 0, 1
(47,83), 0, 1
(47,84), 0, 1
(47,85), 0, 1
(47,86), 0, 1
(47,88), 0, 1
(47,89), 0, 1
(47,90), 0, 1
(47,92), 0, 1
(47,93), 0, 1
(47,94), 0, 1
(48,0), 0, 1
(48,1), 0, 1
(48,2), 0, 1
(48,3), 0, 1
(48,4), 0, 1
(48,5), 0, 1
(48,6), 0, 1
(48,7), 0, 1
(48,9), 0, 1
(48,10), 0, 1
(48,12), 0, 1
(48,13), 0, 1
(48,14), 0, 1
(48,15), 0, 1
(48,16), 0, 1
(48,17), 0, 1
(48,18), 0, 1
(48,19), 0, 1
(48,21), 0, 1
(48,22), 0, 1
(48,28), 0, 1
(48,30), 0, 1
(48,31), 0, 1
(48,34), 0, 1
(48,35), 0, 1
(48,36), 0, 1
(48,37), 0, 1
(48,39), 0, 1
(48,40), 0, 1
(48,41), 0, 1
(48,42), 0, 1
(48,43), 0, 1
(48,44), 0, 1
(48,47), 0, 1
(48,52), 0, 1
(48,53), 0, 1
(48,54), 0, 1
(48,55), 0, 1
(48,56), 0, 1
(48,57), 0, 1
(48,58), 0, 1
(48,59), 0, 1
(48,60), 0, 1
(48,61), 0, 1
(48,63), 0, 1
(48,64), 0, 1
(48,65), 0, 1
(48,66), 0, 1
(48,67), 0, 1
(48,69), 0, 1
(48,70), 0, 1
(48,71), 0, 1
(48,72), 0, 1
(48,73), 0, 1
(48,74), 0, 1
(48,75), 0, 1
(48,76), 0, 1
(48,77), 0, 1
(48,79), 0, 1
(48,80), 0, 1
(48,82), 0, 1
(48,83), 0, 1
(48,84), 0, 1
(48,85), 0, 1
(48,86), 0, 1
(48,89), 0, 1
(48,90), 0, 1
(48,91), 0, 1
(48,92), 0, 1
(48,93), 0, 1
(48,94), 0, 1
(49,20), 0, 1
(50,9), 0, 1
(50,19), 0, 1
(50,21), 0, 1
(50,25), 0, 1
(50,33), 0, 1
(50,39), 0, 1
(50,69), 0, 1
(50,75), 0, 1
(50,89), 0, 1
(51,0), 0, 1
(51,1), 0, 1
(51,2), 0, 1
(51,3), 0, 1
(51,4), 0, 1
(51,6), 0, 1
(51,7), 0, 1
(51,9), 0, 1
(51,10), 0, 1
(51,11), 0, 1
(51,12), 0, 1
(51,14), 0, 1
(51,15), 0, 1
(51,16), 0, 1
(51,17), 0, 1
(51,19), 0, 1
(51,21), 0, 1
(51,22), 0, 1
(51,25), 0, 1
(51,30), 0, 1
(51,31), 0, 1
(51,33), 0, 1
(51,34), 0, 1
(51,35), 0, 1
(51,36), 0, 1
(51,37), 0, 1
(51,39), 0, 1
(51,40), 0, 1
(51,41), 0, 1
(51,42), 0, 1
(51,43), 0, 1
(51,44), 0, 1
(51,48), 0, 1
(51,50), 0, 1
(51,53), 0, 1
(51,54), 0, 1
(51,55), 0, 1
(51,57), 0, 1
(51,58), 0, 1
(51,60), 0, 1
(51,61), 0, 1
(51,63), 0, 1
(51,64), 0, 1
(51,65), 0, 1
(51,66), 0, 1
(51,67), 0, 1
(51,69), 0, 1
(51,70), 0, 1
(51,71), 0, 1
(51,73), 0, 1
(51,74), 0, 1
(51,75), 0, 1
(51,76), 0, 1
(51,77), 0, 1
(51,79), 0, 1
(51,80), 0, 1
(51,82), 0, 1
(51,83), 0, 1
(51,84), 0, 1
(51,86), 0, 1
(51,88), 0, 1
(51,89), 0, 1
(51,90), 0, 1
(51,91), 0, 1
(51,92), 0, 1
(51,93), 0, 1
(51,94), 0, 1
(52,6), 0, 1
(52,7), 0, 1
(52,43), 0, 1
(52,50), 0, 1
(52,56), 0, 1
(52,60), 0, 1
(52,64), 0, 1
(52,93), 0, 1
(53,6), 0, 1
(53,38), 0, 1
(53,50), 0, 1
(53,54), 0, 1
(53,60), 0, 1
(53,64), 0, 1
(53,74), 0, 1
(53,93), 0, 1
(54,0), 0, 1
(54,1), 0, 1
(54,2), 0, 1
(54,3), 0, 1
(54,4), 0, 1
(54,5), 0, 1
(54,6), 0, 1
(54,7), 0, 1
(54,10), 0, 1
(54,11), 0, 1
(54,12), 0, 1
(54,14), 0, 1
(54,15), 0, 1
(54,16), 0, 1
(54,17), 0, 1
(54,18), 0, 1
(54,20), 0, 1
(54,21), 0, 1
(54,22), 0, 1
(54,25), 0, 1
(54,27), 0, 1
(54,30), 0, 1
(54,31), 0, 1
(54,33), 0, 1
(54,34), 0, 1
(54,35), 0, 1
(54,36), 0, 1
(54,37), 0, 1
(54,38), 0, 1
(54,39), 0, 1
(54,40), 0, 1
(54,41), 0, 1
(54,42), 0, 1
(54,44), 0, 1
(54,48), 0, 1
(54,50), 0, 1
(54,52), 0, 1
(54,53), 0, 1
(54,55), 0, 1
(54,56), 0, 1
(54,57), 0, 1
(54,60), 0, 1
(54,63), 0, 1
(54,64), 0, 1
(54,65), 0, 1
(54,66), 0, 1
(54,67), 0, 1
(54,69), 0, 1
(54,70), 0, 1
(54,71), 0, 1
(54,73), 0, 1
(54,74), 0, 1
(54,75), 0, 1
(54,76), 0, 1
(54,77), 0, 1
(54,78), 0, 1
(54,79), 0, 1
(54,80), 0, 1
(54,83), 0, 1
(54,84), 0, 1
(54,85), 0, 1
(54,86), 0, 1
(54,88), 0, 1
(54,89), 0, 1
(54,90), 0, 1
(54,91), 0, 1
(54,92), 0, 1
(54,93), 0, 1
(54,94), 0, 1
(55,9), 0, 1
(55,19), 0, 1
(55,21), 0, 1
(55,25), 0, 1
(55,39), 0, 1
(55,69), 0, 1
(55,75), 0, 1
(55,89), 0, 1
(56,9), 0, 1
(56,19), 0, 1
(56,21), 0, 1
(56,25), 0, 1
(56,33), 0, 1
(56,39), 0, 1
(56,69), 0, 1
(56,75), 0, 1
(56,89), 0, 1
(57,6), 0, 1
(57,7), 0, 1
(57,38), 0, 1
(57,45), 0, 1
(57,50), 0, 1
(57,54), 0, 1
(57,56), 0, 1
(57,60), 0, 1
(57,64), 0, 1
(57,74), 0, 1
(57,93), 0, 1
(58,9), 0, 1
(58,19), 0, 1
(58,21), 0, 1
(58,25), 0, 1
(58,33), 0, 1
(58,39), 0, 1
(58,69), 0, 1
(58,75), 0, 1
(59,9), 0, 1
(59,19), 0, 1
(59,21), 0, 1
(59,39), 0, 1
(59,75), 0, 1
(59,89), 0, 1
(60,9), 0, 1
(60,19), 0, 1
(60,21), 0, 1
(60,39), 0, 1
(60,69), 0, 1
(60,75), 0, 1
(60,89), 0, 1
(61,9), 0, 1
(61,19), 0, 1
(61,21), 0, 1
(61,25), 0, 1
(61,33), 0, 1
(61,39), 0, 1
(62,0), 0, 1
(62,1), 0, 1
(62,3), 0, 1
(62,4), 0, 1
(62,6), 0, 1
(62,9), 0, 1
(62,11), 0, 1
(62,12), 0, 1
(62,14), 0, 1
(62,15), 0, 1
(62,16), 0, 1
(62,17), 0, 1
(62,18), 0, 1
(62,19), 0, 1
(62,20), 0, 1
(62,22), 0, 1
(62,25), 0, 1
(62,27), 0, 1
(62,29), 0, 1
(62,30), 0, 1
(62,31), 0, 1
(62,34), 0, 1
(62,35), 0, 1
(62,36), 0, 1
(62,37), 0, 1
(62,39), 0, 1
(62,41), 0, 1
(62,42), 0, 1
(62,44), 0, 1
(62,48), 0, 1
(62,50), 0, 1
(62,52), 0, 1
(62,53), 0, 1
(62,54), 0, 1
(62,55), 0, 1
(62,56), 0, 1
(62,57), 0, 1
(62,58), 0, 1
(62,60), 0, 1
(62,61), 0, 1
(62,63), 0, 1
(62,64), 0, 1
(62,65), 0, 1
(62,66), 0, 1
(62,67), 0, 1
(62,70), 0, 1
(62,71), 0, 1
(62,72), 0, 1
(62,73), 0, 1
(62,74), 0, 1
(62,75), 0, 1
(62,76), 0, 1
(62,82), 0, 1
(62,83), 0, 1
(62,84), 0, 1
(62,85), 0, 1
(62,86), 0, 1
(62,89), 0, 1
(62,90), 0, 1
(62,91), 0, 1
(62,93), 0, 1
(62,94), 0, 1
(63,9), 0, 1
(63,19), 0, 1
(63,21), 0, 1
(63,39), 0, 1
(63,75), 0, 1
(63,89), 0, 1
(64,6), 0, 1
(64,7), 0, 1
(64,38), 0, 1
(64,50), 0, 1
(64,54), 0, 1
(64,56), 0, 1
(64,60), 0, 1
(64,74), 0, 1
(64,93), 0, 1
(65,6), 0, 1
(65,7), 0, 1
(65,38), 0, 1
(65,50), 0, 1
(65,54), 0, 1
(65,56), 0, 1
(65,60), 0, 1
(65,64), 0, 1
(65,74), 0, 1
(65,93), 0, 1
(66,7), 0, 1
(66,38), 0, 1
(66,50), 0, 1
(66,54), 0, 1
(66,56), 0, 1
(66,60), 0, 1
(66,64), 0, 1
(66,74), 0, 1
(66,93), 0, 1
(67,6), 0, 1
(67,7), 0, 1
(67,38), 0, 1
(67,50), 0, 1
(67,54), 0, 1
(67,56), 0, 1
(67,60), 0, 1
(67,64), 0, 1
(67,93), 0, 1
(68,9), 0, 1
(68,19), 0, 1
(68,21), 0, 1
(68,33), 0, 1
(68,39), 0, 1
(68,75), 0, 1
(68,89), 0, 1
(69,6), 0, 1
(69,7), 0, 1
(69,38), 0, 1
(69,50), 0, 1
(69,54), 0, 1
(69,56), 0, 1
(69,60), 0, 1
(69,64), 0, 1
(69,74), 0, 1
(70,0), 0, 1
(70,1), 0, 1
(70,2), 0, 1
(70,4), 0, 1
(70,5), 0, 1
(70,6), 0, 1
(70,7), 0, 1
(70,9), 0, 1
(70,10), 0, 1
(70,11), 0, 1
(70,12), 0, 1
(70,14), 0, 1
(70,15), 0, 1
(70,16), 0, 1
(70,17), 0, 1
(70,18), 0, 1
(70,21), 0, 1
(70,22), 0, 1
(70,25), 0, 1
(70,26), 0, 1
(70,28), 0, 1
(70,31), 0, 1
(70,32), 0, 1
(70,33), 0, 1
(70,35), 0, 1
(70,37), 0, 1
(70,38), 0, 1
(70,39), 0, 1
(70,40), 0, 1
(70,42), 0, 1
(70,44), 0, 1
(70,46), 0, 1
(70,47), 0, 1
(70,48), 0, 1
(70,50), 0, 1
(70,53), 0, 1
(70,54), 0, 1
(70,55), 0, 1
(70,56), 0, 1
(70,57), 0, 1
(70,58), 0, 1
(70,60), 0, 1
(70,61), 0, 1
(70,63), 0, 1
(70,64), 0, 1
(70,65), 0, 1
(70,66), 0, 1
(70,67), 0, 1
(70,69), 0, 1
(70,71), 0, 1
(70,72), 0, 1
(70,74), 0, 1
(70,75), 0, 1
(70,76), 0, 1
(70,77), 0, 1
(70,78), 0, 1
(70,79), 0, 1
(70,80), 0, 1
(70,83), 0, 1
(70,84), 0, 1
(70,85), 0, 1
(70,86), 0, 1
(70,88), 0, 1
(70,90), 0, 1
(70,91), 0, 1
(70,92), 0, 1
(70,93), 0, 1
(70,94), 0, 1
(71,6), 0, 1
(71,50), 0, 1
(71,54), 0, 1
(71,56), 0, 1
(71,60), 0, 1
(71,64), 0, 1
(71,74), 0, 1
(71,93), 0, 1
(72,0), 0, 1
(72,1), 0, 1
(72,3), 0, 1
(72,4), 0, 1
(72,6), 0, 1
(72,9), 0, 1
(72,10), 0, 1
(72,11), 0, 1
(72,12), 0, 1
(72,13), 0, 1
(72,14), 0, 1
(72,15), 0, 1
(72,16), 0, 1
(72,17), 0, 1
(72,18), 0, 1
(72,19), 0, 1
(72,21), 0, 1
(72,22), 0, 1
(72,27), 0, 1
(72,33), 0, 1
(72,34), 0, 1
(72,35), 0, 1
(72,36), 0, 1
(72,37), 0, 1
(72,38), 0, 1
(72,39), 0, 1
(72,40), 0, 1
(72,41), 0, 1
(72,42), 0, 1
(72,47), 0, 1
(72,48), 0, 1
(72,50), 0, 1
(72,53), 0, 1
(72,54), 0, 1
(72,57), 0, 1
(72,58), 0, 1
(72,61), 0, 1
(72,63), 0, 1
(72,64), 0, 1
(72,65), 0, 1
(72,66), 0, 1
(72,67), 0, 1
(72,69), 0, 1
(72,70), 0, 1
(72,71), 0, 1
(72,74), 0, 1
(72,75), 0, 1
(72,76), 0, 1
(72,79), 0, 1
(72,80), 0, 1
(72,82), 0, 1
(72,83), 0, 1
(72,84), 0, 1
(72,85), 0, 1
(72,86), 0, 1
(72,88), 0, 1
(72,90), 0, 1
(72,91), 0, 1
(72,92), 0, 1
(72,93), 0, 1
(72,94), 0, 1
(73,6), 0, 1
(73,7), 0, 1
(73,38), 0, 1
(73,50), 0, 1
(73,54), 0, 1
(73,56), 0, 1
(73,64), 0, 1
(73,74), 0, 1
(73,93), 0, 1
(74,9), 0, 1
(74,19), 0, 1
(74,21), 0, 1
(74,25), 0, 1
(74,33), 0, 1
(74,39), 0, 1
(74,69), 0, 1
(74,75), 0, 1
(74,89), 0, 1
(75,6), 0, 1
(75,38), 0, 1
(75,50), 0, 1
(75,54), 0, 1
(75,56), 0, 1
(75,60), 0, 1
(75,64), 0, 1
(75,74), 0, 1
(75,93), 0, 1
(76,9), 0, 1
(76,19), 0, 1
(76,21), 0, 1
(76,25), 0, 1
(76,39), 0, 1
(76,75), 0, 1
(76,89), 0, 1
(77,6), 0, 1
(77,7), 0, 1
(77,38), 0, 1
(77,50), 0, 1
(77,54), 0, 1
(77,56), 0, 1
(77,60), 0, 1
(77,64), 0, 1
(77,74), 0, 1
(77,93), 0, 1
(78,9), 0, 1
(78,21), 0, 1
(78,33), 0, 1
(78,69), 0, 1
(78,75), 0, 1
(78,89), 0, 1
(79,6), 0, 1
(79,38), 0, 1
(79,50), 0, 1
(79,54), 0, 1
(79,56), 0, 1
(79,60), 0, 1
(79,64), 0, 1
(79,74), 0, 1
(79,93), 0, 1
(81,6), 0, 1
(81,38), 0, 1
(81,50), 0, 1
(81,54), 0, 1
(81,56), 0, 1
(81,60), 0, 1
(81,64), 0, 1
(81,74), 0, 1
(81,93), 0, 1
(82,6), 0, 1
(82,7), 0, 1
(82,20), 0, 1
(82,24), 0, 1
(82,29), 0, 1
(82,38), 0, 1
(82,50), 0, 1
(82,54), 0, 1
(82,56), 0, 1
(82,60), 0, 1
(82,64), 0, 1
(82,74), 0, 1
(82,93), 0, 1
(83,6), 0, 1
(83,29), 0, 1
(83,45), 0, 1
(83,50), 0, 1
(83,54), 0, 1
(83,56), 0, 1
(83,60), 0, 1
(83,64), 0, 1
(83,74), 0, 1
(83,93), 0, 1
(84,6), 0, 1
(84,7), 0, 1
(84,38), 0, 1
(84,45), 0, 1
(84,50), 0, 1
(84,54), 0, 1
(84,56), 0, 1
(84,60), 0, 1
(84,64), 0, 1
(84,74), 0, 1
(84,93), 0, 1
(85,9), 0, 1
(85,19), 0, 1
(85,21), 0, 1
(85,25), 0, 1
(85,33), 0, 1
(85,39), 0, 1
(85,75), 0, 1
(85,89), 0, 1
(86,6), 0, 1
(86,38), 0, 1
(86,50), 0, 1
(86,54), 0, 1
(86,56), 0, 1
(86,60), 0, 1
(86,64), 0, 1
(86,74), 0, 1
(86,93), 0, 1
(87,0), 0, 1
(87,1), 0, 1
(87,2), 0, 1
(87,3), 0, 1
(87,4), 0, 1
(87,5), 0, 1
(87,6), 0, 1
(87,9), 0, 1
(87,10), 0, 1
(87,11), 0, 1
(87,12), 0, 1
(87,14), 0, 1
(87,15), 0, 1
(87,16), 0, 1
(87,17), 0, 1
(87,18), 0, 1
(87,19), 0, 1
(87,20), 0, 1
(87,21), 0, 1
(87,25), 0, 1
(87,26), 0, 1
(87,30), 0, 1
(87,31), 0, 1
(87,33), 0, 1
(87,36), 0, 1
(87,39), 0, 1
(87,40), 0, 1
(87,42), 0, 1
(87,44), 0, 1
(87,46), 0, 1
(87,47), 0, 1
(87,48), 0, 1
(87,50), 0, 1
(87,52), 0, 1
(87,53), 0, 1
(87,54), 0, 1
(87,55), 0, 1
(87,56), 0, 1
(87,60), 0, 1
(87,61), 0, 1
(87,63), 0, 1
(87,64), 0, 1
(87,65), 0, 1
(87,66), 0, 1
(87,67), 0, 1
(87,70), 0, 1
(87,71), 0, 1
(87,73), 0, 1
(87,74), 0, 1
(87,75), 0, 1
(87,76), 0, 1
(87,77), 0, 1
(87,79), 0, 1
(87,80), 0, 1
(87,83), 0, 1
(87,84), 0, 1
(87,89), 0, 1
(87,90), 0, 1
(87,91), 0, 1
(87,93), 0, 1
(87,94), 0, 1
(88,6), 0, 1
(88,7), 0, 1
(88,20), 0, 1
(88,24), 0, 1
(88,38), 0, 1
(88,45), 0, 1
(88,50), 0, 1
(88,54), 0, 1
(88,56), 0, 1
(88,60), 0, 1
(88,64), 0, 1
(88,74), 0, 1
(88,93), 0, 1
(89,6), 0, 1
(89,7), 0, 1
(89,38), 0, 1
(89,50), 0, 1
(89,54), 0, 1
(89,56), 0, 1
(89,64), 0, 1
(89,74), 0, 1
(89,93), 0, 1
(90,6), 0, 1
(90,7), 0, 1
(90,38), 0, 1
(90,50), 0, 1
(90,54), 0, 1
(90,56), 0, 1
(90,60), 0, 1
(90,64), 0, 1
(90,74), 0, 1
(90,93), 0, 1
(91,9), 0, 1
(91,19), 0, 1
(91,21), 0, 1
(91,25), 0, 1
(91,39), 0, 1
(91,69), 0, 1
(91,75), 0, 1
(91,89), 0, 1
(92,9), 0, 1
(92,19), 0, 1
(92,33), 0, 1
(92,39), 0, 1
(92,69), 0, 1
(92,75), 0, 1
(92,89), 0, 1
(93,0), 0, 1
(93,1), 0, 1
(93,2), 0, 1
(93,3), 0, 1
(93,4), 0, 1
(93,5), 0, 1
(93,6), 0, 1
(93,9), 0, 1
(93,10), 0, 1
(93,11), 0, 1
(93,12), 0, 1
(93,15), 0, 1
(93,16), 0, 1
(93,17), 0, 1
(93,18), 0, 1
(93,19), 0, 1
(93,21), 0, 1
(93,22), 0, 1
(93,25), 0, 1
(93,27), 0, 1
(93,30), 0, 1
(93,33), 0, 1
(93,36), 0, 1
(93,37), 0, 1
(93,38), 0, 1
(93,39), 0, 1
(93,40), 0, 1
(93,41), 0, 1
(93,42), 0, 1
(93,44), 0, 1
(93,47), 0, 1
(93,48), 0, 1
(93,50), 0, 1
(93,51), 0, 1
(93,52), 0, 1
(93,53), 0, 1
(93,54), 0, 1
(93,55), 0, 1
(93,56), 0, 1
(93,57), 0, 1
(93,60), 0, 1
(93,61), 0, 1
(93,63), 0, 1
(93,64), 0, 1
(93,65), 0, 1
(93,66), 0, 1
(93,67), 0, 1
(93,69), 0, 1
(93,70), 0, 1
(93,71), 0, 1
(93,73), 0, 1
(93,74), 0, 1
(93,75), 0, 1
(93,76), 0, 1
(93,79), 0, 1
(93,80), 0, 1
(93,82), 0, 1
(93,83), 0, 1
(93,84), 0, 1
(93,86), 0, 1
(93,88), 0, 1
(93,89), 0, 1
(93,90), 0, 1
(93,92), 0, 1
(93,94), 0, 1
(94,9), 0, 1
(94,19), 0, 1
(94,21), 0, 1
(94,33), 0, 1
(94,39), 0, 1
(94,75), 0, 1
(94,89), 0, 1
(95,0), 0, 1
(95,1), 0, 1
(95,2), 0, 1
(95,3), 0, 1
(95,4), 0, 1
(95,5), 0, 1
(95,6), 0, 1
(95,7), 0, 1
(95,9), 0, 1
(95,10), 0, 1
(95,11), 0, 1
(95,12), 0, 1
(95,14), 0, 1
(95,15), 0, 1
(95,16), 0, 1
(95,17), 0, 1
(95,18), 0, 1
(95,19), 0, 1
(95,21), 0, 1
(95,22), 0, 1
(95,30), 0, 1
(95,31), 0, 1
(95,32), 0, 1
(95,34), 0, 1
(95,35), 0, 1
(95,36), 0, 1
(95,37), 0, 1
(95,38), 0, 1
(95,39), 0, 1
(95,40), 0, 1
(95,41), 0, 1
(95,42), 0, 1
(95,44), 0, 1
(95,47), 0, 1
(95,48), 0, 1
(95,50), 0, 1
(95,52), 0, 1
(95,53), 0, 1
(95,54), 0, 1
(95,55), 0, 1
(95,56), 0, 1
(95,57), 0, 1
(95,58), 0, 1
(95,60), 0, 1
(95,61), 0, 1
(95,63), 0, 1
(95,64), 0, 1
(95,65), 0, 1
(95,66), 0, 1
(95,67), 0, 1
(95,71), 0, 1
(95,72), 0, 1
(95,73), 0, 1
(95,74), 0, 1
(95,75), 0, 1
(95,76), 0, 1
(95,79), 0, 1
(95,82), 0, 1
(95,83), 0, 1
(95,84), 0, 1
(95,85), 0, 1
(95,86), 0, 1
(95,89), 0, 1
(95,90), 0, 1
(95,91), 0, 1
(95,92), 0, 1
(95,93), 0, 1
(95,94), 0, 1
(96,0), 0, 1
(96,1), 0, 1
(96,2), 0, 1
(96,4), 0, 1
(96,5), 0, 1
(96,6), 0, 1
(96,7), 0, 1
(96,9), 0, 1
(96,10), 0, 1
(96,11), 0, 1
(96,12), 0, 1
(96,14), 0, 1
(96,15), 0, 1
(96,16), 0, 1
(96,18), 0, 1
(96,19), 0, 1
(96,21), 0, 1
(96,22), 0, 1
(96,27), 0, 1
(96,31), 0, 1
(96,33), 0, 1
(96,34), 0, 1
(96,35), 0, 1
(96,36), 0, 1
(96,37), 0, 1
(96,38), 0, 1
(96,39), 0, 1
(96,41), 0, 1
(96,42), 0, 1
(96,44), 0, 1
(96,47), 0, 1
(96,48), 0, 1
(96,50), 0, 1
(96,53), 0, 1
(96,54), 0, 1
(96,55), 0, 1
(96,56), 0, 1
(96,57), 0, 1
(96,58), 0, 1
(96,60), 0, 1
(96,61), 0, 1
(96,63), 0, 1
(96,64), 0, 1
(96,65), 0, 1
(96,66), 0, 1
(96,69), 0, 1
(96,70), 0, 1
(96,71), 0, 1
(96,74), 0, 1
(96,75), 0, 1
(96,77), 0, 1
(96,79), 0, 1
(96,82), 0, 1
(96,83), 0, 1
(96,85), 0, 1
(96,86), 0, 1
(96,88), 0, 1
(96,90), 0, 1
(96,91), 0, 1
(96,93), 0, 1
(96,94), 0, 1
(97,9), 0, 1
(97,19), 0, 1
(97,21), 0, 1
(97,33), 0, 1
(97,39), 0, 1
(97,69), 0, 1
(97,75), 0, 1
(97,89), 0, 1
(98,6), 0, 1
(98,7), 0, 1
(98,50), 0, 1
(98,54), 0, 1
(98,56), 0, 1
(98,60), 0, 1
(98,64), 0, 1
(98,74), 0, 1
(98,93), 0, 1
(99,19), 0, 1
(99,21), 0, 1
(99,25), 0, 1
(99,33), 0, 1
(99,75), 0, 1
