Nr_Pairs = 92
Nr_NDD = 8
Nr_Arcs = 1147
0	0.2875000000000001
1	0.05
2	0.05
3	0.1
4	0.9
5	0.05
6	0.05
7	0.9
8	0.05
9	0.2875000000000001
10	0.2875000000000001
11	0.2875000000000001
12	0.2875000000000001
13	0.05
14	0.925
15	0.1
16	0.2875000000000001
17	0.05
18	0.9
19	0.9
20	0.05
21	0.05
22	0.9
23	0.05
24	0.05
25	0.2875000000000001
26	0.2875000000000001
27	0.2875000000000001
28	0.1
29	0.2875000000000001
30	0.9
31	0.9
32	0.05
33	0.1
34	0.05
35	0.05
36	0.05
37	0.1
38	0.05
39	0.9
40	0.05
41	0.05
42	0.05
43	0.2875000000000001
44	0.05
45	0.2875000000000001
46	0.05
47	0.2875000000000001
48	0.9
49	0.05
50	0.9
51	0.1
52	0.05
53	0.1
54	0.05
55	0.9
56	0.05
57	0.05
58	0.05
59	0.05
60	0.05
61	0.05
62	0.05
63	0.9
64	0.05
65	0.05
66	0.05
67	0.2875000000000001
68	0.05
69	0.1
70	0.2875000000000001
71	0.05
72	0.2875000000000001
73	0.05
74	0.05
75	0.32499999999999996
76	0.05
77	0.05
78	0.9
79	0.9
80	0.05
81	0.1
82	0.1
83	0.9
84	0.05
85	0.9
86	0.2875000000000001
87	0.2875000000000001
88	0.05
89	0.2875000000000001
90	0.2875000000000001
91	0.05
92	0.0
93	0.0
94	0.0
95	0.0
96	0.0
97	0.0
98	0.0
99	0.0
(0,3), 0, 1
(0,16), 0, 1
(0,28), 0, 1
(0,35), 0, 1
(0,49), 0, 1
(1,3), 0, 1
(1,7), 0, 1
(1,26), 0, 1
(1,66), 0, 1
(1,70), 0, 1
(1,79), 0, 1
(1,80), 0, 1
(2,16), 0, 1
(2,28), 0, 1
(2,35), 0, 1
(2,49), 0, 1
(3,26), 0, 1
(3,66), 0, 1
(3,70), 0, 1
(3,80), 0, 1
(4,3), 0, 1
(4,16), 0, 1
(4,28), 0, 1
(4,35), 0, 1
(4,49), 0, 1
(5,3), 0, 1
(5,26), 0, 1
(5,66), 0, 1
(5,70), 0, 1
(5,80), 0, 1
(6,3), 0, 1
(6,26), 0, 1
(6,66), 0, 1
(6,70), 0, 1
(6,80), 0, 1
(6,83), 0, 1
(7,3), 0, 1
(7,16), 0, 1
(7,28), 0, 1
(7,35), 0, 1
(7,49), 0, 1
(8,3), 0, 1
(8,66), 0, 1
(8,70), 0, 1
(8,80), 0, 1
(9,3), 0, 1
(9,66), 0, 1
(9,80), 0, 1
(10,3), 0, 1
(10,26), 0, 1
(10,66), 0, 1
(10,70), 0, 1
(10,79), 0, 1
(10,80), 0, 1
(11,0), 0, 1
(11,1), 0, 1
(11,2), 0, 1
(11,3), 0, 1
(11,5), 0, 1
(11,6), 0, 1
(11,8), 0, 1
(11,9), 0, 1
(11,13), 0, 1
(11,14), 0, 1
(11,16), 0, 1
(11,17), 0, 1
(11,20), 0, 1
(11,21), 0, 1
(11,23), 0, 1
(11,24), 0, 1
(11,25), 0, 1
(11,26), 0, 1
(11,27), 0, 1
(11,28), 0, 1
(11,29), 0, 1
(11,32), 0, 1
(11,33), 0, 1
(11,34), 0, 1
(11,35), 0, 1
(11,36), 0, 1
(11,37), 0, 1
(11,38), 0, 1
(11,40), 0, 1
(11,41), 0, 1
(11,43), 0, 1
(11,44), 0, 1
(11,45), 0, 1
(11,46), 0, 1
(11,49), 0, 1
(11,51), 0, 1
(11,52), 0, 1
(11,53), 0, 1
(11,54), 0, 1
(11,57), 0, 1
(11,58), 0, 1
(11,59), 0, 1
(11,60), 0, 1
(11,61), 0, 1
(11,62), 0, 1
(11,64), 0, 1
(11,65), 0, 1
(11,66), 0, 1
(11,68), 0, 1
(11,69), 0, 1
(11,70), 0, 1
(11,71), 0, 1
(11,72), 0, 1
(11,73), 0, 1
(11,74), 0, 1
(11,76), 0, 1
(11,77), 0, 1
(11,79), 0, 1
(11,80), 0, 1
(11,81), 0, 1
(11,82), 0, 1
(11,84), 0, 1
(11,86), 0, 1
(11,88), 0, 1
(11,89), 0, 1
(11,91), 0, 1
(12,3), 0, 1
(12,66), 0, 1
(12,70), 0, 1
(12,80), 0, 1
(13,3), 0, 1
(13,26), 0, 1
(13,39), 0, 1
(13,66), 0, 1
(13,70), 0, 1
(13,80), 0, 1
(14,3), 0, 1
(14,16), 0, 1
(14,28), 0, 1
(14,35), 0, 1
(14,49), 0, 1
(15,22), 0, 1
(15,26), 0, 1
(15,66), 0, 1
(15,70), 0, 1
(15,80), 0, 1
(16,3), 0, 1
(16,66), 0, 1
(17,3), 0, 1
(17,26), 0, 1
(17,66), 0, 1
(17,70), 0, 1
(17,80), 0, 1
(18,3), 0, 1
(18,16), 0, 1
(18,28), 0, 1
(18,35), 0, 1
(18,49), 0, 1
(18,50), 0, 1
(19,3), 0, 1
(20,3), 0, 1
(20,26), 0, 1
(20,66), 0, 1
(20,70), 0, 1
(20,80), 0, 1
(21,3), 0, 1
(21,26), 0, 1
(21,66), 0, 1
(21,79), 0, 1
(21,80), 0, 1
(22,3), 0, 1
(22,16), 0, 1
(22,28), 0, 1
(22,35), 0, 1
(23,3), 0, 1
(23,22), 0, 1
(23,26), 0, 1
(23,48), 0, 1
(23,66), 0, 1
(23,70), 0, 1
(23,79), 0, 1
(23,80), 0, 1
(24,3), 0, 1
(24,16), 0, 1
(24,49), 0, 1
(24,50), 0, 1
(25,3), 0, 1
(25,7), 0, 1
(25,26), 0, 1
(25,66), 0, 1
(25,70), 0, 1
(25,80), 0, 1
(26,3), 0, 1
(26,66), 0, 1
(26,80), 0, 1
(27,3), 0, 1
(27,26), 0, 1
(27,66), 0, 1
(27,80), 0, 1
(27,83), 0, 1
(28,3), 0, 1
(28,7), 0, 1
(28,26), 0, 1
(28,66), 0, 1
(28,80), 0, 1
(29,3), 0, 1
(30,0), 0, 1
(30,1), 0, 1
(30,2), 0, 1
(30,3), 0, 1
(30,5), 0, 1
(30,6), 0, 1
(30,8), 0, 1
(30,9), 0, 1
(30,10), 0, 1
(30,11), 0, 1
(30,13), 0, 1
(30,15), 0, 1
(30,17), 0, 1
(30,20), 0, 1
(30,21), 0, 1
(30,24), 0, 1
(30,25), 0, 1
(30,27), 0, 1
(30,28), 0, 1
(30,29), 0, 1
(30,32), 0, 1
(30,33), 0, 1
(30,34), 0, 1
(30,35), 0, 1
(30,36), 0, 1
(30,37), 0, 1
(30,38), 0, 1
(30,40), 0, 1
(30,41), 0, 1
(30,42), 0, 1
(30,43), 0, 1
(30,44), 0, 1
(30,45), 0, 1
(30,46), 0, 1
(30,47), 0, 1
(30,49), 0, 1
(30,51), 0, 1
(30,52), 0, 1
(30,53), 0, 1
(30,54), 0, 1
(30,56), 0, 1
(30,57), 0, 1
(30,58), 0, 1
(30,59), 0, 1
(30,60), 0, 1
(30,62), 0, 1
(30,65), 0, 1
(30,66), 0, 1
(30,69), 0, 1
(30,70), 0, 1
(30,71), 0, 1
(30,72), 0, 1
(30,73), 0, 1
(30,74), 0, 1
(30,75), 0, 1
(30,76), 0, 1
(30,77), 0, 1
(30,80), 0, 1
(30,81), 0, 1
(30,84), 0, 1
(30,87), 0, 1
(30,88), 0, 1
(30,89), 0, 1
(30,90), 0, 1
(30,91), 0, 1
(31,3), 0, 1
(31,28), 0, 1
(31,35), 0, 1
(31,49), 0, 1
(32,3), 0, 1
(32,26), 0, 1
(32,66), 0, 1
(32,70), 0, 1
(32,80), 0, 1
(33,3), 0, 1
(33,16), 0, 1
(33,28), 0, 1
(33,49), 0, 1
(34,3), 0, 1
(35,3), 0, 1
(35,7), 0, 1
(35,26), 0, 1
(35,80), 0, 1
(36,3), 0, 1
(36,16), 0, 1
(36,28), 0, 1
(36,49), 0, 1
(37,3), 0, 1
(37,16), 0, 1
(37,28), 0, 1
(37,35), 0, 1
(37,49), 0, 1
(38,3), 0, 1
(38,66), 0, 1
(38,70), 0, 1
(38,78), 0, 1
(38,80), 0, 1
(39,3), 0, 1
(39,26), 0, 1
(39,66), 0, 1
(39,70), 0, 1
(39,80), 0, 1
(40,3), 0, 1
(40,16), 0, 1
(40,28), 0, 1
(40,35), 0, 1
(40,49), 0, 1
(41,3), 0, 1
(41,14), 0, 1
(41,48), 0, 1
(41,66), 0, 1
(41,70), 0, 1
(41,79), 0, 1
(41,80), 0, 1
(42,16), 0, 1
(42,28), 0, 1
(42,35), 0, 1
(42,49), 0, 1
(43,26), 0, 1
(43,66), 0, 1
(43,70), 0, 1
(43,80), 0, 1
(44,3), 0, 1
(44,7), 0, 1
(44,22), 0, 1
(44,26), 0, 1
(44,66), 0, 1
(44,80), 0, 1
(45,3), 0, 1
(45,14), 0, 1
(45,66), 0, 1
(45,70), 0, 1
(45,80), 0, 1
(46,3), 0, 1
(47,3), 0, 1
(47,48), 0, 1
(47,66), 0, 1
(47,70), 0, 1
(47,80), 0, 1
(48,0), 0, 1
(48,1), 0, 1
(48,2), 0, 1
(48,3), 0, 1
(48,6), 0, 1
(48,8), 0, 1
(48,9), 0, 1
(48,11), 0, 1
(48,13), 0, 1
(48,15), 0, 1
(48,16), 0, 1
(48,17), 0, 1
(48,20), 0, 1
(48,21), 0, 1
(48,22), 0, 1
(48,23), 0, 1
(48,24), 0, 1
(48,25), 0, 1
(48,26), 0, 1
(48,28), 0, 1
(48,29), 0, 1
(48,32), 0, 1
(48,33), 0, 1
(48,34), 0, 1
(48,35), 0, 1
(48,36), 0, 1
(48,37), 0, 1
(48,38), 0, 1
(48,40), 0, 1
(48,41), 0, 1
(48,42), 0, 1
(48,43), 0, 1
(48,44), 0, 1
(48,45), 0, 1
(48,46), 0, 1
(48,47), 0, 1
(48,49), 0, 1
(48,51), 0, 1
(48,52), 0, 1
(48,53), 0, 1
(48,54), 0, 1
(48,56), 0, 1
(48,57), 0, 1
(48,58), 0, 1
(48,59), 0, 1
(48,60), 0, 1
(48,61), 0, 1
(48,62), 0, 1
(48,64), 0, 1
(48,65), 0, 1
(48,66), 0, 1
(48,67), 0, 1
(48,68), 0, 1
(48,69), 0, 1
(48,70), 0, 1
(48,71), 0, 1
(48,72), 0, 1
(48,73), 0, 1
(48,74), 0, 1
(48,76), 0, 1
(48,77), 0, 1
(48,80), 0, 1
(48,82), 0, 1
(48,84), 0, 1
(48,87), 0, 1
(48,88), 0, 1
(48,89), 0, 1
(48,90), 0, 1
(48,91), 0, 1
(49,3), 0, 1
(49,7), 0, 1
(49,26), 0, 1
(49,66), 0, 1
(49,70), 0, 1
(49,80), 0, 1
(50,0), 0, 1
(50,1), 0, 1
(50,2), 0, 1
(50,3), 0, 1
(50,5), 0, 1
(50,6), 0, 1
(50,8), 0, 1
(50,9), 0, 1
(50,10), 0, 1
(50,11), 0, 1
(50,12), 0, 1
(50,13), 0, 1
(50,15), 0, 1
(50,17), 0, 1
(50,20), 0, 1
(50,21), 0, 1
(50,23), 0, 1
(50,24), 0, 1
(50,27), 0, 1
(50,28), 0, 1
(50,32), 0, 1
(50,33), 0, 1
(50,34), 0, 1
(50,35), 0, 1
(50,36), 0, 1
(50,37), 0, 1
(50,38), 0, 1
(50,40), 0, 1
(50,41), 0, 1
(50,42), 0, 1
(50,43), 0, 1
(50,44), 0, 1
(50,45), 0, 1
(50,46), 0, 1
(50,49), 0, 1
(50,51), 0, 1
(50,52), 0, 1
(50,54), 0, 1
(50,56), 0, 1
(50,57), 0, 1
(50,58), 0, 1
(50,59), 0, 1
(50,60), 0, 1
(50,61), 0, 1
(50,62), 0, 1
(50,64), 0, 1
(50,65), 0, 1
(50,66), 0, 1
(50,67), 0, 1
(50,68), 0, 1
(50,69), 0, 1
(50,71), 0, 1
(50,72), 0, 1
(50,73), 0, 1
(50,74), 0, 1
(50,76), 0, 1
(50,77), 0, 1
(50,81), 0, 1
(50,82), 0, 1
(50,83), 0, 1
(50,84), 0, 1
(50,86), 0, 1
(50,87), 0, 1
(50,88), 0, 1
(50,89), 0, 1
(50,90), 0, 1
(50,91), 0, 1
(51,3), 0, 1
(52,3), 0, 1
(52,66), 0, 1
(52,70), 0, 1
(52,80), 0, 1
(53,3), 0, 1
(53,26), 0, 1
(53,66), 0, 1
(53,70), 0, 1
(53,79), 0, 1
(53,80), 0, 1
(54,3), 0, 1
(54,7), 0, 1
(54,14), 0, 1
(54,26), 0, 1
(54,66), 0, 1
(54,70), 0, 1
(54,78), 0, 1
(55,3), 0, 1
(55,7), 0, 1
(55,26), 0, 1
(55,66), 0, 1
(55,79), 0, 1
(55,80), 0, 1
(56,3), 0, 1
(56,66), 0, 1
(56,70), 0, 1
(56,80), 0, 1
(57,3), 0, 1
(57,66), 0, 1
(57,70), 0, 1
(57,80), 0, 1
(58,3), 0, 1
(58,26), 0, 1
(58,66), 0, 1
(58,70), 0, 1
(58,80), 0, 1
(59,1), 0, 1
(59,2), 0, 1
(59,3), 0, 1
(59,5), 0, 1
(59,6), 0, 1
(59,8), 0, 1
(59,11), 0, 1
(59,12), 0, 1
(59,13), 0, 1
(59,14), 0, 1
(59,15), 0, 1
(59,16), 0, 1
(59,17), 0, 1
(59,20), 0, 1
(59,21), 0, 1
(59,23), 0, 1
(59,24), 0, 1
(59,25), 0, 1
(59,26), 0, 1
(59,27), 0, 1
(59,28), 0, 1
(59,29), 0, 1
(59,32), 0, 1
(59,33), 0, 1
(59,35), 0, 1
(59,36), 0, 1
(59,37), 0, 1
(59,38), 0, 1
(59,39), 0, 1
(59,40), 0, 1
(59,41), 0, 1
(59,42), 0, 1
(59,43), 0, 1
(59,44), 0, 1
(59,46), 0, 1
(59,47), 0, 1
(59,48), 0, 1
(59,49), 0, 1
(59,51), 0, 1
(59,52), 0, 1
(59,53), 0, 1
(59,54), 0, 1
(59,56), 0, 1
(59,57), 0, 1
(59,58), 0, 1
(59,60), 0, 1
(59,61), 0, 1
(59,62), 0, 1
(59,64), 0, 1
(59,65), 0, 1
(59,66), 0, 1
(59,67), 0, 1
(59,68), 0, 1
(59,69), 0, 1
(59,71), 0, 1
(59,72), 0, 1
(59,73), 0, 1
(59,74), 0, 1
(59,75), 0, 1
(59,76), 0, 1
(59,77), 0, 1
(59,80), 0, 1
(59,81), 0, 1
(59,82), 0, 1
(59,83), 0, 1
(59,84), 0, 1
(59,87), 0, 1
(59,88), 0, 1
(59,90), 0, 1
(60,3), 0, 1
(61,3), 0, 1
(61,7), 0, 1
(61,26), 0, 1
(61,66), 0, 1
(61,70), 0, 1
(61,80), 0, 1
(62,3), 0, 1
(62,66), 0, 1
(62,70), 0, 1
(62,80), 0, 1
(63,3), 0, 1
(63,28), 0, 1
(63,35), 0, 1
(63,49), 0, 1
(64,3), 0, 1
(64,16), 0, 1
(64,28), 0, 1
(64,35), 0, 1
(64,49), 0, 1
(64,50), 0, 1
(65,3), 0, 1
(66,3), 0, 1
(66,28), 0, 1
(66,49), 0, 1
(67,3), 0, 1
(68,3), 0, 1
(68,26), 0, 1
(68,66), 0, 1
(68,70), 0, 1
(68,80), 0, 1
(69,66), 0, 1
(69,70), 0, 1
(69,80), 0, 1
(70,0), 0, 1
(70,1), 0, 1
(70,2), 0, 1
(70,3), 0, 1
(70,5), 0, 1
(70,6), 0, 1
(70,8), 0, 1
(70,11), 0, 1
(70,12), 0, 1
(70,13), 0, 1
(70,16), 0, 1
(70,17), 0, 1
(70,20), 0, 1
(70,21), 0, 1
(70,23), 0, 1
(70,24), 0, 1
(70,26), 0, 1
(70,27), 0, 1
(70,29), 0, 1
(70,32), 0, 1
(70,33), 0, 1
(70,35), 0, 1
(70,36), 0, 1
(70,37), 0, 1
(70,38), 0, 1
(70,40), 0, 1
(70,41), 0, 1
(70,42), 0, 1
(70,44), 0, 1
(70,45), 0, 1
(70,46), 0, 1
(70,47), 0, 1
(70,48), 0, 1
(70,49), 0, 1
(70,50), 0, 1
(70,51), 0, 1
(70,52), 0, 1
(70,53), 0, 1
(70,54), 0, 1
(70,56), 0, 1
(70,57), 0, 1
(70,58), 0, 1
(70,59), 0, 1
(70,60), 0, 1
(70,61), 0, 1
(70,62), 0, 1
(70,64), 0, 1
(70,65), 0, 1
(70,66), 0, 1
(70,67), 0, 1
(70,68), 0, 1
(70,69), 0, 1
(70,71), 0, 1
(70,73), 0, 1
(70,74), 0, 1
(70,75), 0, 1
(70,76), 0, 1
(70,80), 0, 1
(70,81), 0, 1
(70,82), 0, 1
(70,84), 0, 1
(70,87), 0, 1
(70,88), 0, 1
(70,90), 0, 1
(70,91), 0, 1
(71,3), 0, 1
(71,14), 0, 1
(71,26), 0, 1
(71,66), 0, 1
(71,70), 0, 1
(71,80), 0, 1
(71,83), 0, 1
(72,3), 0, 1
(72,26), 0, 1
(72,66), 0, 1
(72,70), 0, 1
(72,80), 0, 1
(73,26), 0, 1
(73,66), 0, 1
(73,70), 0, 1
(73,80), 0, 1
(74,3), 0, 1
(74,26), 0, 1
(74,66), 0, 1
(74,80), 0, 1
(75,3), 0, 1
(75,26), 0, 1
(75,66), 0, 1
(75,70), 0, 1
(75,80), 0, 1
(76,3), 0, 1
(76,7), 0, 1
(76,22), 0, 1
(76,26), 0, 1
(76,66), 0, 1
(76,70), 0, 1
(76,80), 0, 1
(77,3), 0, 1
(77,39), 0, 1
(77,66), 0, 1
(77,70), 0, 1
(77,80), 0, 1
(78,3), 0, 1
(79,0), 0, 1
(79,1), 0, 1
(79,2), 0, 1
(79,3), 0, 1
(79,5), 0, 1
(79,6), 0, 1
(79,8), 0, 1
(79,10), 0, 1
(79,11), 0, 1
(79,12), 0, 1
(79,15), 0, 1
(79,16), 0, 1
(79,17), 0, 1
(79,19), 0, 1
(79,20), 0, 1
(79,21), 0, 1
(79,23), 0, 1
(79,24), 0, 1
(79,25), 0, 1
(79,28), 0, 1
(79,29), 0, 1
(79,30), 0, 1
(79,32), 0, 1
(79,33), 0, 1
(79,34), 0, 1
(79,35), 0, 1
(79,36), 0, 1
(79,37), 0, 1
(79,38), 0, 1
(79,40), 0, 1
(79,41), 0, 1
(79,42), 0, 1
(79,43), 0, 1
(79,44), 0, 1
(79,45), 0, 1
(79,46), 0, 1
(79,47), 0, 1
(79,48), 0, 1
(79,49), 0, 1
(79,51), 0, 1
(79,52), 0, 1
(79,53), 0, 1
(79,54), 0, 1
(79,57), 0, 1
(79,58), 0, 1
(79,59), 0, 1
(79,60), 0, 1
(79,61), 0, 1
(79,62), 0, 1
(79,64), 0, 1
(79,65), 0, 1
(79,66), 0, 1
(79,67), 0, 1
(79,68), 0, 1
(79,69), 0, 1
(79,71), 0, 1
(79,73), 0, 1
(79,74), 0, 1
(79,75), 0, 1
(79,76), 0, 1
(79,77), 0, 1
(79,80), 0, 1
(79,81), 0, 1
(79,82), 0, 1
(79,84), 0, 1
(79,86), 0, 1
(79,87), 0, 1
(79,88), 0, 1
(79,89), 0, 1
(79,90), 0, 1
(79,91), 0, 1
(80,3), 0, 1
(80,28), 0, 1
(80,35), 0, 1
(80,49), 0, 1
(81,3), 0, 1
(81,26), 0, 1
(81,66), 0, 1
(81,70), 0, 1
(81,79), 0, 1
(81,80), 0, 1
(82,3), 0, 1
(82,7), 0, 1
(82,66), 0, 1
(82,70), 0, 1
(82,78), 0, 1
(82,80), 0, 1
(83,3), 0, 1
(83,7), 0, 1
(83,14), 0, 1
(83,26), 0, 1
(83,66), 0, 1
(83,70), 0, 1
(83,80), 0, 1
(84,3), 0, 1
(84,66), 0, 1
(84,79), 0, 1
(84,80), 0, 1
(85,3), 0, 1
(85,7), 0, 1
(85,26), 0, 1
(85,66), 0, 1
(85,80), 0, 1
(86,3), 0, 1
(86,26), 0, 1
(86,66), 0, 1
(86,78), 0, 1
(86,80), 0, 1
(86,83), 0, 1
(87,0), 0, 1
(87,1), 0, 1
(87,2), 0, 1
(87,3), 0, 1
(87,4), 0, 1
(87,5), 0, 1
(87,6), 0, 1
(87,8), 0, 1
(87,10), 0, 1
(87,12), 0, 1
(87,15), 0, 1
(87,16), 0, 1
(87,17), 0, 1
(87,19), 0, 1
(87,20), 0, 1
(87,21), 0, 1
(87,23), 0, 1
(87,24), 0, 1
(87,25), 0, 1
(87,26), 0, 1
(87,27), 0, 1
(87,28), 0, 1
(87,29), 0, 1
(87,32), 0, 1
(87,33), 0, 1
(87,34), 0, 1
(87,35), 0, 1
(87,37), 0, 1
(87,38), 0, 1
(87,40), 0, 1
(87,41), 0, 1
(87,42), 0, 1
(87,43), 0, 1
(87,44), 0, 1
(87,45), 0, 1
(87,46), 0, 1
(87,49), 0, 1
(87,51), 0, 1
(87,52), 0, 1
(87,53), 0, 1
(87,54), 0, 1
(87,56), 0, 1
(87,58), 0, 1
(87,59), 0, 1
(87,60), 0, 1
(87,61), 0, 1
(87,62), 0, 1
(87,64), 0, 1
(87,65), 0, 1
(87,66), 0, 1
(87,68), 0, 1
(87,69), 0, 1
(87,70), 0, 1
(87,71), 0, 1
(87,73), 0, 1
(87,74), 0, 1
(87,75), 0, 1
(87,76), 0, 1
(87,77), 0, 1
(87,80), 0, 1
(87,81), 0, 1
(87,82), 0, 1
(87,83), 0, 1
(87,84), 0, 1
(87,86), 0, 1
(87,88), 0, 1
(87,89), 0, 1
(87,91), 0, 1
(88,3), 0, 1
(88,16), 0, 1
(88,28), 0, 1
(88,35), 0, 1
(88,49), 0, 1
(89,3), 0, 1
(89,66), 0, 1
(89,80), 0, 1
(90,3), 0, 1
(90,26), 0, 1
(90,39), 0, 1
(90,66), 0, 1
(90,70), 0, 1
(90,83), 0, 1
(91,3), 0, 1
(91,26), 0, 1
(91,66), 0, 1
(91,70), 0, 1
(91,80), 0, 1
(92,0), 0, 1
(92,1), 0, 1
(92,2), 0, 1
(92,3), 0, 1
(92,5), 0, 1
(92,6), 0, 1
(92,7), 0, 1
(92,10), 0, 1
(92,11), 0, 1
(92,12), 0, 1
(92,13), 0, 1
(92,15), 0, 1
(92,21), 0, 1
(92,23), 0, 1
(92,24), 0, 1
(92,25), 0, 1
(92,26), 0, 1
(92,27), 0, 1
(92,28), 0, 1
(92,29), 0, 1
(92,32), 0, 1
(92,33), 0, 1
(92,34), 0, 1
(92,35), 0, 1
(92,36), 0, 1
(92,37), 0, 1
(92,38), 0, 1
(92,40), 0, 1
(92,41), 0, 1
(92,42), 0, 1
(92,44), 0, 1
(92,45), 0, 1
(92,46), 0, 1
(92,51), 0, 1
(92,52), 0, 1
(92,53), 0, 1
(92,54), 0, 1
(92,56), 0, 1
(92,57), 0, 1
(92,58), 0, 1
(92,59), 0, 1
(92,60), 0, 1
(92,62), 0, 1
(92,64), 0, 1
(92,65), 0, 1
(92,66), 0, 1
(92,67), 0, 1
(92,68), 0, 1
(92,69), 0, 1
(92,70), 0, 1
(92,71), 0, 1
(92,72), 0, 1
(92,73), 0, 1
(92,74), 0, 1
(92,75), 0, 1
(92,76), 0, 1
(92,77), 0, 1
(92,80), 0, 1
(92,81), 0, 1
(92,82), 0, 1
(92,84), 0, 1
(92,87), 0, 1
(92,88), 0, 1
(92,91), 0, 1
(93,0), 0, 1
(93,1), 0, 1
(93,2), 0, 1
(93,3), 0, 1
(93,6), 0, 1
(93,8), 0, 1
(93,9), 0, 1
(93,11), 0, 1
(93,12), 0, 1
(93,13), 0, 1
(93,15), 0, 1
(93,16), 0, 1
(93,17), 0, 1
(93,20), 0, 1
(93,21), 0, 1
(93,23), 0, 1
(93,24), 0, 1
(93,26), 0, 1
(93,27), 0, 1
(93,28), 0, 1
(93,29), 0, 1
(93,32), 0, 1
(93,34), 0, 1
(93,35), 0, 1
(93,36), 0, 1
(93,37), 0, 1
(93,38), 0, 1
(93,40), 0, 1
(93,41), 0, 1
(93,42), 0, 1
(93,44), 0, 1
(93,46), 0, 1
(93,49), 0, 1
(93,51), 0, 1
(93,52), 0, 1
(93,53), 0, 1
(93,54), 0, 1
(93,56), 0, 1
(93,57), 0, 1
(93,58), 0, 1
(93,59), 0, 1
(93,60), 0, 1
(93,61), 0, 1
(93,62), 0, 1
(93,64), 0, 1
(93,65), 0, 1
(93,66), 0, 1
(93,67), 0, 1
(93,68), 0, 1
(93,69), 0, 1
(93,70), 0, 1
(93,71), 0, 1
(93,72), 0, 1
(93,73), 0, 1
(93,74), 0, 1
(93,75), 0, 1
(93,76), 0, 1
(93,77), 0, 1
(93,79), 0, 1
(93,80), 0, 1
(93,81), 0, 1
(93,82), 0, 1
(93,84), 0, 1
(93,85), 0, 1
(93,86), 0, 1
(93,88), 0, 1
(93,89), 0, 1
(93,90), 0, 1
(93,91), 0, 1
(94,3), 0, 1
(94,26), 0, 1
(94,66), 0, 1
(94,70), 0, 1
(94,80), 0, 1
(95,3), 0, 1
(95,22), 0, 1
(95,26), 0, 1
(95,66), 0, 1
(95,70), 0, 1
(95,80), 0, 1
(96,0), 0, 1
(96,1), 0, 1
(96,2), 0, 1
(96,3), 0, 1
(96,4), 0, 1
(96,5), 0, 1
(96,6), 0, 1
(96,7), 0, 1
(96,8), 0, 1
(96,9), 0, 1
(96,12), 0, 1
(96,13), 0, 1
(96,16), 0, 1
(96,17), 0, 1
(96,20), 0, 1
(96,21), 0, 1
(96,23), 0, 1
(96,24), 0, 1
(96,25), 0, 1
(96,26), 0, 1
(96,28), 0, 1
(96,32), 0, 1
(96,34), 0, 1
(96,35), 0, 1
(96,36), 0, 1
(96,37), 0, 1
(96,38), 0, 1
(96,39), 0, 1
(96,40), 0, 1
(96,41), 0, 1
(96,42), 0, 1
(96,44), 0, 1
(96,45), 0, 1
(96,46), 0, 1
(96,49), 0, 1
(96,50), 0, 1
(96,51), 0, 1
(96,52), 0, 1
(96,53), 0, 1
(96,54), 0, 1
(96,55), 0, 1
(96,56), 0, 1
(96,57), 0, 1
(96,58), 0, 1
(96,59), 0, 1
(96,60), 0, 1
(96,61), 0, 1
(96,62), 0, 1
(96,64), 0, 1
(96,65), 0, 1
(96,66), 0, 1
(96,67), 0, 1
(96,68), 0, 1
(96,69), 0, 1
(96,70), 0, 1
(96,71), 0, 1
(96,73), 0, 1
(96,74), 0, 1
(96,75), 0, 1
(96,76), 0, 1
(96,77), 0, 1
(96,80), 0, 1
(96,81), 0, 1
(96,82), 0, 1
(96,83), 0, 1
(96,84), 0, 1
(96,86), 0, 1
(96,87), 0, 1
(96,88), 0, 1
(96,90), 0, 1
(97,26), 0, 1
(97,66), 0, 1
(97,80), 0, 1
(97,83), 0, 1
(98,3), 0, 1
(98,26), 0, 1
(98,48), 0, 1
(98,66), 0, 1
(98,80), 0, 1
(99,3), 0, 1
(99,66), 0, 1
(99,70), 0, 1
(99,80), 0, 1
