Nr_Pairs = 96
Nr_NDD = 4
Nr_Arcs = 1962
0	0.05
1	0.05
2	0.1
3	0.05
4	0.05
5	0.2875000000000001
6	0.2875000000000001
7	0.2875000000000001
8	0.1
9	0.9
10	0.05
11	0.05
12	0.05
13	0.9
14	0.05
15	0.9
16	0.05
17	0.32499999999999996
18	0.05
19	0.05
20	0.925
21	0.05
22	0.05
23	0.9
24	0.2875000000000001
25	0.05
26	0.05
27	0.05
28	0.05
29	0.9
30	0.2875000000000001
31	0.32499999999999996
32	0.05
33	0.925
34	0.9
35	0.9
36	0.2875000000000001
37	0.9
38	0.2875000000000001
39	0.1
40	0.05
41	0.9
42	0.05
43	0.05
44	0.9
45	0.2875000000000001
46	0.05
47	0.9
48	0.05
49	0.9
50	0.05
51	0.05
52	0.2875000000000001
53	0.9
54	0.05
55	0.1
56	0.2875000000000001
57	0.1
58	0.2875000000000001
59	0.1
60	0.9
61	0.9
62	0.05
63	0.05
64	0.9
65	0.05
66	0.05
67	0.1
68	0.1
69	0.9
70	0.2875000000000001
71	0.1
72	0.9
73	0.05
74	0.1
75	0.1
76	0.05
77	0.05
78	0.2875000000000001
79	0.1
80	0.05
81	0.05
82	0.9
83	0.32499999999999996
84	0.05
85	0.05
86	0.05
87	0.9
88	0.1
89	0.9
90	0.9
91	0.2875000000000001
92	0.05
93	0.9
94	0.05
95	0.1
96	0.0
97	0.0
98	0.0
99	0.0
(0,3), 0, 1
(0,24), 0, 1
(0,25), 0, 1
(0,28), 0, 1
(0,41), 0, 1
(0,52), 0, 1
(0,62), 0, 1
(0,71), 0, 1
(0,73), 0, 1
(1,3), 0, 1
(1,25), 0, 1
(1,28), 0, 1
(1,41), 0, 1
(1,52), 0, 1
(1,58), 0, 1
(1,62), 0, 1
(1,71), 0, 1
(2,0), 0, 1
(2,12), 0, 1
(2,55), 0, 1
(2,68), 0, 1
(4,25), 0, 1
(4,28), 0, 1
(4,44), 0, 1
(4,56), 0, 1
(4,58), 0, 1
(4,62), 0, 1
(4,71), 0, 1
(4,73), 0, 1
(6,0), 0, 1
(6,1), 0, 1
(6,2), 0, 1
(6,3), 0, 1
(6,4), 0, 1
(6,5), 0, 1
(6,7), 0, 1
(6,8), 0, 1
(6,10), 0, 1
(6,11), 0, 1
(6,12), 0, 1
(6,14), 0, 1
(6,16), 0, 1
(6,17), 0, 1
(6,18), 0, 1
(6,19), 0, 1
(6,21), 0, 1
(6,22), 0, 1
(6,24), 0, 1
(6,26), 0, 1
(6,27), 0, 1
(6,28), 0, 1
(6,29), 0, 1
(6,31), 0, 1
(6,32), 0, 1
(6,36), 0, 1
(6,38), 0, 1
(6,39), 0, 1
(6,40), 0, 1
(6,42), 0, 1
(6,43), 0, 1
(6,45), 0, 1
(6,46), 0, 1
(6,48), 0, 1
(6,49), 0, 1
(6,50), 0, 1
(6,51), 0, 1
(6,54), 0, 1
(6,55), 0, 1
(6,56), 0, 1
(6,57), 0, 1
(6,58), 0, 1
(6,59), 0, 1
(6,62), 0, 1
(6,63), 0, 1
(6,65), 0, 1
(6,66), 0, 1
(6,67), 0, 1
(6,68), 0, 1
(6,70), 0, 1
(6,73), 0, 1
(6,75), 0, 1
(6,76), 0, 1
(6,77), 0, 1
(6,78), 0, 1
(6,79), 0, 1
(6,80), 0, 1
(6,81), 0, 1
(6,83), 0, 1
(6,84), 0, 1
(6,85), 0, 1
(6,86), 0, 1
(6,88), 0, 1
(6,92), 0, 1
(6,94), 0, 1
(6,95), 0, 1
(7,3), 0, 1
(7,25), 0, 1
(7,28), 0, 1
(7,52), 0, 1
(7,56), 0, 1
(7,62), 0, 1
(7,71), 0, 1
(7,73), 0, 1
(8,3), 0, 1
(8,24), 0, 1
(8,25), 0, 1
(8,28), 0, 1
(8,52), 0, 1
(8,56), 0, 1
(8,62), 0, 1
(8,71), 0, 1
(8,73), 0, 1
(9,0), 0, 1
(9,1), 0, 1
(9,2), 0, 1
(9,4), 0, 1
(9,5), 0, 1
(9,6), 0, 1
(9,7), 0, 1
(9,8), 0, 1
(9,10), 0, 1
(9,11), 0, 1
(9,12), 0, 1
(9,14), 0, 1
(9,16), 0, 1
(9,17), 0, 1
(9,18), 0, 1
(9,19), 0, 1
(9,22), 0, 1
(9,25), 0, 1
(9,26), 0, 1
(9,27), 0, 1
(9,28), 0, 1
(9,30), 0, 1
(9,31), 0, 1
(9,32), 0, 1
(9,33), 0, 1
(9,34), 0, 1
(9,36), 0, 1
(9,38), 0, 1
(9,39), 0, 1
(9,40), 0, 1
(9,41), 0, 1
(9,42), 0, 1
(9,43), 0, 1
(9,44), 0, 1
(9,45), 0, 1
(9,46), 0, 1
(9,48), 0, 1
(9,50), 0, 1
(9,51), 0, 1
(9,54), 0, 1
(9,56), 0, 1
(9,57), 0, 1
(9,58), 0, 1
(9,59), 0, 1
(9,62), 0, 1
(9,63), 0, 1
(9,65), 0, 1
(9,66), 0, 1
(9,67), 0, 1
(9,68), 0, 1
(9,70), 0, 1
(9,71), 0, 1
(9,72), 0, 1
(9,73), 0, 1
(9,75), 0, 1
(9,76), 0, 1
(9,77), 0, 1
(9,78), 0, 1
(9,79), 0, 1
(9,80), 0, 1
(9,81), 0, 1
(9,84), 0, 1
(9,85), 0, 1
(9,86), 0, 1
(9,88), 0, 1
(9,91), 0, 1
(9,92), 0, 1
(9,94), 0, 1
(9,95), 0, 1
(10,3), 0, 1
(10,24), 0, 1
(10,28), 0, 1
(10,44), 0, 1
(10,62), 0, 1
(10,71), 0, 1
(10,73), 0, 1
(11,3), 0, 1
(11,24), 0, 1
(11,25), 0, 1
(11,28), 0, 1
(11,52), 0, 1
(11,56), 0, 1
(11,58), 0, 1
(11,62), 0, 1
(11,71), 0, 1
(11,73), 0, 1
(11,87), 0, 1
(12,3), 0, 1
(12,24), 0, 1
(12,25), 0, 1
(12,28), 0, 1
(12,41), 0, 1
(12,52), 0, 1
(12,56), 0, 1
(12,58), 0, 1
(12,62), 0, 1
(12,71), 0, 1
(12,73), 0, 1
(13,0), 0, 1
(13,1), 0, 1
(13,2), 0, 1
(13,3), 0, 1
(13,4), 0, 1
(13,5), 0, 1
(13,6), 0, 1
(13,7), 0, 1
(13,8), 0, 1
(13,10), 0, 1
(13,11), 0, 1
(13,12), 0, 1
(13,14), 0, 1
(13,16), 0, 1
(13,17), 0, 1
(13,18), 0, 1
(13,19), 0, 1
(13,21), 0, 1
(13,22), 0, 1
(13,24), 0, 1
(13,25), 0, 1
(13,26), 0, 1
(13,27), 0, 1
(13,28), 0, 1
(13,30), 0, 1
(13,32), 0, 1
(13,38), 0, 1
(13,39), 0, 1
(13,40), 0, 1
(13,42), 0, 1
(13,43), 0, 1
(13,45), 0, 1
(13,46), 0, 1
(13,47), 0, 1
(13,48), 0, 1
(13,50), 0, 1
(13,51), 0, 1
(13,52), 0, 1
(13,54), 0, 1
(13,55), 0, 1
(13,56), 0, 1
(13,57), 0, 1
(13,59), 0, 1
(13,62), 0, 1
(13,63), 0, 1
(13,65), 0, 1
(13,66), 0, 1
(13,67), 0, 1
(13,70), 0, 1
(13,71), 0, 1
(13,74), 0, 1
(13,75), 0, 1
(13,76), 0, 1
(13,77), 0, 1
(13,78), 0, 1
(13,79), 0, 1
(13,80), 0, 1
(13,81), 0, 1
(13,83), 0, 1
(13,84), 0, 1
(13,85), 0, 1
(13,86), 0, 1
(13,88), 0, 1
(13,91), 0, 1
(13,92), 0, 1
(13,93), 0, 1
(13,94), 0, 1
(13,95), 0, 1
(14,0), 0, 1
(14,12), 0, 1
(14,30), 0, 1
(14,55), 0, 1
(14,68), 0, 1
(15,0), 0, 1
(15,1), 0, 1
(15,2), 0, 1
(15,3), 0, 1
(15,4), 0, 1
(15,5), 0, 1
(15,6), 0, 1
(15,7), 0, 1
(15,8), 0, 1
(15,10), 0, 1
(15,11), 0, 1
(15,12), 0, 1
(15,14), 0, 1
(15,16), 0, 1
(15,17), 0, 1
(15,18), 0, 1
(15,19), 0, 1
(15,21), 0, 1
(15,22), 0, 1
(15,24), 0, 1
(15,26), 0, 1
(15,27), 0, 1
(15,28), 0, 1
(15,29), 0, 1
(15,30), 0, 1
(15,31), 0, 1
(15,32), 0, 1
(15,36), 0, 1
(15,38), 0, 1
(15,39), 0, 1
(15,40), 0, 1
(15,42), 0, 1
(15,43), 0, 1
(15,44), 0, 1
(15,45), 0, 1
(15,46), 0, 1
(15,48), 0, 1
(15,50), 0, 1
(15,51), 0, 1
(15,52), 0, 1
(15,54), 0, 1
(15,55), 0, 1
(15,57), 0, 1
(15,58), 0, 1
(15,59), 0, 1
(15,62), 0, 1
(15,63), 0, 1
(15,64), 0, 1
(15,65), 0, 1
(15,66), 0, 1
(15,67), 0, 1
(15,68), 0, 1
(15,70), 0, 1
(15,73), 0, 1
(15,74), 0, 1
(15,75), 0, 1
(15,76), 0, 1
(15,77), 0, 1
(15,78), 0, 1
(15,79), 0, 1
(15,80), 0, 1
(15,81), 0, 1
(15,83), 0, 1
(15,84), 0, 1
(15,85), 0, 1
(15,86), 0, 1
(15,88), 0, 1
(15,91), 0, 1
(15,92), 0, 1
(15,94), 0, 1
(15,95), 0, 1
(16,0), 0, 1
(16,12), 0, 1
(16,30), 0, 1
(16,55), 0, 1
(16,83), 0, 1
(17,0), 0, 1
(17,1), 0, 1
(17,2), 0, 1
(17,3), 0, 1
(17,4), 0, 1
(17,5), 0, 1
(17,7), 0, 1
(17,8), 0, 1
(17,10), 0, 1
(17,11), 0, 1
(17,12), 0, 1
(17,14), 0, 1
(17,18), 0, 1
(17,19), 0, 1
(17,21), 0, 1
(17,22), 0, 1
(17,25), 0, 1
(17,26), 0, 1
(17,28), 0, 1
(17,30), 0, 1
(17,31), 0, 1
(17,32), 0, 1
(17,36), 0, 1
(17,39), 0, 1
(17,40), 0, 1
(17,43), 0, 1
(17,45), 0, 1
(17,46), 0, 1
(17,47), 0, 1
(17,51), 0, 1
(17,52), 0, 1
(17,54), 0, 1
(17,55), 0, 1
(17,56), 0, 1
(17,57), 0, 1
(17,58), 0, 1
(17,60), 0, 1
(17,62), 0, 1
(17,63), 0, 1
(17,65), 0, 1
(17,66), 0, 1
(17,67), 0, 1
(17,68), 0, 1
(17,70), 0, 1
(17,71), 0, 1
(17,74), 0, 1
(17,75), 0, 1
(17,76), 0, 1
(17,77), 0, 1
(17,78), 0, 1
(17,79), 0, 1
(17,80), 0, 1
(17,81), 0, 1
(17,83), 0, 1
(17,84), 0, 1
(17,85), 0, 1
(17,86), 0, 1
(17,88), 0, 1
(17,91), 0, 1
(17,92), 0, 1
(17,94), 0, 1
(17,95), 0, 1
(18,0), 0, 1
(18,12), 0, 1
(18,30), 0, 1
(18,55), 0, 1
(18,68), 0, 1
(18,83), 0, 1
(19,3), 0, 1
(19,24), 0, 1
(19,25), 0, 1
(19,28), 0, 1
(19,41), 0, 1
(19,52), 0, 1
(19,56), 0, 1
(19,58), 0, 1
(19,62), 0, 1
(19,71), 0, 1
(19,73), 0, 1
(20,0), 0, 1
(20,1), 0, 1
(20,2), 0, 1
(20,3), 0, 1
(20,4), 0, 1
(20,5), 0, 1
(20,6), 0, 1
(20,7), 0, 1
(20,8), 0, 1
(20,10), 0, 1
(20,11), 0, 1
(20,14), 0, 1
(20,16), 0, 1
(20,17), 0, 1
(20,18), 0, 1
(20,19), 0, 1
(20,21), 0, 1
(20,22), 0, 1
(20,24), 0, 1
(20,25), 0, 1
(20,26), 0, 1
(20,27), 0, 1
(20,28), 0, 1
(20,30), 0, 1
(20,32), 0, 1
(20,36), 0, 1
(20,37), 0, 1
(20,38), 0, 1
(20,39), 0, 1
(20,40), 0, 1
(20,41), 0, 1
(20,42), 0, 1
(20,43), 0, 1
(20,45), 0, 1
(20,46), 0, 1
(20,48), 0, 1
(20,50), 0, 1
(20,51), 0, 1
(20,54), 0, 1
(20,55), 0, 1
(20,56), 0, 1
(20,57), 0, 1
(20,59), 0, 1
(20,62), 0, 1
(20,63), 0, 1
(20,64), 0, 1
(20,65), 0, 1
(20,66), 0, 1
(20,67), 0, 1
(20,69), 0, 1
(20,70), 0, 1
(20,71), 0, 1
(20,73), 0, 1
(20,75), 0, 1
(20,76), 0, 1
(20,77), 0, 1
(20,78), 0, 1
(20,80), 0, 1
(20,81), 0, 1
(20,83), 0, 1
(20,84), 0, 1
(20,85), 0, 1
(20,86), 0, 1
(20,88), 0, 1
(20,91), 0, 1
(20,92), 0, 1
(20,94), 0, 1
(20,95), 0, 1
(21,3), 0, 1
(21,25), 0, 1
(21,28), 0, 1
(21,41), 0, 1
(21,56), 0, 1
(21,61), 0, 1
(21,62), 0, 1
(21,71), 0, 1
(21,73), 0, 1
(22,3), 0, 1
(22,24), 0, 1
(22,25), 0, 1
(22,28), 0, 1
(22,52), 0, 1
(22,58), 0, 1
(22,62), 0, 1
(22,73), 0, 1
(22,87), 0, 1
(23,0), 0, 1
(23,12), 0, 1
(23,55), 0, 1
(23,68), 0, 1
(23,83), 0, 1
(24,0), 0, 1
(24,1), 0, 1
(24,2), 0, 1
(24,3), 0, 1
(24,5), 0, 1
(24,7), 0, 1
(24,8), 0, 1
(24,10), 0, 1
(24,12), 0, 1
(24,14), 0, 1
(24,17), 0, 1
(24,19), 0, 1
(24,21), 0, 1
(24,22), 0, 1
(24,23), 0, 1
(24,25), 0, 1
(24,26), 0, 1
(24,27), 0, 1
(24,28), 0, 1
(24,32), 0, 1
(24,36), 0, 1
(24,37), 0, 1
(24,38), 0, 1
(24,39), 0, 1
(24,40), 0, 1
(24,42), 0, 1
(24,43), 0, 1
(24,44), 0, 1
(24,45), 0, 1
(24,46), 0, 1
(24,48), 0, 1
(24,50), 0, 1
(24,51), 0, 1
(24,52), 0, 1
(24,54), 0, 1
(24,55), 0, 1
(24,57), 0, 1
(24,58), 0, 1
(24,59), 0, 1
(24,62), 0, 1
(24,63), 0, 1
(24,65), 0, 1
(24,66), 0, 1
(24,67), 0, 1
(24,68), 0, 1
(24,70), 0, 1
(24,71), 0, 1
(24,73), 0, 1
(24,74), 0, 1
(24,75), 0, 1
(24,76), 0, 1
(24,77), 0, 1
(24,79), 0, 1
(24,80), 0, 1
(24,81), 0, 1
(24,82), 0, 1
(24,84), 0, 1
(24,85), 0, 1
(24,86), 0, 1
(24,88), 0, 1
(24,91), 0, 1
(24,92), 0, 1
(24,94), 0, 1
(25,0), 0, 1
(25,12), 0, 1
(25,55), 0, 1
(25,68), 0, 1
(25,83), 0, 1
(26,0), 0, 1
(26,12), 0, 1
(26,30), 0, 1
(26,55), 0, 1
(26,68), 0, 1
(27,3), 0, 1
(27,24), 0, 1
(27,25), 0, 1
(27,28), 0, 1
(27,41), 0, 1
(27,52), 0, 1
(27,56), 0, 1
(27,58), 0, 1
(27,62), 0, 1
(27,71), 0, 1
(27,73), 0, 1
(27,87), 0, 1
(28,0), 0, 1
(28,12), 0, 1
(28,30), 0, 1
(28,55), 0, 1
(28,68), 0, 1
(28,83), 0, 1
(29,3), 0, 1
(29,24), 0, 1
(29,25), 0, 1
(29,28), 0, 1
(29,52), 0, 1
(29,58), 0, 1
(29,62), 0, 1
(29,73), 0, 1
(30,0), 0, 1
(30,12), 0, 1
(30,55), 0, 1
(30,68), 0, 1
(30,83), 0, 1
(31,3), 0, 1
(31,24), 0, 1
(31,25), 0, 1
(31,28), 0, 1
(31,52), 0, 1
(31,56), 0, 1
(31,58), 0, 1
(31,62), 0, 1
(31,71), 0, 1
(31,73), 0, 1
(32,3), 0, 1
(32,25), 0, 1
(32,28), 0, 1
(32,44), 0, 1
(32,52), 0, 1
(32,56), 0, 1
(32,58), 0, 1
(32,62), 0, 1
(32,71), 0, 1
(32,73), 0, 1
(32,87), 0, 1
(33,0), 0, 1
(33,1), 0, 1
(33,2), 0, 1
(33,3), 0, 1
(33,4), 0, 1
(33,5), 0, 1
(33,7), 0, 1
(33,8), 0, 1
(33,10), 0, 1
(33,11), 0, 1
(33,12), 0, 1
(33,14), 0, 1
(33,15), 0, 1
(33,16), 0, 1
(33,18), 0, 1
(33,19), 0, 1
(33,21), 0, 1
(33,22), 0, 1
(33,23), 0, 1
(33,24), 0, 1
(33,25), 0, 1
(33,27), 0, 1
(33,28), 0, 1
(33,30), 0, 1
(33,32), 0, 1
(33,34), 0, 1
(33,38), 0, 1
(33,39), 0, 1
(33,40), 0, 1
(33,42), 0, 1
(33,43), 0, 1
(33,46), 0, 1
(33,48), 0, 1
(33,49), 0, 1
(33,50), 0, 1
(33,51), 0, 1
(33,52), 0, 1
(33,54), 0, 1
(33,55), 0, 1
(33,56), 0, 1
(33,57), 0, 1
(33,59), 0, 1
(33,63), 0, 1
(33,65), 0, 1
(33,66), 0, 1
(33,67), 0, 1
(33,68), 0, 1
(33,69), 0, 1
(33,71), 0, 1
(33,73), 0, 1
(33,74), 0, 1
(33,75), 0, 1
(33,76), 0, 1
(33,77), 0, 1
(33,78), 0, 1
(33,79), 0, 1
(33,80), 0, 1
(33,81), 0, 1
(33,83), 0, 1
(33,84), 0, 1
(33,85), 0, 1
(33,86), 0, 1
(33,87), 0, 1
(33,91), 0, 1
(33,92), 0, 1
(33,94), 0, 1
(33,95), 0, 1
(34,0), 0, 1
(34,12), 0, 1
(34,30), 0, 1
(34,55), 0, 1
(34,68), 0, 1
(34,83), 0, 1
(35,0), 0, 1
(35,1), 0, 1
(35,2), 0, 1
(35,3), 0, 1
(35,4), 0, 1
(35,5), 0, 1
(35,6), 0, 1
(35,7), 0, 1
(35,8), 0, 1
(35,10), 0, 1
(35,11), 0, 1
(35,12), 0, 1
(35,14), 0, 1
(35,16), 0, 1
(35,18), 0, 1
(35,19), 0, 1
(35,21), 0, 1
(35,22), 0, 1
(35,24), 0, 1
(35,25), 0, 1
(35,26), 0, 1
(35,27), 0, 1
(35,28), 0, 1
(35,32), 0, 1
(35,36), 0, 1
(35,38), 0, 1
(35,39), 0, 1
(35,40), 0, 1
(35,42), 0, 1
(35,43), 0, 1
(35,45), 0, 1
(35,46), 0, 1
(35,48), 0, 1
(35,49), 0, 1
(35,50), 0, 1
(35,52), 0, 1
(35,54), 0, 1
(35,55), 0, 1
(35,57), 0, 1
(35,58), 0, 1
(35,59), 0, 1
(35,62), 0, 1
(35,63), 0, 1
(35,65), 0, 1
(35,66), 0, 1
(35,68), 0, 1
(35,69), 0, 1
(35,70), 0, 1
(35,71), 0, 1
(35,73), 0, 1
(35,74), 0, 1
(35,75), 0, 1
(35,76), 0, 1
(35,77), 0, 1
(35,79), 0, 1
(35,80), 0, 1
(35,81), 0, 1
(35,83), 0, 1
(35,84), 0, 1
(35,85), 0, 1
(35,86), 0, 1
(35,88), 0, 1
(35,91), 0, 1
(35,92), 0, 1
(35,95), 0, 1
(36,3), 0, 1
(36,24), 0, 1
(36,25), 0, 1
(36,28), 0, 1
(36,52), 0, 1
(36,56), 0, 1
(36,58), 0, 1
(36,62), 0, 1
(36,71), 0, 1
(36,73), 0, 1
(37,0), 0, 1
(37,12), 0, 1
(37,30), 0, 1
(37,55), 0, 1
(37,68), 0, 1
(37,83), 0, 1
(38,0), 0, 1
(38,12), 0, 1
(38,20), 0, 1
(38,30), 0, 1
(38,55), 0, 1
(38,68), 0, 1
(38,83), 0, 1
(39,3), 0, 1
(39,25), 0, 1
(39,28), 0, 1
(39,56), 0, 1
(39,58), 0, 1
(39,62), 0, 1
(39,71), 0, 1
(39,73), 0, 1
(40,3), 0, 1
(40,24), 0, 1
(40,25), 0, 1
(40,28), 0, 1
(40,41), 0, 1
(40,44), 0, 1
(40,52), 0, 1
(40,56), 0, 1
(40,58), 0, 1
(40,62), 0, 1
(40,71), 0, 1
(40,73), 0, 1
(41,3), 0, 1
(41,24), 0, 1
(41,25), 0, 1
(41,28), 0, 1
(41,56), 0, 1
(41,62), 0, 1
(41,71), 0, 1
(41,73), 0, 1
(42,25), 0, 1
(42,28), 0, 1
(42,52), 0, 1
(42,56), 0, 1
(42,62), 0, 1
(42,71), 0, 1
(42,73), 0, 1
(42,87), 0, 1
(43,0), 0, 1
(43,12), 0, 1
(43,20), 0, 1
(43,55), 0, 1
(43,68), 0, 1
(43,83), 0, 1
(44,0), 0, 1
(44,1), 0, 1
(44,2), 0, 1
(44,3), 0, 1
(44,4), 0, 1
(44,7), 0, 1
(44,8), 0, 1
(44,10), 0, 1
(44,11), 0, 1
(44,12), 0, 1
(44,14), 0, 1
(44,16), 0, 1
(44,17), 0, 1
(44,18), 0, 1
(44,19), 0, 1
(44,21), 0, 1
(44,22), 0, 1
(44,25), 0, 1
(44,27), 0, 1
(44,28), 0, 1
(44,30), 0, 1
(44,31), 0, 1
(44,32), 0, 1
(44,36), 0, 1
(44,38), 0, 1
(44,40), 0, 1
(44,42), 0, 1
(44,43), 0, 1
(44,45), 0, 1
(44,46), 0, 1
(44,48), 0, 1
(44,50), 0, 1
(44,51), 0, 1
(44,52), 0, 1
(44,54), 0, 1
(44,55), 0, 1
(44,57), 0, 1
(44,58), 0, 1
(44,59), 0, 1
(44,62), 0, 1
(44,63), 0, 1
(44,65), 0, 1
(44,66), 0, 1
(44,67), 0, 1
(44,68), 0, 1
(44,70), 0, 1
(44,71), 0, 1
(44,73), 0, 1
(44,74), 0, 1
(44,75), 0, 1
(44,76), 0, 1
(44,77), 0, 1
(44,78), 0, 1
(44,79), 0, 1
(44,80), 0, 1
(44,81), 0, 1
(44,83), 0, 1
(44,84), 0, 1
(44,85), 0, 1
(44,88), 0, 1
(44,91), 0, 1
(44,92), 0, 1
(44,94), 0, 1
(44,95), 0, 1
(45,3), 0, 1
(45,24), 0, 1
(45,25), 0, 1
(45,28), 0, 1
(45,52), 0, 1
(45,56), 0, 1
(45,62), 0, 1
(45,71), 0, 1
(45,73), 0, 1
(46,3), 0, 1
(46,24), 0, 1
(46,25), 0, 1
(46,28), 0, 1
(46,52), 0, 1
(46,56), 0, 1
(46,58), 0, 1
(46,62), 0, 1
(46,71), 0, 1
(46,73), 0, 1
(47,3), 0, 1
(47,24), 0, 1
(47,28), 0, 1
(47,44), 0, 1
(47,52), 0, 1
(47,56), 0, 1
(47,58), 0, 1
(47,62), 0, 1
(47,71), 0, 1
(47,73), 0, 1
(48,3), 0, 1
(48,25), 0, 1
(48,28), 0, 1
(48,56), 0, 1
(48,58), 0, 1
(48,62), 0, 1
(48,71), 0, 1
(48,72), 0, 1
(48,73), 0, 1
(49,0), 0, 1
(49,1), 0, 1
(49,2), 0, 1
(49,3), 0, 1
(49,4), 0, 1
(49,5), 0, 1
(49,6), 0, 1
(49,8), 0, 1
(49,10), 0, 1
(49,11), 0, 1
(49,12), 0, 1
(49,14), 0, 1
(49,16), 0, 1
(49,17), 0, 1
(49,18), 0, 1
(49,19), 0, 1
(49,21), 0, 1
(49,22), 0, 1
(49,23), 0, 1
(49,24), 0, 1
(49,25), 0, 1
(49,26), 0, 1
(49,27), 0, 1
(49,28), 0, 1
(49,31), 0, 1
(49,32), 0, 1
(49,36), 0, 1
(49,38), 0, 1
(49,39), 0, 1
(49,40), 0, 1
(49,42), 0, 1
(49,43), 0, 1
(49,45), 0, 1
(49,46), 0, 1
(49,48), 0, 1
(49,50), 0, 1
(49,53), 0, 1
(49,54), 0, 1
(49,55), 0, 1
(49,56), 0, 1
(49,57), 0, 1
(49,58), 0, 1
(49,59), 0, 1
(49,62), 0, 1
(49,63), 0, 1
(49,65), 0, 1
(49,67), 0, 1
(49,68), 0, 1
(49,70), 0, 1
(49,71), 0, 1
(49,73), 0, 1
(49,74), 0, 1
(49,75), 0, 1
(49,76), 0, 1
(49,77), 0, 1
(49,79), 0, 1
(49,80), 0, 1
(49,81), 0, 1
(49,82), 0, 1
(49,84), 0, 1
(49,85), 0, 1
(49,86), 0, 1
(49,88), 0, 1
(49,89), 0, 1
(49,91), 0, 1
(49,92), 0, 1
(49,94), 0, 1
(49,95), 0, 1
(50,3), 0, 1
(50,24), 0, 1
(50,28), 0, 1
(50,41), 0, 1
(50,62), 0, 1
(50,71), 0, 1
(50,73), 0, 1
(50,87), 0, 1
(51,0), 0, 1
(51,12), 0, 1
(51,30), 0, 1
(51,55), 0, 1
(51,68), 0, 1
(51,83), 0, 1
(52,0), 0, 1
(52,12), 0, 1
(52,30), 0, 1
(52,55), 0, 1
(52,68), 0, 1
(53,3), 0, 1
(53,24), 0, 1
(53,25), 0, 1
(53,28), 0, 1
(53,52), 0, 1
(53,58), 0, 1
(53,61), 0, 1
(53,62), 0, 1
(53,71), 0, 1
(53,73), 0, 1
(54,0), 0, 1
(54,1), 0, 1
(54,2), 0, 1
(54,3), 0, 1
(54,4), 0, 1
(54,5), 0, 1
(54,6), 0, 1
(54,7), 0, 1
(54,8), 0, 1
(54,10), 0, 1
(54,11), 0, 1
(54,12), 0, 1
(54,14), 0, 1
(54,16), 0, 1
(54,17), 0, 1
(54,18), 0, 1
(54,19), 0, 1
(54,21), 0, 1
(54,22), 0, 1
(54,25), 0, 1
(54,27), 0, 1
(54,28), 0, 1
(54,30), 0, 1
(54,31), 0, 1
(54,32), 0, 1
(54,34), 0, 1
(54,36), 0, 1
(54,38), 0, 1
(54,39), 0, 1
(54,40), 0, 1
(54,42), 0, 1
(54,43), 0, 1
(54,46), 0, 1
(54,48), 0, 1
(54,50), 0, 1
(54,51), 0, 1
(54,55), 0, 1
(54,57), 0, 1
(54,58), 0, 1
(54,62), 0, 1
(54,63), 0, 1
(54,65), 0, 1
(54,66), 0, 1
(54,67), 0, 1
(54,68), 0, 1
(54,71), 0, 1
(54,73), 0, 1
(54,74), 0, 1
(54,75), 0, 1
(54,76), 0, 1
(54,77), 0, 1
(54,78), 0, 1
(54,79), 0, 1
(54,80), 0, 1
(54,83), 0, 1
(54,84), 0, 1
(54,85), 0, 1
(54,86), 0, 1
(54,88), 0, 1
(54,92), 0, 1
(54,94), 0, 1
(54,95), 0, 1
(55,3), 0, 1
(55,24), 0, 1
(55,25), 0, 1
(55,28), 0, 1
(55,52), 0, 1
(55,56), 0, 1
(55,62), 0, 1
(55,71), 0, 1
(55,73), 0, 1
(56,3), 0, 1
(56,24), 0, 1
(56,25), 0, 1
(56,28), 0, 1
(56,52), 0, 1
(56,58), 0, 1
(56,62), 0, 1
(56,71), 0, 1
(56,73), 0, 1
(57,0), 0, 1
(57,1), 0, 1
(57,2), 0, 1
(57,3), 0, 1
(57,4), 0, 1
(57,5), 0, 1
(57,6), 0, 1
(57,7), 0, 1
(57,8), 0, 1
(57,10), 0, 1
(57,11), 0, 1
(57,12), 0, 1
(57,14), 0, 1
(57,16), 0, 1
(57,18), 0, 1
(57,19), 0, 1
(57,21), 0, 1
(57,22), 0, 1
(57,25), 0, 1
(57,26), 0, 1
(57,27), 0, 1
(57,28), 0, 1
(57,32), 0, 1
(57,38), 0, 1
(57,39), 0, 1
(57,40), 0, 1
(57,42), 0, 1
(57,43), 0, 1
(57,45), 0, 1
(57,46), 0, 1
(57,48), 0, 1
(57,50), 0, 1
(57,51), 0, 1
(57,52), 0, 1
(57,54), 0, 1
(57,55), 0, 1
(57,58), 0, 1
(57,59), 0, 1
(57,62), 0, 1
(57,63), 0, 1
(57,65), 0, 1
(57,66), 0, 1
(57,67), 0, 1
(57,68), 0, 1
(57,70), 0, 1
(57,71), 0, 1
(57,73), 0, 1
(57,74), 0, 1
(57,75), 0, 1
(57,76), 0, 1
(57,77), 0, 1
(57,78), 0, 1
(57,81), 0, 1
(57,83), 0, 1
(57,84), 0, 1
(57,85), 0, 1
(57,86), 0, 1
(57,88), 0, 1
(57,90), 0, 1
(57,91), 0, 1
(57,92), 0, 1
(57,94), 0, 1
(57,95), 0, 1
(58,0), 0, 1
(58,1), 0, 1
(58,2), 0, 1
(58,3), 0, 1
(58,4), 0, 1
(58,5), 0, 1
(58,6), 0, 1
(58,7), 0, 1
(58,8), 0, 1
(58,10), 0, 1
(58,11), 0, 1
(58,12), 0, 1
(58,14), 0, 1
(58,16), 0, 1
(58,18), 0, 1
(58,19), 0, 1
(58,21), 0, 1
(58,22), 0, 1
(58,24), 0, 1
(58,25), 0, 1
(58,26), 0, 1
(58,27), 0, 1
(58,28), 0, 1
(58,31), 0, 1
(58,32), 0, 1
(58,36), 0, 1
(58,39), 0, 1
(58,42), 0, 1
(58,43), 0, 1
(58,44), 0, 1
(58,46), 0, 1
(58,48), 0, 1
(58,50), 0, 1
(58,51), 0, 1
(58,54), 0, 1
(58,55), 0, 1
(58,57), 0, 1
(58,59), 0, 1
(58,60), 0, 1
(58,62), 0, 1
(58,63), 0, 1
(58,65), 0, 1
(58,66), 0, 1
(58,67), 0, 1
(58,68), 0, 1
(58,71), 0, 1
(58,72), 0, 1
(58,73), 0, 1
(58,74), 0, 1
(58,75), 0, 1
(58,76), 0, 1
(58,77), 0, 1
(58,81), 0, 1
(58,84), 0, 1
(58,85), 0, 1
(58,86), 0, 1
(58,87), 0, 1
(58,88), 0, 1
(58,90), 0, 1
(58,92), 0, 1
(58,94), 0, 1
(58,95), 0, 1
(59,0), 0, 1
(59,12), 0, 1
(59,30), 0, 1
(59,55), 0, 1
(59,83), 0, 1
(61,3), 0, 1
(61,24), 0, 1
(61,25), 0, 1
(61,28), 0, 1
(61,52), 0, 1
(61,56), 0, 1
(61,58), 0, 1
(61,62), 0, 1
(61,73), 0, 1
(61,87), 0, 1
(62,0), 0, 1
(62,12), 0, 1
(62,30), 0, 1
(62,55), 0, 1
(62,68), 0, 1
(62,83), 0, 1
(63,3), 0, 1
(63,24), 0, 1
(63,25), 0, 1
(63,28), 0, 1
(63,52), 0, 1
(63,56), 0, 1
(63,58), 0, 1
(63,62), 0, 1
(63,71), 0, 1
(63,73), 0, 1
(64,0), 0, 1
(64,12), 0, 1
(64,20), 0, 1
(64,55), 0, 1
(64,68), 0, 1
(64,83), 0, 1
(65,3), 0, 1
(65,24), 0, 1
(65,25), 0, 1
(65,28), 0, 1
(65,47), 0, 1
(65,61), 0, 1
(65,62), 0, 1
(65,71), 0, 1
(65,73), 0, 1
(66,0), 0, 1
(66,12), 0, 1
(66,55), 0, 1
(66,68), 0, 1
(67,0), 0, 1
(67,12), 0, 1
(67,30), 0, 1
(67,55), 0, 1
(67,68), 0, 1
(67,83), 0, 1
(68,3), 0, 1
(68,28), 0, 1
(68,52), 0, 1
(68,56), 0, 1
(68,62), 0, 1
(68,71), 0, 1
(68,73), 0, 1
(69,1), 0, 1
(69,2), 0, 1
(69,3), 0, 1
(69,4), 0, 1
(69,5), 0, 1
(69,6), 0, 1
(69,8), 0, 1
(69,10), 0, 1
(69,11), 0, 1
(69,12), 0, 1
(69,14), 0, 1
(69,15), 0, 1
(69,16), 0, 1
(69,18), 0, 1
(69,19), 0, 1
(69,21), 0, 1
(69,22), 0, 1
(69,24), 0, 1
(69,25), 0, 1
(69,26), 0, 1
(69,27), 0, 1
(69,28), 0, 1
(69,29), 0, 1
(69,31), 0, 1
(69,32), 0, 1
(69,36), 0, 1
(69,38), 0, 1
(69,39), 0, 1
(69,40), 0, 1
(69,42), 0, 1
(69,43), 0, 1
(69,45), 0, 1
(69,46), 0, 1
(69,50), 0, 1
(69,51), 0, 1
(69,52), 0, 1
(69,54), 0, 1
(69,55), 0, 1
(69,56), 0, 1
(69,57), 0, 1
(69,58), 0, 1
(69,59), 0, 1
(69,62), 0, 1
(69,63), 0, 1
(69,65), 0, 1
(69,66), 0, 1
(69,67), 0, 1
(69,68), 0, 1
(69,70), 0, 1
(69,73), 0, 1
(69,74), 0, 1
(69,75), 0, 1
(69,76), 0, 1
(69,77), 0, 1
(69,78), 0, 1
(69,79), 0, 1
(69,80), 0, 1
(69,81), 0, 1
(69,83), 0, 1
(69,84), 0, 1
(69,85), 0, 1
(69,86), 0, 1
(69,88), 0, 1
(69,91), 0, 1
(69,92), 0, 1
(69,94), 0, 1
(69,95), 0, 1
(70,0), 0, 1
(70,12), 0, 1
(70,30), 0, 1
(70,55), 0, 1
(70,68), 0, 1
(71,0), 0, 1
(71,1), 0, 1
(71,3), 0, 1
(71,4), 0, 1
(71,5), 0, 1
(71,7), 0, 1
(71,10), 0, 1
(71,11), 0, 1
(71,12), 0, 1
(71,14), 0, 1
(71,16), 0, 1
(71,18), 0, 1
(71,19), 0, 1
(71,21), 0, 1
(71,22), 0, 1
(71,24), 0, 1
(71,25), 0, 1
(71,26), 0, 1
(71,27), 0, 1
(71,30), 0, 1
(71,31), 0, 1
(71,32), 0, 1
(71,36), 0, 1
(71,38), 0, 1
(71,39), 0, 1
(71,40), 0, 1
(71,42), 0, 1
(71,43), 0, 1
(71,45), 0, 1
(71,46), 0, 1
(71,48), 0, 1
(71,50), 0, 1
(71,51), 0, 1
(71,52), 0, 1
(71,54), 0, 1
(71,55), 0, 1
(71,56), 0, 1
(71,57), 0, 1
(71,58), 0, 1
(71,59), 0, 1
(71,62), 0, 1
(71,63), 0, 1
(71,65), 0, 1
(71,66), 0, 1
(71,67), 0, 1
(71,68), 0, 1
(71,70), 0, 1
(71,72), 0, 1
(71,73), 0, 1
(71,74), 0, 1
(71,75), 0, 1
(71,77), 0, 1
(71,78), 0, 1
(71,79), 0, 1
(71,80), 0, 1
(71,81), 0, 1
(71,83), 0, 1
(71,84), 0, 1
(71,85), 0, 1
(71,88), 0, 1
(71,89), 0, 1
(71,91), 0, 1
(71,92), 0, 1
(71,94), 0, 1
(71,95), 0, 1
(72,3), 0, 1
(72,25), 0, 1
(72,28), 0, 1
(72,58), 0, 1
(72,61), 0, 1
(72,62), 0, 1
(72,71), 0, 1
(72,73), 0, 1
(73,0), 0, 1
(73,12), 0, 1
(73,30), 0, 1
(73,55), 0, 1
(73,68), 0, 1
(73,83), 0, 1
(74,3), 0, 1
(74,24), 0, 1
(74,25), 0, 1
(74,28), 0, 1
(74,52), 0, 1
(74,58), 0, 1
(74,62), 0, 1
(74,71), 0, 1
(74,73), 0, 1
(75,3), 0, 1
(75,24), 0, 1
(75,25), 0, 1
(75,52), 0, 1
(75,56), 0, 1
(75,58), 0, 1
(75,62), 0, 1
(75,71), 0, 1
(75,73), 0, 1
(76,0), 0, 1
(76,12), 0, 1
(76,30), 0, 1
(76,55), 0, 1
(76,83), 0, 1
(78,3), 0, 1
(78,24), 0, 1
(78,25), 0, 1
(78,28), 0, 1
(78,56), 0, 1
(78,58), 0, 1
(78,62), 0, 1
(78,71), 0, 1
(78,73), 0, 1
(79,3), 0, 1
(79,24), 0, 1
(79,25), 0, 1
(79,28), 0, 1
(79,56), 0, 1
(79,58), 0, 1
(79,61), 0, 1
(79,62), 0, 1
(79,71), 0, 1
(79,73), 0, 1
(80,3), 0, 1
(80,24), 0, 1
(80,25), 0, 1
(80,28), 0, 1
(80,56), 0, 1
(80,58), 0, 1
(80,62), 0, 1
(80,71), 0, 1
(80,73), 0, 1
(81,0), 0, 1
(81,12), 0, 1
(81,30), 0, 1
(81,55), 0, 1
(81,68), 0, 1
(82,0), 0, 1
(82,1), 0, 1
(82,2), 0, 1
(82,3), 0, 1
(82,4), 0, 1
(82,6), 0, 1
(82,8), 0, 1
(82,10), 0, 1
(82,11), 0, 1
(82,12), 0, 1
(82,14), 0, 1
(82,16), 0, 1
(82,17), 0, 1
(82,18), 0, 1
(82,19), 0, 1
(82,21), 0, 1
(82,22), 0, 1
(82,24), 0, 1
(82,25), 0, 1
(82,26), 0, 1
(82,27), 0, 1
(82,28), 0, 1
(82,30), 0, 1
(82,32), 0, 1
(82,39), 0, 1
(82,40), 0, 1
(82,42), 0, 1
(82,43), 0, 1
(82,45), 0, 1
(82,46), 0, 1
(82,48), 0, 1
(82,50), 0, 1
(82,51), 0, 1
(82,52), 0, 1
(82,53), 0, 1
(82,54), 0, 1
(82,55), 0, 1
(82,56), 0, 1
(82,57), 0, 1
(82,60), 0, 1
(82,62), 0, 1
(82,63), 0, 1
(82,65), 0, 1
(82,66), 0, 1
(82,68), 0, 1
(82,71), 0, 1
(82,73), 0, 1
(82,74), 0, 1
(82,75), 0, 1
(82,76), 0, 1
(82,77), 0, 1
(82,78), 0, 1
(82,79), 0, 1
(82,80), 0, 1
(82,81), 0, 1
(82,83), 0, 1
(82,84), 0, 1
(82,85), 0, 1
(82,86), 0, 1
(82,88), 0, 1
(82,92), 0, 1
(82,94), 0, 1
(83,3), 0, 1
(83,24), 0, 1
(83,25), 0, 1
(83,28), 0, 1
(83,52), 0, 1
(83,56), 0, 1
(83,58), 0, 1
(83,61), 0, 1
(83,62), 0, 1
(83,73), 0, 1
(84,0), 0, 1
(84,12), 0, 1
(84,20), 0, 1
(84,30), 0, 1
(84,55), 0, 1
(84,68), 0, 1
(84,83), 0, 1
(85,0), 0, 1
(85,12), 0, 1
(85,30), 0, 1
(85,55), 0, 1
(85,68), 0, 1
(85,83), 0, 1
(86,0), 0, 1
(86,12), 0, 1
(86,55), 0, 1
(86,68), 0, 1
(87,3), 0, 1
(87,25), 0, 1
(87,28), 0, 1
(87,52), 0, 1
(87,56), 0, 1
(87,58), 0, 1
(87,71), 0, 1
(87,73), 0, 1
(88,3), 0, 1
(88,24), 0, 1
(88,25), 0, 1
(88,28), 0, 1
(88,41), 0, 1
(88,56), 0, 1
(88,58), 0, 1
(88,62), 0, 1
(88,71), 0, 1
(88,73), 0, 1
(89,3), 0, 1
(89,25), 0, 1
(89,28), 0, 1
(89,41), 0, 1
(89,52), 0, 1
(89,56), 0, 1
(89,58), 0, 1
(89,62), 0, 1
(89,71), 0, 1
(89,73), 0, 1
(90,0), 0, 1
(90,12), 0, 1
(90,30), 0, 1
(90,55), 0, 1
(90,68), 0, 1
(90,83), 0, 1
(91,3), 0, 1
(91,24), 0, 1
(91,25), 0, 1
(91,28), 0, 1
(91,52), 0, 1
(91,56), 0, 1
(91,58), 0, 1
(91,62), 0, 1
(91,71), 0, 1
(91,73), 0, 1
(92,25), 0, 1
(92,28), 0, 1
(92,52), 0, 1
(92,56), 0, 1
(92,58), 0, 1
(92,61), 0, 1
(92,62), 0, 1
(92,71), 0, 1
(92,73), 0, 1
(93,0), 0, 1
(93,1), 0, 1
(93,2), 0, 1
(93,3), 0, 1
(93,4), 0, 1
(93,6), 0, 1
(93,7), 0, 1
(93,10), 0, 1
(93,11), 0, 1
(93,12), 0, 1
(93,14), 0, 1
(93,16), 0, 1
(93,17), 0, 1
(93,18), 0, 1
(93,19), 0, 1
(93,21), 0, 1
(93,22), 0, 1
(93,24), 0, 1
(93,25), 0, 1
(93,26), 0, 1
(93,27), 0, 1
(93,28), 0, 1
(93,31), 0, 1
(93,32), 0, 1
(93,36), 0, 1
(93,39), 0, 1
(93,40), 0, 1
(93,41), 0, 1
(93,42), 0, 1
(93,43), 0, 1
(93,46), 0, 1
(93,48), 0, 1
(93,49), 0, 1
(93,50), 0, 1
(93,51), 0, 1
(93,52), 0, 1
(93,54), 0, 1
(93,55), 0, 1
(93,57), 0, 1
(93,58), 0, 1
(93,59), 0, 1
(93,61), 0, 1
(93,62), 0, 1
(93,63), 0, 1
(93,64), 0, 1
(93,65), 0, 1
(93,66), 0, 1
(93,67), 0, 1
(93,68), 0, 1
(93,71), 0, 1
(93,73), 0, 1
(93,74), 0, 1
(93,75), 0, 1
(93,76), 0, 1
(93,78), 0, 1
(93,79), 0, 1
(93,80), 0, 1
(93,81), 0, 1
(93,84), 0, 1
(93,85), 0, 1
(93,86), 0, 1
(93,88), 0, 1
(93,92), 0, 1
(93,94), 0, 1
(93,95), 0, 1
(94,3), 0, 1
(94,25), 0, 1
(94,28), 0, 1
(94,52), 0, 1
(94,58), 0, 1
(94,62), 0, 1
(94,71), 0, 1
(94,73), 0, 1
(95,3), 0, 1
(95,24), 0, 1
(95,25), 0, 1
(95,28), 0, 1
(95,52), 0, 1
(95,56), 0, 1
(95,58), 0, 1
(95,62), 0, 1
(95,71), 0, 1
(95,72), 0, 1
(95,73), 0, 1
(96,0), 0, 1
(96,1), 0, 1
(96,2), 0, 1
(96,3), 0, 1
(96,4), 0, 1
(96,5), 0, 1
(96,6), 0, 1
(96,7), 0, 1
(96,8), 0, 1
(96,10), 0, 1
(96,11), 0, 1
(96,12), 0, 1
(96,14), 0, 1
(96,16), 0, 1
(96,17), 0, 1
(96,18), 0, 1
(96,19), 0, 1
(96,22), 0, 1
(96,24), 0, 1
(96,25), 0, 1
(96,26), 0, 1
(96,27), 0, 1
(96,28), 0, 1
(96,30), 0, 1
(96,31), 0, 1
(96,32), 0, 1
(96,33), 0, 1
(96,38), 0, 1
(96,39), 0, 1
(96,40), 0, 1
(96,42), 0, 1
(96,43), 0, 1
(96,45), 0, 1
(96,46), 0, 1
(96,48), 0, 1
(96,49), 0, 1
(96,50), 0, 1
(96,51), 0, 1
(96,55), 0, 1
(96,57), 0, 1
(96,59), 0, 1
(96,62), 0, 1
(96,63), 0, 1
(96,65), 0, 1
(96,66), 0, 1
(96,67), 0, 1
(96,68), 0, 1
(96,70), 0, 1
(96,73), 0, 1
(96,74), 0, 1
(96,75), 0, 1
(96,76), 0, 1
(96,77), 0, 1
(96,79), 0, 1
(96,80), 0, 1
(96,81), 0, 1
(96,84), 0, 1
(96,85), 0, 1
(96,86), 0, 1
(96,88), 0, 1
(96,90), 0, 1
(96,92), 0, 1
(96,95), 0, 1
(97,0), 0, 1
(97,1), 0, 1
(97,2), 0, 1
(97,3), 0, 1
(97,4), 0, 1
(97,5), 0, 1
(97,6), 0, 1
(97,7), 0, 1
(97,10), 0, 1
(97,11), 0, 1
(97,12), 0, 1
(97,14), 0, 1
(97,16), 0, 1
(97,17), 0, 1
(97,18), 0, 1
(97,19), 0, 1
(97,22), 0, 1
(97,24), 0, 1
(97,25), 0, 1
(97,26), 0, 1
(97,27), 0, 1
(97,28), 0, 1
(97,30), 0, 1
(97,31), 0, 1
(97,32), 0, 1
(97,36), 0, 1
(97,39), 0, 1
(97,40), 0, 1
(97,41), 0, 1
(97,42), 0, 1
(97,45), 0, 1
(97,48), 0, 1
(97,50), 0, 1
(97,51), 0, 1
(97,54), 0, 1
(97,55), 0, 1
(97,57), 0, 1
(97,58), 0, 1
(97,59), 0, 1
(97,62), 0, 1
(97,63), 0, 1
(97,65), 0, 1
(97,66), 0, 1
(97,67), 0, 1
(97,68), 0, 1
(97,69), 0, 1
(97,70), 0, 1
(97,71), 0, 1
(97,73), 0, 1
(97,74), 0, 1
(97,75), 0, 1
(97,76), 0, 1
(97,77), 0, 1
(97,78), 0, 1
(97,79), 0, 1
(97,81), 0, 1
(97,83), 0, 1
(97,84), 0, 1
(97,85), 0, 1
(97,86), 0, 1
(97,88), 0, 1
(97,91), 0, 1
(97,92), 0, 1
(97,93), 0, 1
(97,94), 0, 1
(97,95), 0, 1
(98,0), 0, 1
(98,1), 0, 1
(98,2), 0, 1
(98,3), 0, 1
(98,4), 0, 1
(98,5), 0, 1
(98,6), 0, 1
(98,8), 0, 1
(98,10), 0, 1
(98,11), 0, 1
(98,12), 0, 1
(98,14), 0, 1
(98,16), 0, 1
(98,17), 0, 1
(98,18), 0, 1
(98,19), 0, 1
(98,21), 0, 1
(98,22), 0, 1
(98,25), 0, 1
(98,26), 0, 1
(98,27), 0, 1
(98,28), 0, 1
(98,30), 0, 1
(98,31), 0, 1
(98,32), 0, 1
(98,36), 0, 1
(98,38), 0, 1
(98,39), 0, 1
(98,40), 0, 1
(98,42), 0, 1
(98,43), 0, 1
(98,45), 0, 1
(98,46), 0, 1
(98,48), 0, 1
(98,51), 0, 1
(98,52), 0, 1
(98,54), 0, 1
(98,55), 0, 1
(98,56), 0, 1
(98,57), 0, 1
(98,58), 0, 1
(98,59), 0, 1
(98,62), 0, 1
(98,63), 0, 1
(98,64), 0, 1
(98,65), 0, 1
(98,66), 0, 1
(98,68), 0, 1
(98,70), 0, 1
(98,71), 0, 1
(98,73), 0, 1
(98,74), 0, 1
(98,75), 0, 1
(98,76), 0, 1
(98,77), 0, 1
(98,79), 0, 1
(98,80), 0, 1
(98,81), 0, 1
(98,83), 0, 1
(98,84), 0, 1
(98,85), 0, 1
(98,86), 0, 1
(98,88), 0, 1
(98,91), 0, 1
(98,92), 0, 1
(98,94), 0, 1
(98,95), 0, 1
(99,3), 0, 1
(99,25), 0, 1
(99,28), 0, 1
(99,52), 0, 1
(99,56), 0, 1
(99,58), 0, 1
(99,62), 0, 1
(99,71), 0, 1
(99,73), 0, 1
