Nr_Pairs = 94
Nr_NDD = 6
Nr_Arcs = 2381
0	0.32
1	0.92
2	0.5
3	0.5
4	0.28
5	0.10
6	0.5
7	0.5
8	0.28
9	0.5
10	0.5
11	0.90
12	0.5
13	0.10
14	0.10
15	0.28
16	0.5
17	0.10
18	0.5
19	0.32
20	0.5
21	0.90
22	0.90
23	0.5
24	0.90
25	0.90
26	0.5
27	0.10
28	0.5
29	0.5
30	0.28
31	0.10
32	0.10
33	0.28
34	0.5
35	0.5
36	0.10
37	0.28
38	0.90
39	0.5
40	0.5
41	0.10
42	0.10
43	0.28
44	0.5
45	0.28
46	0.5
47	0.10
48	0.5
49	0.28
50	0.10
51	0.5
52	0.90
53	0.28
54	0.90
55	0.5
56	0.5
57	0.5
58	0.28
59	0.90
60	0.92
61	0.5
62	0.10
63	0.5
64	0.5
65	0.5
66	0.10
67	0.90
68	0.5
69	0.5
70	0.92
71	0.10
72	0.28
73	0.5
74	0.5
75	0.92
76	0.5
77	0.28
78	0.92
79	0.90
80	0.5
81	0.5
82	0.10
83	0.28
84	0.28
85	0.32
86	0.5
87	0.5
88	0.5
89	0.10
90	0.5
91	0.32
92	0.5
93	0.10
94	0.0
95	0.0
96	0.0
97	0.0
98	0.0
99	0.0
(1,6), 0, 1
(1,13), 0, 1
(1,15), 0, 1
(1,17), 0, 1
(1,23), 0, 1
(1,28), 0, 1
(1,37), 0, 1
(1,40), 0, 1
(1,48), 0, 1
(1,50), 0, 1
(1,55), 0, 1
(1,65), 0, 1
(1,68), 0, 1
(1,82), 0, 1
(1,88), 0, 1
(1,92), 0, 1
(1,93), 0, 1
(2,6), 0, 1
(2,13), 0, 1
(2,15), 0, 1
(2,17), 0, 1
(2,23), 0, 1
(2,28), 0, 1
(2,37), 0, 1
(2,40), 0, 1
(2,48), 0, 1
(2,50), 0, 1
(2,55), 0, 1
(2,65), 0, 1
(2,68), 0, 1
(2,82), 0, 1
(2,83), 0, 1
(2,88), 0, 1
(2,92), 0, 1
(2,93), 0, 1
(3,6), 0, 1
(3,13), 0, 1
(3,15), 0, 1
(3,17), 0, 1
(3,23), 0, 1
(3,28), 0, 1
(3,33), 0, 1
(3,37), 0, 1
(3,40), 0, 1
(3,43), 0, 1
(3,48), 0, 1
(3,50), 0, 1
(3,55), 0, 1
(3,59), 0, 1
(3,65), 0, 1
(3,82), 0, 1
(3,83), 0, 1
(3,88), 0, 1
(3,92), 0, 1
(3,93), 0, 1
(4,0), 0, 1
(4,2), 0, 1
(4,3), 0, 1
(4,5), 0, 1
(4,7), 0, 1
(4,8), 0, 1
(4,9), 0, 1
(4,10), 0, 1
(4,12), 0, 1
(4,13), 0, 1
(4,14), 0, 1
(4,16), 0, 1
(4,17), 0, 1
(4,18), 0, 1
(4,19), 0, 1
(4,20), 0, 1
(4,21), 0, 1
(4,23), 0, 1
(4,26), 0, 1
(4,27), 0, 1
(4,28), 0, 1
(4,29), 0, 1
(4,30), 0, 1
(4,31), 0, 1
(4,32), 0, 1
(4,33), 0, 1
(4,34), 0, 1
(4,35), 0, 1
(4,36), 0, 1
(4,37), 0, 1
(4,39), 0, 1
(4,40), 0, 1
(4,41), 0, 1
(4,42), 0, 1
(4,43), 0, 1
(4,44), 0, 1
(4,46), 0, 1
(4,47), 0, 1
(4,48), 0, 1
(4,49), 0, 1
(4,51), 0, 1
(4,53), 0, 1
(4,55), 0, 1
(4,56), 0, 1
(4,57), 0, 1
(4,58), 0, 1
(4,61), 0, 1
(4,62), 0, 1
(4,63), 0, 1
(4,64), 0, 1
(4,65), 0, 1
(4,68), 0, 1
(4,69), 0, 1
(4,70), 0, 1
(4,71), 0, 1
(4,72), 0, 1
(4,74), 0, 1
(4,75), 0, 1
(4,76), 0, 1
(4,77), 0, 1
(4,79), 0, 1
(4,80), 0, 1
(4,81), 0, 1
(4,82), 0, 1
(4,83), 0, 1
(4,84), 0, 1
(4,87), 0, 1
(4,88), 0, 1
(4,89), 0, 1
(4,90), 0, 1
(4,92), 0, 1
(4,93), 0, 1
(5,2), 0, 1
(5,3), 0, 1
(5,29), 0, 1
(5,30), 0, 1
(5,32), 0, 1
(5,44), 0, 1
(5,58), 0, 1
(5,63), 0, 1
(5,66), 0, 1
(5,71), 0, 1
(5,81), 0, 1
(5,84), 0, 1
(6,3), 0, 1
(6,4), 0, 1
(6,29), 0, 1
(6,30), 0, 1
(6,32), 0, 1
(6,44), 0, 1
(6,58), 0, 1
(6,63), 0, 1
(6,66), 0, 1
(6,71), 0, 1
(6,81), 0, 1
(6,84), 0, 1
(7,1), 0, 1
(7,6), 0, 1
(7,13), 0, 1
(7,15), 0, 1
(7,17), 0, 1
(7,23), 0, 1
(7,28), 0, 1
(7,33), 0, 1
(7,37), 0, 1
(7,40), 0, 1
(7,43), 0, 1
(7,48), 0, 1
(7,50), 0, 1
(7,55), 0, 1
(7,65), 0, 1
(7,68), 0, 1
(7,82), 0, 1
(7,88), 0, 1
(7,92), 0, 1
(7,93), 0, 1
(8,0), 0, 1
(8,2), 0, 1
(8,3), 0, 1
(8,5), 0, 1
(8,6), 0, 1
(8,7), 0, 1
(8,9), 0, 1
(8,10), 0, 1
(8,12), 0, 1
(8,13), 0, 1
(8,14), 0, 1
(8,16), 0, 1
(8,17), 0, 1
(8,18), 0, 1
(8,19), 0, 1
(8,20), 0, 1
(8,23), 0, 1
(8,26), 0, 1
(8,27), 0, 1
(8,28), 0, 1
(8,29), 0, 1
(8,30), 0, 1
(8,31), 0, 1
(8,35), 0, 1
(8,37), 0, 1
(8,39), 0, 1
(8,40), 0, 1
(8,41), 0, 1
(8,42), 0, 1
(8,43), 0, 1
(8,44), 0, 1
(8,45), 0, 1
(8,46), 0, 1
(8,48), 0, 1
(8,49), 0, 1
(8,50), 0, 1
(8,51), 0, 1
(8,53), 0, 1
(8,55), 0, 1
(8,56), 0, 1
(8,57), 0, 1
(8,58), 0, 1
(8,60), 0, 1
(8,61), 0, 1
(8,62), 0, 1
(8,64), 0, 1
(8,65), 0, 1
(8,66), 0, 1
(8,68), 0, 1
(8,69), 0, 1
(8,71), 0, 1
(8,72), 0, 1
(8,73), 0, 1
(8,74), 0, 1
(8,76), 0, 1
(8,77), 0, 1
(8,80), 0, 1
(8,81), 0, 1
(8,82), 0, 1
(8,83), 0, 1
(8,84), 0, 1
(8,85), 0, 1
(8,86), 0, 1
(8,87), 0, 1
(8,88), 0, 1
(8,89), 0, 1
(8,90), 0, 1
(8,91), 0, 1
(8,92), 0, 1
(8,93), 0, 1
(9,6), 0, 1
(9,13), 0, 1
(9,17), 0, 1
(9,23), 0, 1
(9,28), 0, 1
(9,33), 0, 1
(9,37), 0, 1
(9,40), 0, 1
(9,48), 0, 1
(9,50), 0, 1
(9,55), 0, 1
(9,65), 0, 1
(9,68), 0, 1
(9,82), 0, 1
(9,88), 0, 1
(9,92), 0, 1
(9,93), 0, 1
(10,2), 0, 1
(10,3), 0, 1
(10,4), 0, 1
(10,29), 0, 1
(10,32), 0, 1
(10,44), 0, 1
(10,58), 0, 1
(10,63), 0, 1
(10,71), 0, 1
(10,81), 0, 1
(10,84), 0, 1
(11,6), 0, 1
(11,13), 0, 1
(11,15), 0, 1
(11,17), 0, 1
(11,23), 0, 1
(11,28), 0, 1
(11,33), 0, 1
(11,37), 0, 1
(11,40), 0, 1
(11,43), 0, 1
(11,48), 0, 1
(11,50), 0, 1
(11,55), 0, 1
(11,65), 0, 1
(11,68), 0, 1
(11,82), 0, 1
(11,83), 0, 1
(11,88), 0, 1
(11,92), 0, 1
(11,93), 0, 1
(12,6), 0, 1
(12,13), 0, 1
(12,15), 0, 1
(12,17), 0, 1
(12,23), 0, 1
(12,28), 0, 1
(12,33), 0, 1
(12,37), 0, 1
(12,40), 0, 1
(12,48), 0, 1
(12,50), 0, 1
(12,55), 0, 1
(12,65), 0, 1
(12,68), 0, 1
(12,82), 0, 1
(12,83), 0, 1
(12,88), 0, 1
(12,92), 0, 1
(12,93), 0, 1
(13,0), 0, 1
(13,2), 0, 1
(13,3), 0, 1
(13,4), 0, 1
(13,6), 0, 1
(13,7), 0, 1
(13,8), 0, 1
(13,10), 0, 1
(13,14), 0, 1
(13,15), 0, 1
(13,16), 0, 1
(13,17), 0, 1
(13,18), 0, 1
(13,20), 0, 1
(13,23), 0, 1
(13,26), 0, 1
(13,27), 0, 1
(13,28), 0, 1
(13,29), 0, 1
(13,32), 0, 1
(13,34), 0, 1
(13,35), 0, 1
(13,37), 0, 1
(13,38), 0, 1
(13,39), 0, 1
(13,40), 0, 1
(13,42), 0, 1
(13,43), 0, 1
(13,44), 0, 1
(13,46), 0, 1
(13,47), 0, 1
(13,48), 0, 1
(13,49), 0, 1
(13,50), 0, 1
(13,51), 0, 1
(13,53), 0, 1
(13,55), 0, 1
(13,56), 0, 1
(13,57), 0, 1
(13,58), 0, 1
(13,61), 0, 1
(13,63), 0, 1
(13,64), 0, 1
(13,65), 0, 1
(13,66), 0, 1
(13,68), 0, 1
(13,69), 0, 1
(13,71), 0, 1
(13,72), 0, 1
(13,73), 0, 1
(13,74), 0, 1
(13,76), 0, 1
(13,77), 0, 1
(13,80), 0, 1
(13,81), 0, 1
(13,82), 0, 1
(13,84), 0, 1
(13,85), 0, 1
(13,86), 0, 1
(13,87), 0, 1
(13,88), 0, 1
(13,89), 0, 1
(13,90), 0, 1
(13,91), 0, 1
(13,92), 0, 1
(13,93), 0, 1
(14,6), 0, 1
(14,13), 0, 1
(14,15), 0, 1
(14,23), 0, 1
(14,28), 0, 1
(14,33), 0, 1
(14,37), 0, 1
(14,40), 0, 1
(14,48), 0, 1
(14,50), 0, 1
(14,55), 0, 1
(14,59), 0, 1
(14,65), 0, 1
(14,68), 0, 1
(14,82), 0, 1
(14,83), 0, 1
(14,88), 0, 1
(14,92), 0, 1
(14,93), 0, 1
(15,2), 0, 1
(15,3), 0, 1
(15,4), 0, 1
(15,29), 0, 1
(15,44), 0, 1
(15,63), 0, 1
(15,71), 0, 1
(15,81), 0, 1
(15,84), 0, 1
(18,6), 0, 1
(18,15), 0, 1
(18,17), 0, 1
(18,23), 0, 1
(18,28), 0, 1
(18,37), 0, 1
(18,40), 0, 1
(18,48), 0, 1
(18,50), 0, 1
(18,55), 0, 1
(18,65), 0, 1
(18,68), 0, 1
(18,75), 0, 1
(18,82), 0, 1
(18,83), 0, 1
(18,88), 0, 1
(18,92), 0, 1
(18,93), 0, 1
(20,6), 0, 1
(20,13), 0, 1
(20,17), 0, 1
(20,21), 0, 1
(20,23), 0, 1
(20,28), 0, 1
(20,33), 0, 1
(20,37), 0, 1
(20,40), 0, 1
(20,43), 0, 1
(20,48), 0, 1
(20,50), 0, 1
(20,55), 0, 1
(20,65), 0, 1
(20,68), 0, 1
(20,88), 0, 1
(20,92), 0, 1
(20,93), 0, 1
(21,0), 0, 1
(21,2), 0, 1
(21,3), 0, 1
(21,4), 0, 1
(21,5), 0, 1
(21,6), 0, 1
(21,7), 0, 1
(21,8), 0, 1
(21,9), 0, 1
(21,10), 0, 1
(21,12), 0, 1
(21,13), 0, 1
(21,14), 0, 1
(21,16), 0, 1
(21,17), 0, 1
(21,20), 0, 1
(21,23), 0, 1
(21,25), 0, 1
(21,26), 0, 1
(21,27), 0, 1
(21,28), 0, 1
(21,29), 0, 1
(21,30), 0, 1
(21,31), 0, 1
(21,32), 0, 1
(21,33), 0, 1
(21,34), 0, 1
(21,35), 0, 1
(21,36), 0, 1
(21,39), 0, 1
(21,40), 0, 1
(21,41), 0, 1
(21,44), 0, 1
(21,45), 0, 1
(21,46), 0, 1
(21,47), 0, 1
(21,48), 0, 1
(21,49), 0, 1
(21,50), 0, 1
(21,51), 0, 1
(21,55), 0, 1
(21,56), 0, 1
(21,57), 0, 1
(21,61), 0, 1
(21,62), 0, 1
(21,63), 0, 1
(21,64), 0, 1
(21,65), 0, 1
(21,66), 0, 1
(21,68), 0, 1
(21,69), 0, 1
(21,71), 0, 1
(21,73), 0, 1
(21,74), 0, 1
(21,76), 0, 1
(21,77), 0, 1
(21,80), 0, 1
(21,81), 0, 1
(21,82), 0, 1
(21,84), 0, 1
(21,86), 0, 1
(21,87), 0, 1
(21,88), 0, 1
(21,89), 0, 1
(21,90), 0, 1
(21,91), 0, 1
(21,92), 0, 1
(21,93), 0, 1
(22,6), 0, 1
(22,13), 0, 1
(22,15), 0, 1
(22,17), 0, 1
(22,23), 0, 1
(22,28), 0, 1
(22,33), 0, 1
(22,37), 0, 1
(22,40), 0, 1
(22,50), 0, 1
(22,55), 0, 1
(22,65), 0, 1
(22,68), 0, 1
(22,83), 0, 1
(22,88), 0, 1
(22,92), 0, 1
(22,93), 0, 1
(23,2), 0, 1
(23,3), 0, 1
(23,4), 0, 1
(23,29), 0, 1
(23,30), 0, 1
(23,32), 0, 1
(23,44), 0, 1
(23,58), 0, 1
(23,63), 0, 1
(23,66), 0, 1
(23,71), 0, 1
(23,81), 0, 1
(23,84), 0, 1
(24,2), 0, 1
(24,3), 0, 1
(24,4), 0, 1
(24,32), 0, 1
(24,44), 0, 1
(24,52), 0, 1
(24,58), 0, 1
(24,63), 0, 1
(24,66), 0, 1
(24,71), 0, 1
(24,81), 0, 1
(24,84), 0, 1
(25,0), 0, 1
(25,2), 0, 1
(25,3), 0, 1
(25,4), 0, 1
(25,5), 0, 1
(25,6), 0, 1
(25,7), 0, 1
(25,8), 0, 1
(25,9), 0, 1
(25,10), 0, 1
(25,11), 0, 1
(25,12), 0, 1
(25,13), 0, 1
(25,14), 0, 1
(25,15), 0, 1
(25,16), 0, 1
(25,17), 0, 1
(25,19), 0, 1
(25,20), 0, 1
(25,23), 0, 1
(25,26), 0, 1
(25,27), 0, 1
(25,28), 0, 1
(25,29), 0, 1
(25,31), 0, 1
(25,33), 0, 1
(25,34), 0, 1
(25,35), 0, 1
(25,36), 0, 1
(25,37), 0, 1
(25,39), 0, 1
(25,40), 0, 1
(25,41), 0, 1
(25,43), 0, 1
(25,44), 0, 1
(25,45), 0, 1
(25,46), 0, 1
(25,47), 0, 1
(25,48), 0, 1
(25,49), 0, 1
(25,51), 0, 1
(25,53), 0, 1
(25,55), 0, 1
(25,56), 0, 1
(25,57), 0, 1
(25,61), 0, 1
(25,62), 0, 1
(25,63), 0, 1
(25,64), 0, 1
(25,65), 0, 1
(25,66), 0, 1
(25,68), 0, 1
(25,69), 0, 1
(25,71), 0, 1
(25,73), 0, 1
(25,74), 0, 1
(25,76), 0, 1
(25,77), 0, 1
(25,79), 0, 1
(25,80), 0, 1
(25,81), 0, 1
(25,82), 0, 1
(25,83), 0, 1
(25,84), 0, 1
(25,85), 0, 1
(25,86), 0, 1
(25,87), 0, 1
(25,88), 0, 1
(25,89), 0, 1
(25,90), 0, 1
(25,93), 0, 1
(26,13), 0, 1
(26,15), 0, 1
(26,17), 0, 1
(26,21), 0, 1
(26,23), 0, 1
(26,28), 0, 1
(26,40), 0, 1
(26,43), 0, 1
(26,48), 0, 1
(26,50), 0, 1
(26,55), 0, 1
(26,65), 0, 1
(26,68), 0, 1
(26,82), 0, 1
(26,88), 0, 1
(26,92), 0, 1
(26,93), 0, 1
(27,6), 0, 1
(27,13), 0, 1
(27,15), 0, 1
(27,17), 0, 1
(27,23), 0, 1
(27,28), 0, 1
(27,40), 0, 1
(27,43), 0, 1
(27,48), 0, 1
(27,50), 0, 1
(27,55), 0, 1
(27,65), 0, 1
(27,68), 0, 1
(27,82), 0, 1
(27,83), 0, 1
(27,88), 0, 1
(27,92), 0, 1
(28,2), 0, 1
(28,3), 0, 1
(28,4), 0, 1
(28,29), 0, 1
(28,30), 0, 1
(28,32), 0, 1
(28,44), 0, 1
(28,58), 0, 1
(28,63), 0, 1
(28,66), 0, 1
(28,71), 0, 1
(28,81), 0, 1
(28,84), 0, 1
(29,1), 0, 1
(29,6), 0, 1
(29,13), 0, 1
(29,15), 0, 1
(29,17), 0, 1
(29,23), 0, 1
(29,28), 0, 1
(29,33), 0, 1
(29,40), 0, 1
(29,48), 0, 1
(29,50), 0, 1
(29,55), 0, 1
(29,65), 0, 1
(29,68), 0, 1
(29,82), 0, 1
(29,88), 0, 1
(29,92), 0, 1
(29,93), 0, 1
(30,6), 0, 1
(30,13), 0, 1
(30,17), 0, 1
(30,23), 0, 1
(30,28), 0, 1
(30,37), 0, 1
(30,40), 0, 1
(30,43), 0, 1
(30,48), 0, 1
(30,50), 0, 1
(30,55), 0, 1
(30,59), 0, 1
(30,65), 0, 1
(30,68), 0, 1
(30,82), 0, 1
(30,83), 0, 1
(30,88), 0, 1
(30,92), 0, 1
(30,93), 0, 1
(31,2), 0, 1
(31,3), 0, 1
(31,4), 0, 1
(31,29), 0, 1
(31,32), 0, 1
(31,44), 0, 1
(31,58), 0, 1
(31,63), 0, 1
(31,71), 0, 1
(31,81), 0, 1
(31,84), 0, 1
(32,6), 0, 1
(32,13), 0, 1
(32,15), 0, 1
(32,17), 0, 1
(32,21), 0, 1
(32,23), 0, 1
(32,28), 0, 1
(32,33), 0, 1
(32,37), 0, 1
(32,40), 0, 1
(32,43), 0, 1
(32,48), 0, 1
(32,50), 0, 1
(32,55), 0, 1
(32,65), 0, 1
(32,68), 0, 1
(32,82), 0, 1
(32,83), 0, 1
(32,88), 0, 1
(32,92), 0, 1
(32,93), 0, 1
(33,6), 0, 1
(33,15), 0, 1
(33,17), 0, 1
(33,23), 0, 1
(33,28), 0, 1
(33,37), 0, 1
(33,38), 0, 1
(33,48), 0, 1
(33,50), 0, 1
(33,55), 0, 1
(33,65), 0, 1
(33,68), 0, 1
(33,88), 0, 1
(33,92), 0, 1
(33,93), 0, 1
(34,6), 0, 1
(34,17), 0, 1
(34,23), 0, 1
(34,28), 0, 1
(34,33), 0, 1
(34,37), 0, 1
(34,40), 0, 1
(34,43), 0, 1
(34,48), 0, 1
(34,50), 0, 1
(34,55), 0, 1
(34,65), 0, 1
(34,68), 0, 1
(34,82), 0, 1
(34,83), 0, 1
(34,88), 0, 1
(34,92), 0, 1
(34,93), 0, 1
(35,13), 0, 1
(35,15), 0, 1
(35,17), 0, 1
(35,23), 0, 1
(35,28), 0, 1
(35,33), 0, 1
(35,37), 0, 1
(35,40), 0, 1
(35,43), 0, 1
(35,48), 0, 1
(35,50), 0, 1
(35,55), 0, 1
(35,65), 0, 1
(35,68), 0, 1
(35,82), 0, 1
(35,83), 0, 1
(35,88), 0, 1
(35,92), 0, 1
(35,93), 0, 1
(36,6), 0, 1
(36,13), 0, 1
(36,15), 0, 1
(36,17), 0, 1
(36,22), 0, 1
(36,23), 0, 1
(36,28), 0, 1
(36,33), 0, 1
(36,40), 0, 1
(36,43), 0, 1
(36,48), 0, 1
(36,50), 0, 1
(36,55), 0, 1
(36,65), 0, 1
(36,68), 0, 1
(36,82), 0, 1
(36,83), 0, 1
(36,88), 0, 1
(36,93), 0, 1
(37,6), 0, 1
(37,13), 0, 1
(37,15), 0, 1
(37,17), 0, 1
(37,23), 0, 1
(37,28), 0, 1
(37,33), 0, 1
(37,40), 0, 1
(37,43), 0, 1
(37,48), 0, 1
(37,50), 0, 1
(37,55), 0, 1
(37,65), 0, 1
(37,68), 0, 1
(37,82), 0, 1
(37,92), 0, 1
(37,93), 0, 1
(38,0), 0, 1
(38,2), 0, 1
(38,5), 0, 1
(38,6), 0, 1
(38,7), 0, 1
(38,9), 0, 1
(38,10), 0, 1
(38,13), 0, 1
(38,14), 0, 1
(38,15), 0, 1
(38,16), 0, 1
(38,17), 0, 1
(38,18), 0, 1
(38,19), 0, 1
(38,20), 0, 1
(38,23), 0, 1
(38,26), 0, 1
(38,27), 0, 1
(38,28), 0, 1
(38,29), 0, 1
(38,30), 0, 1
(38,31), 0, 1
(38,32), 0, 1
(38,33), 0, 1
(38,34), 0, 1
(38,35), 0, 1
(38,37), 0, 1
(38,39), 0, 1
(38,40), 0, 1
(38,41), 0, 1
(38,42), 0, 1
(38,43), 0, 1
(38,44), 0, 1
(38,45), 0, 1
(38,46), 0, 1
(38,47), 0, 1
(38,48), 0, 1
(38,49), 0, 1
(38,50), 0, 1
(38,51), 0, 1
(38,53), 0, 1
(38,55), 0, 1
(38,56), 0, 1
(38,57), 0, 1
(38,58), 0, 1
(38,61), 0, 1
(38,62), 0, 1
(38,63), 0, 1
(38,64), 0, 1
(38,65), 0, 1
(38,66), 0, 1
(38,68), 0, 1
(38,69), 0, 1
(38,71), 0, 1
(38,72), 0, 1
(38,73), 0, 1
(38,74), 0, 1
(38,76), 0, 1
(38,77), 0, 1
(38,80), 0, 1
(38,81), 0, 1
(38,82), 0, 1
(38,83), 0, 1
(38,84), 0, 1
(38,85), 0, 1
(38,86), 0, 1
(38,87), 0, 1
(38,88), 0, 1
(38,90), 0, 1
(38,92), 0, 1
(39,6), 0, 1
(39,13), 0, 1
(39,15), 0, 1
(39,17), 0, 1
(39,23), 0, 1
(39,28), 0, 1
(39,37), 0, 1
(39,40), 0, 1
(39,43), 0, 1
(39,48), 0, 1
(39,50), 0, 1
(39,55), 0, 1
(39,65), 0, 1
(39,68), 0, 1
(39,88), 0, 1
(39,93), 0, 1
(40,2), 0, 1
(40,3), 0, 1
(40,4), 0, 1
(40,29), 0, 1
(40,30), 0, 1
(40,32), 0, 1
(40,44), 0, 1
(40,58), 0, 1
(40,63), 0, 1
(40,66), 0, 1
(40,71), 0, 1
(40,81), 0, 1
(41,2), 0, 1
(41,3), 0, 1
(41,4), 0, 1
(41,29), 0, 1
(41,32), 0, 1
(41,44), 0, 1
(41,58), 0, 1
(41,63), 0, 1
(41,66), 0, 1
(41,71), 0, 1
(41,81), 0, 1
(42,6), 0, 1
(42,13), 0, 1
(42,17), 0, 1
(42,23), 0, 1
(42,28), 0, 1
(42,37), 0, 1
(42,40), 0, 1
(42,48), 0, 1
(42,50), 0, 1
(42,55), 0, 1
(42,65), 0, 1
(42,68), 0, 1
(42,82), 0, 1
(42,88), 0, 1
(42,92), 0, 1
(42,93), 0, 1
(43,3), 0, 1
(43,4), 0, 1
(43,29), 0, 1
(43,30), 0, 1
(43,32), 0, 1
(43,44), 0, 1
(43,58), 0, 1
(43,63), 0, 1
(43,66), 0, 1
(43,71), 0, 1
(43,84), 0, 1
(44,6), 0, 1
(44,13), 0, 1
(44,15), 0, 1
(44,17), 0, 1
(44,23), 0, 1
(44,28), 0, 1
(44,33), 0, 1
(44,37), 0, 1
(44,40), 0, 1
(44,48), 0, 1
(44,50), 0, 1
(44,55), 0, 1
(44,65), 0, 1
(44,68), 0, 1
(44,82), 0, 1
(44,83), 0, 1
(44,88), 0, 1
(44,92), 0, 1
(44,93), 0, 1
(45,6), 0, 1
(45,13), 0, 1
(45,15), 0, 1
(45,17), 0, 1
(45,23), 0, 1
(45,28), 0, 1
(45,37), 0, 1
(45,40), 0, 1
(45,43), 0, 1
(45,48), 0, 1
(45,50), 0, 1
(45,55), 0, 1
(45,65), 0, 1
(45,68), 0, 1
(45,82), 0, 1
(45,83), 0, 1
(45,88), 0, 1
(45,92), 0, 1
(45,93), 0, 1
(46,2), 0, 1
(46,3), 0, 1
(46,4), 0, 1
(46,29), 0, 1
(46,30), 0, 1
(46,32), 0, 1
(46,44), 0, 1
(46,52), 0, 1
(46,63), 0, 1
(46,66), 0, 1
(46,71), 0, 1
(46,81), 0, 1
(47,6), 0, 1
(47,15), 0, 1
(47,17), 0, 1
(47,23), 0, 1
(47,28), 0, 1
(47,37), 0, 1
(47,40), 0, 1
(47,43), 0, 1
(47,48), 0, 1
(47,50), 0, 1
(47,55), 0, 1
(47,65), 0, 1
(47,68), 0, 1
(47,82), 0, 1
(47,88), 0, 1
(47,92), 0, 1
(47,93), 0, 1
(48,0), 0, 1
(48,2), 0, 1
(48,3), 0, 1
(48,4), 0, 1
(48,5), 0, 1
(48,6), 0, 1
(48,7), 0, 1
(48,8), 0, 1
(48,9), 0, 1
(48,10), 0, 1
(48,12), 0, 1
(48,13), 0, 1
(48,14), 0, 1
(48,15), 0, 1
(48,16), 0, 1
(48,17), 0, 1
(48,18), 0, 1
(48,19), 0, 1
(48,20), 0, 1
(48,23), 0, 1
(48,24), 0, 1
(48,26), 0, 1
(48,27), 0, 1
(48,28), 0, 1
(48,29), 0, 1
(48,30), 0, 1
(48,31), 0, 1
(48,32), 0, 1
(48,34), 0, 1
(48,35), 0, 1
(48,36), 0, 1
(48,39), 0, 1
(48,40), 0, 1
(48,41), 0, 1
(48,42), 0, 1
(48,44), 0, 1
(48,46), 0, 1
(48,47), 0, 1
(48,50), 0, 1
(48,51), 0, 1
(48,53), 0, 1
(48,55), 0, 1
(48,56), 0, 1
(48,57), 0, 1
(48,61), 0, 1
(48,62), 0, 1
(48,64), 0, 1
(48,65), 0, 1
(48,66), 0, 1
(48,68), 0, 1
(48,69), 0, 1
(48,71), 0, 1
(48,72), 0, 1
(48,73), 0, 1
(48,74), 0, 1
(48,76), 0, 1
(48,79), 0, 1
(48,80), 0, 1
(48,81), 0, 1
(48,82), 0, 1
(48,83), 0, 1
(48,85), 0, 1
(48,87), 0, 1
(48,88), 0, 1
(48,89), 0, 1
(48,90), 0, 1
(48,91), 0, 1
(48,92), 0, 1
(48,93), 0, 1
(49,6), 0, 1
(49,13), 0, 1
(49,17), 0, 1
(49,21), 0, 1
(49,23), 0, 1
(49,28), 0, 1
(49,33), 0, 1
(49,37), 0, 1
(49,40), 0, 1
(49,43), 0, 1
(49,48), 0, 1
(49,50), 0, 1
(49,55), 0, 1
(49,59), 0, 1
(49,65), 0, 1
(49,68), 0, 1
(49,82), 0, 1
(49,83), 0, 1
(49,92), 0, 1
(49,93), 0, 1
(51,6), 0, 1
(51,13), 0, 1
(51,17), 0, 1
(51,21), 0, 1
(51,23), 0, 1
(51,28), 0, 1
(51,33), 0, 1
(51,37), 0, 1
(51,40), 0, 1
(51,43), 0, 1
(51,48), 0, 1
(51,50), 0, 1
(51,55), 0, 1
(51,59), 0, 1
(51,65), 0, 1
(51,68), 0, 1
(51,82), 0, 1
(51,88), 0, 1
(51,92), 0, 1
(51,93), 0, 1
(52,2), 0, 1
(52,3), 0, 1
(52,29), 0, 1
(52,30), 0, 1
(52,32), 0, 1
(52,44), 0, 1
(52,58), 0, 1
(52,63), 0, 1
(52,66), 0, 1
(52,71), 0, 1
(52,81), 0, 1
(53,2), 0, 1
(53,3), 0, 1
(53,29), 0, 1
(53,30), 0, 1
(53,32), 0, 1
(53,44), 0, 1
(53,58), 0, 1
(53,63), 0, 1
(53,66), 0, 1
(53,71), 0, 1
(53,81), 0, 1
(54,2), 0, 1
(54,3), 0, 1
(54,4), 0, 1
(54,29), 0, 1
(54,30), 0, 1
(54,32), 0, 1
(54,44), 0, 1
(54,63), 0, 1
(54,66), 0, 1
(54,71), 0, 1
(54,81), 0, 1
(54,84), 0, 1
(55,2), 0, 1
(55,3), 0, 1
(55,4), 0, 1
(55,5), 0, 1
(55,6), 0, 1
(55,7), 0, 1
(55,9), 0, 1
(55,10), 0, 1
(55,12), 0, 1
(55,13), 0, 1
(55,14), 0, 1
(55,15), 0, 1
(55,16), 0, 1
(55,17), 0, 1
(55,18), 0, 1
(55,19), 0, 1
(55,20), 0, 1
(55,22), 0, 1
(55,23), 0, 1
(55,26), 0, 1
(55,27), 0, 1
(55,28), 0, 1
(55,29), 0, 1
(55,31), 0, 1
(55,32), 0, 1
(55,33), 0, 1
(55,34), 0, 1
(55,35), 0, 1
(55,36), 0, 1
(55,37), 0, 1
(55,39), 0, 1
(55,40), 0, 1
(55,41), 0, 1
(55,42), 0, 1
(55,44), 0, 1
(55,45), 0, 1
(55,46), 0, 1
(55,47), 0, 1
(55,49), 0, 1
(55,50), 0, 1
(55,51), 0, 1
(55,53), 0, 1
(55,54), 0, 1
(55,56), 0, 1
(55,57), 0, 1
(55,61), 0, 1
(55,62), 0, 1
(55,63), 0, 1
(55,64), 0, 1
(55,65), 0, 1
(55,66), 0, 1
(55,68), 0, 1
(55,69), 0, 1
(55,71), 0, 1
(55,72), 0, 1
(55,73), 0, 1
(55,74), 0, 1
(55,76), 0, 1
(55,80), 0, 1
(55,82), 0, 1
(55,83), 0, 1
(55,84), 0, 1
(55,85), 0, 1
(55,86), 0, 1
(55,87), 0, 1
(55,88), 0, 1
(55,89), 0, 1
(55,90), 0, 1
(55,91), 0, 1
(55,92), 0, 1
(55,93), 0, 1
(56,6), 0, 1
(56,13), 0, 1
(56,15), 0, 1
(56,17), 0, 1
(56,23), 0, 1
(56,28), 0, 1
(56,33), 0, 1
(56,37), 0, 1
(56,40), 0, 1
(56,43), 0, 1
(56,48), 0, 1
(56,50), 0, 1
(56,55), 0, 1
(56,59), 0, 1
(56,65), 0, 1
(56,68), 0, 1
(56,82), 0, 1
(56,83), 0, 1
(56,88), 0, 1
(56,92), 0, 1
(56,93), 0, 1
(57,6), 0, 1
(57,13), 0, 1
(57,15), 0, 1
(57,17), 0, 1
(57,23), 0, 1
(57,28), 0, 1
(57,33), 0, 1
(57,40), 0, 1
(57,43), 0, 1
(57,48), 0, 1
(57,50), 0, 1
(57,55), 0, 1
(57,65), 0, 1
(57,68), 0, 1
(57,75), 0, 1
(57,82), 0, 1
(57,83), 0, 1
(57,88), 0, 1
(57,92), 0, 1
(57,93), 0, 1
(58,2), 0, 1
(58,3), 0, 1
(58,4), 0, 1
(58,29), 0, 1
(58,32), 0, 1
(58,44), 0, 1
(58,66), 0, 1
(58,71), 0, 1
(58,81), 0, 1
(58,84), 0, 1
(59,2), 0, 1
(59,3), 0, 1
(59,4), 0, 1
(59,29), 0, 1
(59,30), 0, 1
(59,32), 0, 1
(59,44), 0, 1
(59,52), 0, 1
(59,63), 0, 1
(59,66), 0, 1
(59,81), 0, 1
(60,2), 0, 1
(60,3), 0, 1
(60,4), 0, 1
(60,5), 0, 1
(60,6), 0, 1
(60,7), 0, 1
(60,8), 0, 1
(60,9), 0, 1
(60,10), 0, 1
(60,12), 0, 1
(60,13), 0, 1
(60,14), 0, 1
(60,15), 0, 1
(60,16), 0, 1
(60,17), 0, 1
(60,18), 0, 1
(60,20), 0, 1
(60,23), 0, 1
(60,26), 0, 1
(60,28), 0, 1
(60,29), 0, 1
(60,32), 0, 1
(60,33), 0, 1
(60,34), 0, 1
(60,35), 0, 1
(60,36), 0, 1
(60,39), 0, 1
(60,41), 0, 1
(60,42), 0, 1
(60,43), 0, 1
(60,44), 0, 1
(60,46), 0, 1
(60,47), 0, 1
(60,48), 0, 1
(60,49), 0, 1
(60,50), 0, 1
(60,51), 0, 1
(60,53), 0, 1
(60,55), 0, 1
(60,56), 0, 1
(60,57), 0, 1
(60,61), 0, 1
(60,62), 0, 1
(60,63), 0, 1
(60,64), 0, 1
(60,65), 0, 1
(60,66), 0, 1
(60,68), 0, 1
(60,69), 0, 1
(60,71), 0, 1
(60,72), 0, 1
(60,73), 0, 1
(60,74), 0, 1
(60,75), 0, 1
(60,76), 0, 1
(60,77), 0, 1
(60,80), 0, 1
(60,81), 0, 1
(60,82), 0, 1
(60,83), 0, 1
(60,84), 0, 1
(60,87), 0, 1
(60,88), 0, 1
(60,90), 0, 1
(60,91), 0, 1
(60,92), 0, 1
(61,1), 0, 1
(61,6), 0, 1
(61,13), 0, 1
(61,15), 0, 1
(61,17), 0, 1
(61,28), 0, 1
(61,33), 0, 1
(61,37), 0, 1
(61,40), 0, 1
(61,48), 0, 1
(61,50), 0, 1
(61,55), 0, 1
(61,65), 0, 1
(61,68), 0, 1
(61,82), 0, 1
(61,88), 0, 1
(61,92), 0, 1
(62,1), 0, 1
(62,6), 0, 1
(62,13), 0, 1
(62,15), 0, 1
(62,17), 0, 1
(62,23), 0, 1
(62,28), 0, 1
(62,40), 0, 1
(62,43), 0, 1
(62,48), 0, 1
(62,55), 0, 1
(62,65), 0, 1
(62,68), 0, 1
(62,83), 0, 1
(62,88), 0, 1
(62,92), 0, 1
(62,93), 0, 1
(63,6), 0, 1
(63,15), 0, 1
(63,17), 0, 1
(63,23), 0, 1
(63,28), 0, 1
(63,40), 0, 1
(63,43), 0, 1
(63,48), 0, 1
(63,50), 0, 1
(63,55), 0, 1
(63,65), 0, 1
(63,68), 0, 1
(63,82), 0, 1
(63,88), 0, 1
(63,92), 0, 1
(63,93), 0, 1
(64,6), 0, 1
(64,13), 0, 1
(64,15), 0, 1
(64,17), 0, 1
(64,23), 0, 1
(64,28), 0, 1
(64,33), 0, 1
(64,37), 0, 1
(64,40), 0, 1
(64,43), 0, 1
(64,48), 0, 1
(64,50), 0, 1
(64,55), 0, 1
(64,65), 0, 1
(64,68), 0, 1
(64,82), 0, 1
(64,83), 0, 1
(64,88), 0, 1
(64,92), 0, 1
(64,93), 0, 1
(65,0), 0, 1
(65,2), 0, 1
(65,3), 0, 1
(65,4), 0, 1
(65,5), 0, 1
(65,6), 0, 1
(65,7), 0, 1
(65,9), 0, 1
(65,10), 0, 1
(65,12), 0, 1
(65,13), 0, 1
(65,14), 0, 1
(65,15), 0, 1
(65,16), 0, 1
(65,17), 0, 1
(65,18), 0, 1
(65,19), 0, 1
(65,20), 0, 1
(65,23), 0, 1
(65,26), 0, 1
(65,27), 0, 1
(65,28), 0, 1
(65,29), 0, 1
(65,30), 0, 1
(65,31), 0, 1
(65,32), 0, 1
(65,33), 0, 1
(65,34), 0, 1
(65,35), 0, 1
(65,36), 0, 1
(65,37), 0, 1
(65,39), 0, 1
(65,40), 0, 1
(65,41), 0, 1
(65,42), 0, 1
(65,43), 0, 1
(65,44), 0, 1
(65,45), 0, 1
(65,46), 0, 1
(65,47), 0, 1
(65,48), 0, 1
(65,49), 0, 1
(65,51), 0, 1
(65,53), 0, 1
(65,55), 0, 1
(65,56), 0, 1
(65,57), 0, 1
(65,58), 0, 1
(65,61), 0, 1
(65,62), 0, 1
(65,63), 0, 1
(65,64), 0, 1
(65,66), 0, 1
(65,68), 0, 1
(65,69), 0, 1
(65,71), 0, 1
(65,73), 0, 1
(65,74), 0, 1
(65,76), 0, 1
(65,77), 0, 1
(65,80), 0, 1
(65,81), 0, 1
(65,82), 0, 1
(65,86), 0, 1
(65,87), 0, 1
(65,88), 0, 1
(65,89), 0, 1
(65,90), 0, 1
(65,91), 0, 1
(65,92), 0, 1
(66,6), 0, 1
(66,13), 0, 1
(66,17), 0, 1
(66,21), 0, 1
(66,23), 0, 1
(66,28), 0, 1
(66,33), 0, 1
(66,38), 0, 1
(66,40), 0, 1
(66,48), 0, 1
(66,50), 0, 1
(66,55), 0, 1
(66,65), 0, 1
(66,68), 0, 1
(66,82), 0, 1
(66,88), 0, 1
(66,92), 0, 1
(66,93), 0, 1
(67,6), 0, 1
(67,13), 0, 1
(67,15), 0, 1
(67,17), 0, 1
(67,23), 0, 1
(67,28), 0, 1
(67,33), 0, 1
(67,40), 0, 1
(67,43), 0, 1
(67,48), 0, 1
(67,50), 0, 1
(67,55), 0, 1
(67,59), 0, 1
(67,65), 0, 1
(67,68), 0, 1
(67,82), 0, 1
(67,83), 0, 1
(67,88), 0, 1
(67,92), 0, 1
(67,93), 0, 1
(68,2), 0, 1
(68,3), 0, 1
(68,29), 0, 1
(68,30), 0, 1
(68,32), 0, 1
(68,44), 0, 1
(68,58), 0, 1
(68,63), 0, 1
(68,66), 0, 1
(68,71), 0, 1
(68,81), 0, 1
(68,84), 0, 1
(69,6), 0, 1
(69,13), 0, 1
(69,15), 0, 1
(69,17), 0, 1
(69,23), 0, 1
(69,33), 0, 1
(69,37), 0, 1
(69,40), 0, 1
(69,48), 0, 1
(69,50), 0, 1
(69,55), 0, 1
(69,65), 0, 1
(69,68), 0, 1
(69,82), 0, 1
(69,83), 0, 1
(69,92), 0, 1
(69,93), 0, 1
(70,0), 0, 1
(70,2), 0, 1
(70,3), 0, 1
(70,4), 0, 1
(70,5), 0, 1
(70,6), 0, 1
(70,7), 0, 1
(70,8), 0, 1
(70,9), 0, 1
(70,10), 0, 1
(70,13), 0, 1
(70,14), 0, 1
(70,15), 0, 1
(70,16), 0, 1
(70,17), 0, 1
(70,18), 0, 1
(70,19), 0, 1
(70,20), 0, 1
(70,23), 0, 1
(70,26), 0, 1
(70,27), 0, 1
(70,28), 0, 1
(70,29), 0, 1
(70,30), 0, 1
(70,31), 0, 1
(70,32), 0, 1
(70,33), 0, 1
(70,35), 0, 1
(70,36), 0, 1
(70,39), 0, 1
(70,40), 0, 1
(70,41), 0, 1
(70,43), 0, 1
(70,44), 0, 1
(70,45), 0, 1
(70,46), 0, 1
(70,47), 0, 1
(70,48), 0, 1
(70,51), 0, 1
(70,55), 0, 1
(70,56), 0, 1
(70,57), 0, 1
(70,58), 0, 1
(70,61), 0, 1
(70,62), 0, 1
(70,63), 0, 1
(70,64), 0, 1
(70,65), 0, 1
(70,66), 0, 1
(70,68), 0, 1
(70,69), 0, 1
(70,71), 0, 1
(70,72), 0, 1
(70,74), 0, 1
(70,76), 0, 1
(70,80), 0, 1
(70,81), 0, 1
(70,82), 0, 1
(70,83), 0, 1
(70,85), 0, 1
(70,86), 0, 1
(70,87), 0, 1
(70,88), 0, 1
(70,90), 0, 1
(70,92), 0, 1
(70,93), 0, 1
(71,1), 0, 1
(71,13), 0, 1
(71,15), 0, 1
(71,17), 0, 1
(71,23), 0, 1
(71,28), 0, 1
(71,33), 0, 1
(71,37), 0, 1
(71,40), 0, 1
(71,43), 0, 1
(71,48), 0, 1
(71,50), 0, 1
(71,55), 0, 1
(71,59), 0, 1
(71,65), 0, 1
(71,68), 0, 1
(71,82), 0, 1
(71,83), 0, 1
(71,88), 0, 1
(71,92), 0, 1
(71,93), 0, 1
(72,0), 0, 1
(72,2), 0, 1
(72,3), 0, 1
(72,4), 0, 1
(72,5), 0, 1
(72,6), 0, 1
(72,7), 0, 1
(72,9), 0, 1
(72,10), 0, 1
(72,12), 0, 1
(72,13), 0, 1
(72,15), 0, 1
(72,16), 0, 1
(72,17), 0, 1
(72,18), 0, 1
(72,20), 0, 1
(72,23), 0, 1
(72,26), 0, 1
(72,27), 0, 1
(72,28), 0, 1
(72,29), 0, 1
(72,30), 0, 1
(72,33), 0, 1
(72,34), 0, 1
(72,35), 0, 1
(72,36), 0, 1
(72,39), 0, 1
(72,40), 0, 1
(72,41), 0, 1
(72,44), 0, 1
(72,46), 0, 1
(72,47), 0, 1
(72,48), 0, 1
(72,49), 0, 1
(72,50), 0, 1
(72,51), 0, 1
(72,54), 0, 1
(72,55), 0, 1
(72,56), 0, 1
(72,57), 0, 1
(72,61), 0, 1
(72,62), 0, 1
(72,63), 0, 1
(72,64), 0, 1
(72,65), 0, 1
(72,66), 0, 1
(72,68), 0, 1
(72,69), 0, 1
(72,70), 0, 1
(72,71), 0, 1
(72,73), 0, 1
(72,74), 0, 1
(72,76), 0, 1
(72,77), 0, 1
(72,80), 0, 1
(72,81), 0, 1
(72,86), 0, 1
(72,87), 0, 1
(72,88), 0, 1
(72,89), 0, 1
(72,90), 0, 1
(72,91), 0, 1
(72,92), 0, 1
(72,93), 0, 1
(73,6), 0, 1
(73,13), 0, 1
(73,15), 0, 1
(73,17), 0, 1
(73,23), 0, 1
(73,28), 0, 1
(73,33), 0, 1
(73,37), 0, 1
(73,40), 0, 1
(73,48), 0, 1
(73,50), 0, 1
(73,55), 0, 1
(73,65), 0, 1
(73,68), 0, 1
(73,82), 0, 1
(73,83), 0, 1
(73,88), 0, 1
(73,92), 0, 1
(73,93), 0, 1
(74,6), 0, 1
(74,15), 0, 1
(74,17), 0, 1
(74,23), 0, 1
(74,28), 0, 1
(74,33), 0, 1
(74,37), 0, 1
(74,40), 0, 1
(74,50), 0, 1
(74,65), 0, 1
(74,68), 0, 1
(74,82), 0, 1
(74,88), 0, 1
(74,92), 0, 1
(74,93), 0, 1
(76,6), 0, 1
(76,13), 0, 1
(76,17), 0, 1
(76,23), 0, 1
(76,28), 0, 1
(76,37), 0, 1
(76,40), 0, 1
(76,48), 0, 1
(76,50), 0, 1
(76,55), 0, 1
(76,65), 0, 1
(76,68), 0, 1
(76,82), 0, 1
(76,83), 0, 1
(76,88), 0, 1
(76,92), 0, 1
(76,93), 0, 1
(77,6), 0, 1
(77,13), 0, 1
(77,15), 0, 1
(77,17), 0, 1
(77,23), 0, 1
(77,28), 0, 1
(77,37), 0, 1
(77,40), 0, 1
(77,48), 0, 1
(77,50), 0, 1
(77,55), 0, 1
(77,65), 0, 1
(77,68), 0, 1
(77,82), 0, 1
(77,88), 0, 1
(77,92), 0, 1
(77,93), 0, 1
(78,0), 0, 1
(78,1), 0, 1
(78,2), 0, 1
(78,3), 0, 1
(78,4), 0, 1
(78,5), 0, 1
(78,6), 0, 1
(78,7), 0, 1
(78,8), 0, 1
(78,9), 0, 1
(78,10), 0, 1
(78,12), 0, 1
(78,14), 0, 1
(78,16), 0, 1
(78,17), 0, 1
(78,18), 0, 1
(78,19), 0, 1
(78,20), 0, 1
(78,22), 0, 1
(78,26), 0, 1
(78,27), 0, 1
(78,28), 0, 1
(78,29), 0, 1
(78,31), 0, 1
(78,32), 0, 1
(78,33), 0, 1
(78,34), 0, 1
(78,35), 0, 1
(78,36), 0, 1
(78,39), 0, 1
(78,40), 0, 1
(78,41), 0, 1
(78,42), 0, 1
(78,43), 0, 1
(78,44), 0, 1
(78,46), 0, 1
(78,47), 0, 1
(78,48), 0, 1
(78,49), 0, 1
(78,50), 0, 1
(78,51), 0, 1
(78,55), 0, 1
(78,56), 0, 1
(78,57), 0, 1
(78,58), 0, 1
(78,61), 0, 1
(78,63), 0, 1
(78,64), 0, 1
(78,65), 0, 1
(78,66), 0, 1
(78,68), 0, 1
(78,69), 0, 1
(78,71), 0, 1
(78,73), 0, 1
(78,74), 0, 1
(78,75), 0, 1
(78,76), 0, 1
(78,77), 0, 1
(78,80), 0, 1
(78,82), 0, 1
(78,83), 0, 1
(78,85), 0, 1
(78,86), 0, 1
(78,87), 0, 1
(78,88), 0, 1
(78,90), 0, 1
(78,91), 0, 1
(78,93), 0, 1
(79,2), 0, 1
(79,3), 0, 1
(79,4), 0, 1
(79,5), 0, 1
(79,6), 0, 1
(79,7), 0, 1
(79,9), 0, 1
(79,10), 0, 1
(79,12), 0, 1
(79,13), 0, 1
(79,14), 0, 1
(79,15), 0, 1
(79,16), 0, 1
(79,18), 0, 1
(79,19), 0, 1
(79,20), 0, 1
(79,23), 0, 1
(79,26), 0, 1
(79,27), 0, 1
(79,28), 0, 1
(79,29), 0, 1
(79,31), 0, 1
(79,32), 0, 1
(79,33), 0, 1
(79,34), 0, 1
(79,35), 0, 1
(79,36), 0, 1
(79,37), 0, 1
(79,39), 0, 1
(79,40), 0, 1
(79,41), 0, 1
(79,42), 0, 1
(79,43), 0, 1
(79,44), 0, 1
(79,46), 0, 1
(79,47), 0, 1
(79,48), 0, 1
(79,49), 0, 1
(79,50), 0, 1
(79,51), 0, 1
(79,53), 0, 1
(79,55), 0, 1
(79,56), 0, 1
(79,57), 0, 1
(79,61), 0, 1
(79,62), 0, 1
(79,63), 0, 1
(79,64), 0, 1
(79,65), 0, 1
(79,66), 0, 1
(79,68), 0, 1
(79,69), 0, 1
(79,72), 0, 1
(79,73), 0, 1
(79,74), 0, 1
(79,76), 0, 1
(79,77), 0, 1
(79,80), 0, 1
(79,81), 0, 1
(79,82), 0, 1
(79,83), 0, 1
(79,84), 0, 1
(79,85), 0, 1
(79,86), 0, 1
(79,87), 0, 1
(79,88), 0, 1
(79,89), 0, 1
(79,90), 0, 1
(79,91), 0, 1
(79,92), 0, 1
(80,2), 0, 1
(80,3), 0, 1
(80,4), 0, 1
(80,29), 0, 1
(80,30), 0, 1
(80,32), 0, 1
(80,44), 0, 1
(80,58), 0, 1
(80,63), 0, 1
(80,66), 0, 1
(80,71), 0, 1
(80,81), 0, 1
(80,84), 0, 1
(81,13), 0, 1
(81,15), 0, 1
(81,17), 0, 1
(81,22), 0, 1
(81,28), 0, 1
(81,33), 0, 1
(81,37), 0, 1
(81,38), 0, 1
(81,40), 0, 1
(81,43), 0, 1
(81,48), 0, 1
(81,55), 0, 1
(81,59), 0, 1
(81,65), 0, 1
(81,68), 0, 1
(81,82), 0, 1
(81,83), 0, 1
(81,88), 0, 1
(81,92), 0, 1
(81,93), 0, 1
(82,0), 0, 1
(82,2), 0, 1
(82,3), 0, 1
(82,4), 0, 1
(82,5), 0, 1
(82,6), 0, 1
(82,7), 0, 1
(82,8), 0, 1
(82,9), 0, 1
(82,10), 0, 1
(82,12), 0, 1
(82,13), 0, 1
(82,14), 0, 1
(82,15), 0, 1
(82,16), 0, 1
(82,17), 0, 1
(82,18), 0, 1
(82,19), 0, 1
(82,20), 0, 1
(82,23), 0, 1
(82,25), 0, 1
(82,26), 0, 1
(82,27), 0, 1
(82,28), 0, 1
(82,29), 0, 1
(82,30), 0, 1
(82,31), 0, 1
(82,32), 0, 1
(82,34), 0, 1
(82,35), 0, 1
(82,36), 0, 1
(82,37), 0, 1
(82,39), 0, 1
(82,40), 0, 1
(82,41), 0, 1
(82,42), 0, 1
(82,43), 0, 1
(82,44), 0, 1
(82,46), 0, 1
(82,47), 0, 1
(82,48), 0, 1
(82,49), 0, 1
(82,50), 0, 1
(82,51), 0, 1
(82,53), 0, 1
(82,55), 0, 1
(82,56), 0, 1
(82,57), 0, 1
(82,58), 0, 1
(82,61), 0, 1
(82,62), 0, 1
(82,63), 0, 1
(82,64), 0, 1
(82,65), 0, 1
(82,66), 0, 1
(82,68), 0, 1
(82,71), 0, 1
(82,72), 0, 1
(82,74), 0, 1
(82,77), 0, 1
(82,80), 0, 1
(82,81), 0, 1
(82,83), 0, 1
(82,84), 0, 1
(82,86), 0, 1
(82,87), 0, 1
(82,88), 0, 1
(82,89), 0, 1
(82,90), 0, 1
(82,92), 0, 1
(82,93), 0, 1
(83,6), 0, 1
(83,13), 0, 1
(83,15), 0, 1
(83,17), 0, 1
(83,28), 0, 1
(83,33), 0, 1
(83,37), 0, 1
(83,40), 0, 1
(83,43), 0, 1
(83,48), 0, 1
(83,50), 0, 1
(83,55), 0, 1
(83,65), 0, 1
(83,68), 0, 1
(83,88), 0, 1
(83,92), 0, 1
(83,93), 0, 1
(84,6), 0, 1
(84,13), 0, 1
(84,15), 0, 1
(84,17), 0, 1
(84,23), 0, 1
(84,28), 0, 1
(84,33), 0, 1
(84,37), 0, 1
(84,38), 0, 1
(84,40), 0, 1
(84,43), 0, 1
(84,48), 0, 1
(84,50), 0, 1
(84,55), 0, 1
(84,65), 0, 1
(84,68), 0, 1
(84,82), 0, 1
(84,88), 0, 1
(84,92), 0, 1
(84,93), 0, 1
(85,6), 0, 1
(85,13), 0, 1
(85,15), 0, 1
(85,17), 0, 1
(85,23), 0, 1
(85,28), 0, 1
(85,33), 0, 1
(85,40), 0, 1
(85,43), 0, 1
(85,48), 0, 1
(85,50), 0, 1
(85,55), 0, 1
(85,65), 0, 1
(85,82), 0, 1
(85,88), 0, 1
(85,93), 0, 1
(86,2), 0, 1
(86,3), 0, 1
(86,4), 0, 1
(86,29), 0, 1
(86,30), 0, 1
(86,32), 0, 1
(86,44), 0, 1
(86,58), 0, 1
(86,63), 0, 1
(86,66), 0, 1
(86,71), 0, 1
(86,81), 0, 1
(87,2), 0, 1
(87,3), 0, 1
(87,4), 0, 1
(87,29), 0, 1
(87,32), 0, 1
(87,44), 0, 1
(87,58), 0, 1
(87,63), 0, 1
(87,66), 0, 1
(87,71), 0, 1
(87,81), 0, 1
(87,84), 0, 1
(88,2), 0, 1
(88,3), 0, 1
(88,4), 0, 1
(88,29), 0, 1
(88,30), 0, 1
(88,32), 0, 1
(88,44), 0, 1
(88,58), 0, 1
(88,63), 0, 1
(88,66), 0, 1
(88,71), 0, 1
(88,81), 0, 1
(90,2), 0, 1
(90,3), 0, 1
(90,4), 0, 1
(90,29), 0, 1
(90,30), 0, 1
(90,32), 0, 1
(90,44), 0, 1
(90,63), 0, 1
(90,66), 0, 1
(90,71), 0, 1
(90,84), 0, 1
(91,2), 0, 1
(91,3), 0, 1
(91,29), 0, 1
(91,30), 0, 1
(91,32), 0, 1
(91,44), 0, 1
(91,58), 0, 1
(91,63), 0, 1
(91,66), 0, 1
(91,71), 0, 1
(91,81), 0, 1
(91,84), 0, 1
(92,2), 0, 1
(92,3), 0, 1
(92,29), 0, 1
(92,30), 0, 1
(92,32), 0, 1
(92,44), 0, 1
(92,58), 0, 1
(92,63), 0, 1
(92,66), 0, 1
(92,71), 0, 1
(92,81), 0, 1
(92,84), 0, 1
(93,2), 0, 1
(93,3), 0, 1
(93,29), 0, 1
(93,30), 0, 1
(93,44), 0, 1
(93,58), 0, 1
(93,63), 0, 1
(93,66), 0, 1
(93,71), 0, 1
(93,81), 0, 1
(93,84), 0, 1
(94,0), 0, 1
(94,2), 0, 1
(94,3), 0, 1
(94,4), 0, 1
(94,5), 0, 1
(94,6), 0, 1
(94,7), 0, 1
(94,8), 0, 1
(94,9), 0, 1
(94,10), 0, 1
(94,11), 0, 1
(94,12), 0, 1
(94,13), 0, 1
(94,14), 0, 1
(94,16), 0, 1
(94,17), 0, 1
(94,18), 0, 1
(94,19), 0, 1
(94,20), 0, 1
(94,21), 0, 1
(94,23), 0, 1
(94,26), 0, 1
(94,27), 0, 1
(94,28), 0, 1
(94,29), 0, 1
(94,30), 0, 1
(94,31), 0, 1
(94,32), 0, 1
(94,33), 0, 1
(94,34), 0, 1
(94,36), 0, 1
(94,37), 0, 1
(94,39), 0, 1
(94,40), 0, 1
(94,41), 0, 1
(94,42), 0, 1
(94,43), 0, 1
(94,44), 0, 1
(94,46), 0, 1
(94,47), 0, 1
(94,48), 0, 1
(94,50), 0, 1
(94,51), 0, 1
(94,53), 0, 1
(94,55), 0, 1
(94,56), 0, 1
(94,57), 0, 1
(94,58), 0, 1
(94,61), 0, 1
(94,62), 0, 1
(94,63), 0, 1
(94,64), 0, 1
(94,65), 0, 1
(94,66), 0, 1
(94,67), 0, 1
(94,68), 0, 1
(94,69), 0, 1
(94,71), 0, 1
(94,73), 0, 1
(94,74), 0, 1
(94,76), 0, 1
(94,77), 0, 1
(94,80), 0, 1
(94,81), 0, 1
(94,82), 0, 1
(94,83), 0, 1
(94,84), 0, 1
(94,86), 0, 1
(94,87), 0, 1
(94,88), 0, 1
(94,89), 0, 1
(94,90), 0, 1
(94,91), 0, 1
(94,92), 0, 1
(94,93), 0, 1
(95,13), 0, 1
(95,15), 0, 1
(95,17), 0, 1
(95,23), 0, 1
(95,33), 0, 1
(95,37), 0, 1
(95,40), 0, 1
(95,48), 0, 1
(95,50), 0, 1
(95,55), 0, 1
(95,65), 0, 1
(95,68), 0, 1
(95,82), 0, 1
(95,83), 0, 1
(95,88), 0, 1
(95,92), 0, 1
(95,93), 0, 1
(96,6), 0, 1
(96,13), 0, 1
(96,15), 0, 1
(96,17), 0, 1
(96,23), 0, 1
(96,28), 0, 1
(96,38), 0, 1
(96,40), 0, 1
(96,43), 0, 1
(96,48), 0, 1
(96,55), 0, 1
(96,65), 0, 1
(96,68), 0, 1
(96,82), 0, 1
(96,83), 0, 1
(96,88), 0, 1
(96,92), 0, 1
(96,93), 0, 1
(97,2), 0, 1
(97,3), 0, 1
(97,4), 0, 1
(97,5), 0, 1
(97,6), 0, 1
(97,7), 0, 1
(97,8), 0, 1
(97,9), 0, 1
(97,10), 0, 1
(97,12), 0, 1
(97,13), 0, 1
(97,14), 0, 1
(97,15), 0, 1
(97,16), 0, 1
(97,18), 0, 1
(97,20), 0, 1
(97,23), 0, 1
(97,26), 0, 1
(97,27), 0, 1
(97,28), 0, 1
(97,29), 0, 1
(97,30), 0, 1
(97,31), 0, 1
(97,32), 0, 1
(97,33), 0, 1
(97,34), 0, 1
(97,35), 0, 1
(97,36), 0, 1
(97,39), 0, 1
(97,40), 0, 1
(97,41), 0, 1
(97,42), 0, 1
(97,43), 0, 1
(97,44), 0, 1
(97,45), 0, 1
(97,46), 0, 1
(97,48), 0, 1
(97,49), 0, 1
(97,50), 0, 1
(97,51), 0, 1
(97,55), 0, 1
(97,56), 0, 1
(97,57), 0, 1
(97,60), 0, 1
(97,61), 0, 1
(97,62), 0, 1
(97,63), 0, 1
(97,64), 0, 1
(97,65), 0, 1
(97,66), 0, 1
(97,68), 0, 1
(97,69), 0, 1
(97,71), 0, 1
(97,72), 0, 1
(97,73), 0, 1
(97,74), 0, 1
(97,75), 0, 1
(97,76), 0, 1
(97,77), 0, 1
(97,78), 0, 1
(97,80), 0, 1
(97,81), 0, 1
(97,82), 0, 1
(97,84), 0, 1
(97,85), 0, 1
(97,86), 0, 1
(97,87), 0, 1
(97,88), 0, 1
(97,89), 0, 1
(97,90), 0, 1
(97,91), 0, 1
(97,92), 0, 1
(97,93), 0, 1
(98,6), 0, 1
(98,13), 0, 1
(98,15), 0, 1
(98,17), 0, 1
(98,21), 0, 1
(98,28), 0, 1
(98,37), 0, 1
(98,48), 0, 1
(98,50), 0, 1
(98,55), 0, 1
(98,65), 0, 1
(98,68), 0, 1
(98,83), 0, 1
(98,88), 0, 1
(98,92), 0, 1
(98,93), 0, 1
(99,2), 0, 1
(99,3), 0, 1
(99,4), 0, 1
(99,29), 0, 1
(99,44), 0, 1
(99,58), 0, 1
(99,63), 0, 1
(99,66), 0, 1
(99,71), 0, 1
(99,81), 0, 1
(99,84), 0, 1
