Nr_Pairs = 91
Nr_NDD = 9
Nr_Arcs = 2839
0	0.90
1	0.28
2	0.5
3	0.5
4	0.10
5	0.28
6	0.28
7	0.5
8	0.90
9	0.5
10	0.92
11	0.5
12	0.10
13	0.5
14	0.10
15	0.28
16	0.5
17	0.28
18	0.5
19	0.28
20	0.5
21	0.10
22	0.5
23	0.5
24	0.5
25	0.5
26	0.10
27	0.10
28	0.5
29	0.5
30	0.5
31	0.5
32	0.5
33	0.10
34	0.90
35	0.5
36	0.28
37	0.90
38	0.90
39	0.32
40	0.28
41	0.5
42	0.5
43	0.28
44	0.5
45	0.28
46	0.5
47	0.90
48	0.5
49	0.10
50	0.5
51	0.90
52	0.5
53	0.28
54	0.5
55	0.10
56	0.32
57	0.5
58	0.5
59	0.90
60	0.5
61	0.5
62	0.5
63	0.5
64	0.90
65	0.5
66	0.28
67	0.5
68	0.5
69	0.5
70	0.5
71	0.10
72	0.10
73	0.28
74	0.28
75	0.5
76	0.5
77	0.5
78	0.5
79	0.5
80	0.5
81	0.5
82	0.5
83	0.5
84	0.5
85	0.5
86	0.5
87	0.5
88	0.28
89	0.28
90	0.5
91	0.0
92	0.0
93	0.0
94	0.0
95	0.0
96	0.0
97	0.0
98	0.0
99	0.0
(0,1), 0, 1
(0,6), 0, 1
(0,22), 0, 1
(0,26), 0, 1
(0,28), 0, 1
(0,35), 0, 1
(0,43), 0, 1
(0,44), 0, 1
(0,50), 0, 1
(0,57), 0, 1
(0,74), 0, 1
(0,77), 0, 1
(0,86), 0, 1
(0,87), 0, 1
(1,2), 0, 1
(1,11), 0, 1
(1,17), 0, 1
(1,19), 0, 1
(1,20), 0, 1
(1,40), 0, 1
(1,43), 0, 1
(1,56), 0, 1
(1,58), 0, 1
(1,62), 0, 1
(1,63), 0, 1
(1,66), 0, 1
(1,67), 0, 1
(1,68), 0, 1
(1,69), 0, 1
(1,73), 0, 1
(1,75), 0, 1
(1,76), 0, 1
(1,78), 0, 1
(1,88), 0, 1
(2,1), 0, 1
(2,3), 0, 1
(2,4), 0, 1
(2,6), 0, 1
(2,7), 0, 1
(2,9), 0, 1
(2,11), 0, 1
(2,12), 0, 1
(2,13), 0, 1
(2,15), 0, 1
(2,16), 0, 1
(2,17), 0, 1
(2,18), 0, 1
(2,19), 0, 1
(2,20), 0, 1
(2,21), 0, 1
(2,22), 0, 1
(2,23), 0, 1
(2,24), 0, 1
(2,25), 0, 1
(2,26), 0, 1
(2,27), 0, 1
(2,28), 0, 1
(2,29), 0, 1
(2,30), 0, 1
(2,31), 0, 1
(2,32), 0, 1
(2,35), 0, 1
(2,39), 0, 1
(2,40), 0, 1
(2,41), 0, 1
(2,42), 0, 1
(2,43), 0, 1
(2,44), 0, 1
(2,45), 0, 1
(2,46), 0, 1
(2,48), 0, 1
(2,49), 0, 1
(2,50), 0, 1
(2,52), 0, 1
(2,53), 0, 1
(2,54), 0, 1
(2,56), 0, 1
(2,57), 0, 1
(2,58), 0, 1
(2,60), 0, 1
(2,61), 0, 1
(2,62), 0, 1
(2,63), 0, 1
(2,65), 0, 1
(2,67), 0, 1
(2,68), 0, 1
(2,69), 0, 1
(2,70), 0, 1
(2,71), 0, 1
(2,72), 0, 1
(2,73), 0, 1
(2,74), 0, 1
(2,75), 0, 1
(2,76), 0, 1
(2,78), 0, 1
(2,79), 0, 1
(2,80), 0, 1
(2,81), 0, 1
(2,82), 0, 1
(2,83), 0, 1
(2,84), 0, 1
(2,85), 0, 1
(2,86), 0, 1
(2,87), 0, 1
(2,89), 0, 1
(2,90), 0, 1
(3,1), 0, 1
(3,6), 0, 1
(3,21), 0, 1
(3,22), 0, 1
(3,28), 0, 1
(3,35), 0, 1
(3,39), 0, 1
(3,43), 0, 1
(3,44), 0, 1
(3,50), 0, 1
(3,53), 0, 1
(3,57), 0, 1
(3,74), 0, 1
(3,77), 0, 1
(3,86), 0, 1
(3,87), 0, 1
(4,2), 0, 1
(4,3), 0, 1
(4,11), 0, 1
(4,20), 0, 1
(4,40), 0, 1
(4,43), 0, 1
(4,56), 0, 1
(4,58), 0, 1
(4,62), 0, 1
(4,63), 0, 1
(4,67), 0, 1
(4,68), 0, 1
(4,69), 0, 1
(4,73), 0, 1
(4,75), 0, 1
(4,76), 0, 1
(4,78), 0, 1
(4,79), 0, 1
(4,88), 0, 1
(5,2), 0, 1
(5,3), 0, 1
(5,11), 0, 1
(5,17), 0, 1
(5,19), 0, 1
(5,20), 0, 1
(5,34), 0, 1
(5,43), 0, 1
(5,62), 0, 1
(5,63), 0, 1
(5,68), 0, 1
(5,69), 0, 1
(5,73), 0, 1
(5,75), 0, 1
(5,76), 0, 1
(5,78), 0, 1
(5,79), 0, 1
(5,88), 0, 1
(6,2), 0, 1
(6,3), 0, 1
(6,19), 0, 1
(6,20), 0, 1
(6,34), 0, 1
(6,40), 0, 1
(6,56), 0, 1
(6,58), 0, 1
(6,62), 0, 1
(6,63), 0, 1
(6,67), 0, 1
(6,68), 0, 1
(6,69), 0, 1
(6,75), 0, 1
(6,76), 0, 1
(6,78), 0, 1
(6,79), 0, 1
(6,88), 0, 1
(7,2), 0, 1
(7,3), 0, 1
(7,11), 0, 1
(7,17), 0, 1
(7,19), 0, 1
(7,20), 0, 1
(7,40), 0, 1
(7,43), 0, 1
(7,56), 0, 1
(7,58), 0, 1
(7,62), 0, 1
(7,63), 0, 1
(7,67), 0, 1
(7,68), 0, 1
(7,69), 0, 1
(7,73), 0, 1
(7,75), 0, 1
(7,76), 0, 1
(7,78), 0, 1
(7,79), 0, 1
(7,88), 0, 1
(8,2), 0, 1
(8,3), 0, 1
(8,17), 0, 1
(8,19), 0, 1
(8,20), 0, 1
(8,40), 0, 1
(8,58), 0, 1
(8,62), 0, 1
(8,63), 0, 1
(8,66), 0, 1
(8,67), 0, 1
(8,68), 0, 1
(8,69), 0, 1
(8,73), 0, 1
(8,75), 0, 1
(8,76), 0, 1
(8,78), 0, 1
(8,79), 0, 1
(8,88), 0, 1
(9,2), 0, 1
(9,3), 0, 1
(9,11), 0, 1
(9,19), 0, 1
(9,20), 0, 1
(9,40), 0, 1
(9,43), 0, 1
(9,56), 0, 1
(9,58), 0, 1
(9,62), 0, 1
(9,63), 0, 1
(9,67), 0, 1
(9,68), 0, 1
(9,75), 0, 1
(9,76), 0, 1
(9,78), 0, 1
(9,79), 0, 1
(10,6), 0, 1
(10,22), 0, 1
(10,26), 0, 1
(10,28), 0, 1
(10,35), 0, 1
(10,44), 0, 1
(10,50), 0, 1
(10,53), 0, 1
(10,57), 0, 1
(10,77), 0, 1
(10,87), 0, 1
(11,2), 0, 1
(11,3), 0, 1
(11,19), 0, 1
(11,20), 0, 1
(11,40), 0, 1
(11,56), 0, 1
(11,58), 0, 1
(11,63), 0, 1
(11,66), 0, 1
(11,67), 0, 1
(11,68), 0, 1
(11,69), 0, 1
(11,75), 0, 1
(11,76), 0, 1
(11,78), 0, 1
(11,88), 0, 1
(12,43), 0, 1
(13,2), 0, 1
(13,3), 0, 1
(13,11), 0, 1
(13,20), 0, 1
(13,40), 0, 1
(13,43), 0, 1
(13,56), 0, 1
(13,58), 0, 1
(13,62), 0, 1
(13,63), 0, 1
(13,67), 0, 1
(13,69), 0, 1
(13,73), 0, 1
(13,75), 0, 1
(13,76), 0, 1
(13,78), 0, 1
(13,79), 0, 1
(13,88), 0, 1
(14,2), 0, 1
(14,3), 0, 1
(14,4), 0, 1
(14,5), 0, 1
(14,7), 0, 1
(14,9), 0, 1
(14,11), 0, 1
(14,12), 0, 1
(14,13), 0, 1
(14,15), 0, 1
(14,16), 0, 1
(14,17), 0, 1
(14,18), 0, 1
(14,19), 0, 1
(14,20), 0, 1
(14,21), 0, 1
(14,22), 0, 1
(14,23), 0, 1
(14,24), 0, 1
(14,25), 0, 1
(14,26), 0, 1
(14,27), 0, 1
(14,28), 0, 1
(14,29), 0, 1
(14,30), 0, 1
(14,31), 0, 1
(14,32), 0, 1
(14,33), 0, 1
(14,34), 0, 1
(14,35), 0, 1
(14,36), 0, 1
(14,39), 0, 1
(14,40), 0, 1
(14,41), 0, 1
(14,42), 0, 1
(14,44), 0, 1
(14,45), 0, 1
(14,46), 0, 1
(14,47), 0, 1
(14,48), 0, 1
(14,49), 0, 1
(14,50), 0, 1
(14,54), 0, 1
(14,55), 0, 1
(14,56), 0, 1
(14,57), 0, 1
(14,58), 0, 1
(14,60), 0, 1
(14,61), 0, 1
(14,62), 0, 1
(14,65), 0, 1
(14,66), 0, 1
(14,67), 0, 1
(14,68), 0, 1
(14,69), 0, 1
(14,71), 0, 1
(14,72), 0, 1
(14,74), 0, 1
(14,75), 0, 1
(14,76), 0, 1
(14,77), 0, 1
(14,78), 0, 1
(14,79), 0, 1
(14,80), 0, 1
(14,81), 0, 1
(14,82), 0, 1
(14,83), 0, 1
(14,84), 0, 1
(14,85), 0, 1
(14,86), 0, 1
(14,87), 0, 1
(14,88), 0, 1
(14,89), 0, 1
(14,90), 0, 1
(15,2), 0, 1
(15,3), 0, 1
(15,11), 0, 1
(15,17), 0, 1
(15,19), 0, 1
(15,20), 0, 1
(15,34), 0, 1
(15,40), 0, 1
(15,43), 0, 1
(15,56), 0, 1
(15,58), 0, 1
(15,62), 0, 1
(15,63), 0, 1
(15,67), 0, 1
(15,68), 0, 1
(15,69), 0, 1
(15,73), 0, 1
(15,75), 0, 1
(15,76), 0, 1
(15,78), 0, 1
(15,79), 0, 1
(15,88), 0, 1
(16,2), 0, 1
(16,3), 0, 1
(16,11), 0, 1
(16,17), 0, 1
(16,19), 0, 1
(16,20), 0, 1
(16,40), 0, 1
(16,43), 0, 1
(16,56), 0, 1
(16,58), 0, 1
(16,62), 0, 1
(16,63), 0, 1
(16,66), 0, 1
(16,68), 0, 1
(16,69), 0, 1
(16,73), 0, 1
(16,75), 0, 1
(16,76), 0, 1
(16,78), 0, 1
(16,79), 0, 1
(16,88), 0, 1
(17,1), 0, 1
(17,2), 0, 1
(17,3), 0, 1
(17,4), 0, 1
(17,6), 0, 1
(17,7), 0, 1
(17,9), 0, 1
(17,11), 0, 1
(17,12), 0, 1
(17,13), 0, 1
(17,14), 0, 1
(17,16), 0, 1
(17,18), 0, 1
(17,19), 0, 1
(17,20), 0, 1
(17,21), 0, 1
(17,22), 0, 1
(17,23), 0, 1
(17,24), 0, 1
(17,25), 0, 1
(17,26), 0, 1
(17,30), 0, 1
(17,31), 0, 1
(17,32), 0, 1
(17,33), 0, 1
(17,34), 0, 1
(17,35), 0, 1
(17,36), 0, 1
(17,39), 0, 1
(17,40), 0, 1
(17,41), 0, 1
(17,42), 0, 1
(17,43), 0, 1
(17,44), 0, 1
(17,46), 0, 1
(17,48), 0, 1
(17,49), 0, 1
(17,50), 0, 1
(17,52), 0, 1
(17,53), 0, 1
(17,54), 0, 1
(17,55), 0, 1
(17,56), 0, 1
(17,57), 0, 1
(17,58), 0, 1
(17,60), 0, 1
(17,61), 0, 1
(17,62), 0, 1
(17,63), 0, 1
(17,65), 0, 1
(17,66), 0, 1
(17,67), 0, 1
(17,68), 0, 1
(17,69), 0, 1
(17,70), 0, 1
(17,71), 0, 1
(17,72), 0, 1
(17,74), 0, 1
(17,75), 0, 1
(17,76), 0, 1
(17,77), 0, 1
(17,78), 0, 1
(17,79), 0, 1
(17,80), 0, 1
(17,81), 0, 1
(17,82), 0, 1
(17,83), 0, 1
(17,84), 0, 1
(17,85), 0, 1
(17,86), 0, 1
(17,87), 0, 1
(17,88), 0, 1
(17,90), 0, 1
(18,0), 0, 1
(18,1), 0, 1
(18,6), 0, 1
(18,21), 0, 1
(18,22), 0, 1
(18,26), 0, 1
(18,28), 0, 1
(18,35), 0, 1
(18,43), 0, 1
(18,44), 0, 1
(18,50), 0, 1
(18,53), 0, 1
(18,57), 0, 1
(18,77), 0, 1
(18,86), 0, 1
(18,87), 0, 1
(19,6), 0, 1
(19,21), 0, 1
(19,22), 0, 1
(19,26), 0, 1
(19,28), 0, 1
(19,35), 0, 1
(19,43), 0, 1
(19,44), 0, 1
(19,50), 0, 1
(19,57), 0, 1
(19,74), 0, 1
(19,77), 0, 1
(19,86), 0, 1
(19,87), 0, 1
(20,1), 0, 1
(20,6), 0, 1
(20,21), 0, 1
(20,22), 0, 1
(20,26), 0, 1
(20,28), 0, 1
(20,35), 0, 1
(20,39), 0, 1
(20,44), 0, 1
(20,53), 0, 1
(20,57), 0, 1
(20,74), 0, 1
(20,77), 0, 1
(20,86), 0, 1
(20,87), 0, 1
(21,2), 0, 1
(21,3), 0, 1
(21,11), 0, 1
(21,17), 0, 1
(21,19), 0, 1
(21,20), 0, 1
(21,40), 0, 1
(21,43), 0, 1
(21,56), 0, 1
(21,58), 0, 1
(21,62), 0, 1
(21,63), 0, 1
(21,66), 0, 1
(21,67), 0, 1
(21,68), 0, 1
(21,69), 0, 1
(21,73), 0, 1
(21,75), 0, 1
(21,76), 0, 1
(21,78), 0, 1
(21,79), 0, 1
(21,88), 0, 1
(22,2), 0, 1
(22,3), 0, 1
(22,11), 0, 1
(22,17), 0, 1
(22,19), 0, 1
(22,20), 0, 1
(22,40), 0, 1
(22,43), 0, 1
(22,56), 0, 1
(22,58), 0, 1
(22,62), 0, 1
(22,63), 0, 1
(22,67), 0, 1
(22,68), 0, 1
(22,69), 0, 1
(22,73), 0, 1
(22,75), 0, 1
(22,76), 0, 1
(22,78), 0, 1
(22,79), 0, 1
(23,3), 0, 1
(23,11), 0, 1
(23,17), 0, 1
(23,19), 0, 1
(23,20), 0, 1
(23,40), 0, 1
(23,43), 0, 1
(23,62), 0, 1
(23,63), 0, 1
(23,67), 0, 1
(23,68), 0, 1
(23,75), 0, 1
(23,76), 0, 1
(23,78), 0, 1
(23,79), 0, 1
(23,88), 0, 1
(24,2), 0, 1
(24,3), 0, 1
(24,11), 0, 1
(24,17), 0, 1
(24,19), 0, 1
(24,20), 0, 1
(24,40), 0, 1
(24,56), 0, 1
(24,58), 0, 1
(24,62), 0, 1
(24,63), 0, 1
(24,67), 0, 1
(24,68), 0, 1
(24,69), 0, 1
(24,73), 0, 1
(24,75), 0, 1
(24,76), 0, 1
(24,78), 0, 1
(24,79), 0, 1
(24,88), 0, 1
(25,1), 0, 1
(25,6), 0, 1
(25,21), 0, 1
(25,22), 0, 1
(25,26), 0, 1
(25,28), 0, 1
(25,35), 0, 1
(25,39), 0, 1
(25,43), 0, 1
(25,50), 0, 1
(25,57), 0, 1
(25,74), 0, 1
(25,77), 0, 1
(25,86), 0, 1
(25,87), 0, 1
(26,2), 0, 1
(26,3), 0, 1
(26,11), 0, 1
(26,19), 0, 1
(26,20), 0, 1
(26,40), 0, 1
(26,43), 0, 1
(26,56), 0, 1
(26,58), 0, 1
(26,62), 0, 1
(26,63), 0, 1
(26,66), 0, 1
(26,67), 0, 1
(26,68), 0, 1
(26,69), 0, 1
(26,73), 0, 1
(26,78), 0, 1
(26,79), 0, 1
(26,88), 0, 1
(27,2), 0, 1
(27,3), 0, 1
(27,11), 0, 1
(27,17), 0, 1
(27,19), 0, 1
(27,20), 0, 1
(27,40), 0, 1
(27,43), 0, 1
(27,58), 0, 1
(27,62), 0, 1
(27,63), 0, 1
(27,66), 0, 1
(27,67), 0, 1
(27,68), 0, 1
(27,69), 0, 1
(27,73), 0, 1
(27,75), 0, 1
(27,76), 0, 1
(27,78), 0, 1
(27,79), 0, 1
(27,88), 0, 1
(28,2), 0, 1
(28,3), 0, 1
(28,11), 0, 1
(28,17), 0, 1
(28,19), 0, 1
(28,20), 0, 1
(28,40), 0, 1
(28,43), 0, 1
(28,56), 0, 1
(28,58), 0, 1
(28,62), 0, 1
(28,63), 0, 1
(28,67), 0, 1
(28,68), 0, 1
(28,69), 0, 1
(28,73), 0, 1
(28,76), 0, 1
(28,78), 0, 1
(28,79), 0, 1
(29,1), 0, 1
(29,21), 0, 1
(29,22), 0, 1
(29,26), 0, 1
(29,35), 0, 1
(29,43), 0, 1
(29,44), 0, 1
(29,50), 0, 1
(29,53), 0, 1
(29,57), 0, 1
(29,77), 0, 1
(29,86), 0, 1
(29,87), 0, 1
(30,0), 0, 1
(30,1), 0, 1
(30,2), 0, 1
(30,3), 0, 1
(30,4), 0, 1
(30,6), 0, 1
(30,7), 0, 1
(30,9), 0, 1
(30,11), 0, 1
(30,12), 0, 1
(30,13), 0, 1
(30,14), 0, 1
(30,15), 0, 1
(30,16), 0, 1
(30,17), 0, 1
(30,19), 0, 1
(30,20), 0, 1
(30,21), 0, 1
(30,22), 0, 1
(30,23), 0, 1
(30,24), 0, 1
(30,25), 0, 1
(30,26), 0, 1
(30,27), 0, 1
(30,28), 0, 1
(30,29), 0, 1
(30,31), 0, 1
(30,33), 0, 1
(30,35), 0, 1
(30,36), 0, 1
(30,39), 0, 1
(30,40), 0, 1
(30,41), 0, 1
(30,42), 0, 1
(30,44), 0, 1
(30,45), 0, 1
(30,46), 0, 1
(30,48), 0, 1
(30,49), 0, 1
(30,50), 0, 1
(30,52), 0, 1
(30,54), 0, 1
(30,55), 0, 1
(30,56), 0, 1
(30,57), 0, 1
(30,58), 0, 1
(30,60), 0, 1
(30,61), 0, 1
(30,62), 0, 1
(30,63), 0, 1
(30,65), 0, 1
(30,66), 0, 1
(30,67), 0, 1
(30,68), 0, 1
(30,69), 0, 1
(30,72), 0, 1
(30,74), 0, 1
(30,75), 0, 1
(30,76), 0, 1
(30,77), 0, 1
(30,78), 0, 1
(30,79), 0, 1
(30,80), 0, 1
(30,81), 0, 1
(30,82), 0, 1
(30,83), 0, 1
(30,84), 0, 1
(30,85), 0, 1
(30,86), 0, 1
(30,87), 0, 1
(30,88), 0, 1
(30,89), 0, 1
(30,90), 0, 1
(31,6), 0, 1
(31,21), 0, 1
(31,22), 0, 1
(31,26), 0, 1
(31,28), 0, 1
(31,35), 0, 1
(31,39), 0, 1
(31,43), 0, 1
(31,44), 0, 1
(31,50), 0, 1
(31,53), 0, 1
(31,57), 0, 1
(31,74), 0, 1
(31,77), 0, 1
(31,86), 0, 1
(31,87), 0, 1
(32,2), 0, 1
(32,3), 0, 1
(32,11), 0, 1
(32,17), 0, 1
(32,19), 0, 1
(32,20), 0, 1
(32,40), 0, 1
(32,58), 0, 1
(32,62), 0, 1
(32,63), 0, 1
(32,67), 0, 1
(32,68), 0, 1
(32,69), 0, 1
(32,73), 0, 1
(32,75), 0, 1
(32,76), 0, 1
(32,78), 0, 1
(32,79), 0, 1
(32,88), 0, 1
(33,2), 0, 1
(33,3), 0, 1
(33,11), 0, 1
(33,20), 0, 1
(33,40), 0, 1
(33,58), 0, 1
(33,62), 0, 1
(33,63), 0, 1
(33,66), 0, 1
(33,67), 0, 1
(33,68), 0, 1
(33,73), 0, 1
(33,75), 0, 1
(33,76), 0, 1
(33,78), 0, 1
(33,79), 0, 1
(33,88), 0, 1
(34,2), 0, 1
(34,3), 0, 1
(34,4), 0, 1
(34,5), 0, 1
(34,6), 0, 1
(34,7), 0, 1
(34,9), 0, 1
(34,11), 0, 1
(34,12), 0, 1
(34,13), 0, 1
(34,14), 0, 1
(34,15), 0, 1
(34,16), 0, 1
(34,18), 0, 1
(34,19), 0, 1
(34,20), 0, 1
(34,21), 0, 1
(34,22), 0, 1
(34,23), 0, 1
(34,25), 0, 1
(34,26), 0, 1
(34,28), 0, 1
(34,29), 0, 1
(34,30), 0, 1
(34,32), 0, 1
(34,33), 0, 1
(34,35), 0, 1
(34,36), 0, 1
(34,38), 0, 1
(34,39), 0, 1
(34,40), 0, 1
(34,41), 0, 1
(34,42), 0, 1
(34,43), 0, 1
(34,44), 0, 1
(34,45), 0, 1
(34,46), 0, 1
(34,48), 0, 1
(34,49), 0, 1
(34,50), 0, 1
(34,52), 0, 1
(34,53), 0, 1
(34,54), 0, 1
(34,55), 0, 1
(34,56), 0, 1
(34,57), 0, 1
(34,58), 0, 1
(34,60), 0, 1
(34,61), 0, 1
(34,62), 0, 1
(34,63), 0, 1
(34,64), 0, 1
(34,65), 0, 1
(34,66), 0, 1
(34,67), 0, 1
(34,68), 0, 1
(34,69), 0, 1
(34,70), 0, 1
(34,71), 0, 1
(34,72), 0, 1
(34,73), 0, 1
(34,74), 0, 1
(34,75), 0, 1
(34,76), 0, 1
(34,77), 0, 1
(34,78), 0, 1
(34,79), 0, 1
(34,80), 0, 1
(34,81), 0, 1
(34,82), 0, 1
(34,83), 0, 1
(34,84), 0, 1
(34,85), 0, 1
(34,87), 0, 1
(34,88), 0, 1
(34,90), 0, 1
(35,2), 0, 1
(35,3), 0, 1
(35,11), 0, 1
(35,17), 0, 1
(35,19), 0, 1
(35,20), 0, 1
(35,40), 0, 1
(35,47), 0, 1
(35,56), 0, 1
(35,58), 0, 1
(35,62), 0, 1
(35,63), 0, 1
(35,66), 0, 1
(35,67), 0, 1
(35,68), 0, 1
(35,69), 0, 1
(35,73), 0, 1
(35,75), 0, 1
(35,76), 0, 1
(35,79), 0, 1
(35,88), 0, 1
(36,0), 0, 1
(36,1), 0, 1
(36,2), 0, 1
(36,3), 0, 1
(36,4), 0, 1
(36,5), 0, 1
(36,6), 0, 1
(36,7), 0, 1
(36,9), 0, 1
(36,10), 0, 1
(36,11), 0, 1
(36,12), 0, 1
(36,13), 0, 1
(36,15), 0, 1
(36,16), 0, 1
(36,17), 0, 1
(36,18), 0, 1
(36,19), 0, 1
(36,21), 0, 1
(36,22), 0, 1
(36,23), 0, 1
(36,24), 0, 1
(36,25), 0, 1
(36,27), 0, 1
(36,28), 0, 1
(36,30), 0, 1
(36,31), 0, 1
(36,32), 0, 1
(36,33), 0, 1
(36,35), 0, 1
(36,40), 0, 1
(36,41), 0, 1
(36,42), 0, 1
(36,44), 0, 1
(36,45), 0, 1
(36,46), 0, 1
(36,48), 0, 1
(36,49), 0, 1
(36,50), 0, 1
(36,54), 0, 1
(36,55), 0, 1
(36,56), 0, 1
(36,57), 0, 1
(36,58), 0, 1
(36,60), 0, 1
(36,61), 0, 1
(36,62), 0, 1
(36,63), 0, 1
(36,65), 0, 1
(36,66), 0, 1
(36,67), 0, 1
(36,68), 0, 1
(36,69), 0, 1
(36,70), 0, 1
(36,71), 0, 1
(36,72), 0, 1
(36,74), 0, 1
(36,75), 0, 1
(36,76), 0, 1
(36,77), 0, 1
(36,78), 0, 1
(36,79), 0, 1
(36,80), 0, 1
(36,81), 0, 1
(36,82), 0, 1
(36,83), 0, 1
(36,84), 0, 1
(36,85), 0, 1
(36,86), 0, 1
(36,87), 0, 1
(36,88), 0, 1
(36,89), 0, 1
(36,90), 0, 1
(37,2), 0, 1
(37,3), 0, 1
(37,11), 0, 1
(37,17), 0, 1
(37,19), 0, 1
(37,20), 0, 1
(37,40), 0, 1
(37,43), 0, 1
(37,56), 0, 1
(37,58), 0, 1
(37,62), 0, 1
(37,63), 0, 1
(37,67), 0, 1
(37,68), 0, 1
(37,69), 0, 1
(37,73), 0, 1
(37,75), 0, 1
(37,76), 0, 1
(37,78), 0, 1
(37,79), 0, 1
(37,88), 0, 1
(38,2), 0, 1
(38,3), 0, 1
(38,11), 0, 1
(38,19), 0, 1
(38,40), 0, 1
(38,47), 0, 1
(38,56), 0, 1
(38,58), 0, 1
(38,62), 0, 1
(38,63), 0, 1
(38,66), 0, 1
(38,67), 0, 1
(38,68), 0, 1
(38,69), 0, 1
(38,75), 0, 1
(38,76), 0, 1
(38,78), 0, 1
(38,79), 0, 1
(38,88), 0, 1
(39,2), 0, 1
(39,3), 0, 1
(39,11), 0, 1
(39,19), 0, 1
(39,20), 0, 1
(39,43), 0, 1
(39,47), 0, 1
(39,58), 0, 1
(39,63), 0, 1
(39,66), 0, 1
(39,67), 0, 1
(39,68), 0, 1
(39,69), 0, 1
(39,75), 0, 1
(39,76), 0, 1
(39,78), 0, 1
(39,79), 0, 1
(39,88), 0, 1
(40,1), 0, 1
(40,2), 0, 1
(40,3), 0, 1
(40,4), 0, 1
(40,5), 0, 1
(40,6), 0, 1
(40,7), 0, 1
(40,9), 0, 1
(40,11), 0, 1
(40,12), 0, 1
(40,13), 0, 1
(40,14), 0, 1
(40,16), 0, 1
(40,17), 0, 1
(40,18), 0, 1
(40,19), 0, 1
(40,20), 0, 1
(40,21), 0, 1
(40,22), 0, 1
(40,23), 0, 1
(40,24), 0, 1
(40,25), 0, 1
(40,26), 0, 1
(40,27), 0, 1
(40,28), 0, 1
(40,29), 0, 1
(40,30), 0, 1
(40,31), 0, 1
(40,32), 0, 1
(40,35), 0, 1
(40,36), 0, 1
(40,39), 0, 1
(40,41), 0, 1
(40,42), 0, 1
(40,43), 0, 1
(40,44), 0, 1
(40,45), 0, 1
(40,46), 0, 1
(40,48), 0, 1
(40,50), 0, 1
(40,52), 0, 1
(40,53), 0, 1
(40,54), 0, 1
(40,55), 0, 1
(40,56), 0, 1
(40,57), 0, 1
(40,58), 0, 1
(40,60), 0, 1
(40,61), 0, 1
(40,62), 0, 1
(40,63), 0, 1
(40,64), 0, 1
(40,65), 0, 1
(40,66), 0, 1
(40,67), 0, 1
(40,68), 0, 1
(40,69), 0, 1
(40,70), 0, 1
(40,71), 0, 1
(40,72), 0, 1
(40,73), 0, 1
(40,74), 0, 1
(40,75), 0, 1
(40,76), 0, 1
(40,77), 0, 1
(40,78), 0, 1
(40,79), 0, 1
(40,80), 0, 1
(40,81), 0, 1
(40,82), 0, 1
(40,83), 0, 1
(40,84), 0, 1
(40,85), 0, 1
(40,86), 0, 1
(40,87), 0, 1
(40,88), 0, 1
(40,89), 0, 1
(40,90), 0, 1
(41,1), 0, 1
(41,6), 0, 1
(41,21), 0, 1
(41,26), 0, 1
(41,28), 0, 1
(41,35), 0, 1
(41,44), 0, 1
(41,53), 0, 1
(41,57), 0, 1
(41,74), 0, 1
(41,77), 0, 1
(41,86), 0, 1
(41,87), 0, 1
(42,2), 0, 1
(42,3), 0, 1
(42,11), 0, 1
(42,19), 0, 1
(42,20), 0, 1
(42,43), 0, 1
(42,56), 0, 1
(42,58), 0, 1
(42,62), 0, 1
(42,63), 0, 1
(42,66), 0, 1
(42,67), 0, 1
(42,68), 0, 1
(42,69), 0, 1
(42,73), 0, 1
(42,75), 0, 1
(42,78), 0, 1
(42,79), 0, 1
(42,88), 0, 1
(43,2), 0, 1
(43,3), 0, 1
(43,4), 0, 1
(43,5), 0, 1
(43,7), 0, 1
(43,9), 0, 1
(43,11), 0, 1
(43,12), 0, 1
(43,13), 0, 1
(43,14), 0, 1
(43,15), 0, 1
(43,16), 0, 1
(43,17), 0, 1
(43,18), 0, 1
(43,19), 0, 1
(43,20), 0, 1
(43,21), 0, 1
(43,23), 0, 1
(43,24), 0, 1
(43,25), 0, 1
(43,26), 0, 1
(43,27), 0, 1
(43,28), 0, 1
(43,29), 0, 1
(43,30), 0, 1
(43,31), 0, 1
(43,32), 0, 1
(43,33), 0, 1
(43,35), 0, 1
(43,36), 0, 1
(43,37), 0, 1
(43,39), 0, 1
(43,41), 0, 1
(43,42), 0, 1
(43,44), 0, 1
(43,45), 0, 1
(43,46), 0, 1
(43,48), 0, 1
(43,49), 0, 1
(43,50), 0, 1
(43,52), 0, 1
(43,54), 0, 1
(43,55), 0, 1
(43,57), 0, 1
(43,58), 0, 1
(43,60), 0, 1
(43,61), 0, 1
(43,62), 0, 1
(43,63), 0, 1
(43,65), 0, 1
(43,66), 0, 1
(43,67), 0, 1
(43,68), 0, 1
(43,69), 0, 1
(43,70), 0, 1
(43,71), 0, 1
(43,72), 0, 1
(43,73), 0, 1
(43,75), 0, 1
(43,76), 0, 1
(43,77), 0, 1
(43,78), 0, 1
(43,79), 0, 1
(43,80), 0, 1
(43,81), 0, 1
(43,82), 0, 1
(43,83), 0, 1
(43,84), 0, 1
(43,85), 0, 1
(43,86), 0, 1
(43,87), 0, 1
(43,88), 0, 1
(43,89), 0, 1
(43,90), 0, 1
(44,2), 0, 1
(44,3), 0, 1
(44,11), 0, 1
(44,20), 0, 1
(44,40), 0, 1
(44,56), 0, 1
(44,58), 0, 1
(44,62), 0, 1
(44,63), 0, 1
(44,66), 0, 1
(44,67), 0, 1
(44,68), 0, 1
(44,69), 0, 1
(44,73), 0, 1
(44,75), 0, 1
(44,76), 0, 1
(44,78), 0, 1
(44,79), 0, 1
(44,88), 0, 1
(45,2), 0, 1
(45,3), 0, 1
(45,4), 0, 1
(45,5), 0, 1
(45,7), 0, 1
(45,9), 0, 1
(45,11), 0, 1
(45,12), 0, 1
(45,13), 0, 1
(45,14), 0, 1
(45,16), 0, 1
(45,17), 0, 1
(45,18), 0, 1
(45,19), 0, 1
(45,20), 0, 1
(45,21), 0, 1
(45,22), 0, 1
(45,23), 0, 1
(45,24), 0, 1
(45,25), 0, 1
(45,26), 0, 1
(45,27), 0, 1
(45,29), 0, 1
(45,30), 0, 1
(45,31), 0, 1
(45,32), 0, 1
(45,35), 0, 1
(45,36), 0, 1
(45,39), 0, 1
(45,40), 0, 1
(45,41), 0, 1
(45,42), 0, 1
(45,43), 0, 1
(45,44), 0, 1
(45,46), 0, 1
(45,48), 0, 1
(45,49), 0, 1
(45,50), 0, 1
(45,52), 0, 1
(45,53), 0, 1
(45,54), 0, 1
(45,55), 0, 1
(45,56), 0, 1
(45,57), 0, 1
(45,58), 0, 1
(45,60), 0, 1
(45,61), 0, 1
(45,62), 0, 1
(45,63), 0, 1
(45,65), 0, 1
(45,67), 0, 1
(45,68), 0, 1
(45,69), 0, 1
(45,70), 0, 1
(45,71), 0, 1
(45,72), 0, 1
(45,73), 0, 1
(45,75), 0, 1
(45,76), 0, 1
(45,77), 0, 1
(45,78), 0, 1
(45,79), 0, 1
(45,80), 0, 1
(45,81), 0, 1
(45,82), 0, 1
(45,83), 0, 1
(45,84), 0, 1
(45,85), 0, 1
(45,86), 0, 1
(45,87), 0, 1
(45,88), 0, 1
(45,90), 0, 1
(46,2), 0, 1
(46,17), 0, 1
(46,20), 0, 1
(46,34), 0, 1
(46,56), 0, 1
(46,58), 0, 1
(46,62), 0, 1
(46,63), 0, 1
(46,66), 0, 1
(46,67), 0, 1
(46,68), 0, 1
(46,69), 0, 1
(46,73), 0, 1
(46,75), 0, 1
(46,76), 0, 1
(46,78), 0, 1
(47,1), 0, 1
(47,2), 0, 1
(47,3), 0, 1
(47,4), 0, 1
(47,5), 0, 1
(47,6), 0, 1
(47,7), 0, 1
(47,9), 0, 1
(47,11), 0, 1
(47,12), 0, 1
(47,13), 0, 1
(47,14), 0, 1
(47,16), 0, 1
(47,17), 0, 1
(47,18), 0, 1
(47,19), 0, 1
(47,20), 0, 1
(47,21), 0, 1
(47,22), 0, 1
(47,23), 0, 1
(47,24), 0, 1
(47,25), 0, 1
(47,26), 0, 1
(47,27), 0, 1
(47,29), 0, 1
(47,30), 0, 1
(47,31), 0, 1
(47,32), 0, 1
(47,33), 0, 1
(47,35), 0, 1
(47,36), 0, 1
(47,39), 0, 1
(47,40), 0, 1
(47,41), 0, 1
(47,42), 0, 1
(47,44), 0, 1
(47,45), 0, 1
(47,46), 0, 1
(47,48), 0, 1
(47,50), 0, 1
(47,52), 0, 1
(47,53), 0, 1
(47,54), 0, 1
(47,55), 0, 1
(47,56), 0, 1
(47,57), 0, 1
(47,58), 0, 1
(47,60), 0, 1
(47,61), 0, 1
(47,63), 0, 1
(47,65), 0, 1
(47,67), 0, 1
(47,68), 0, 1
(47,69), 0, 1
(47,70), 0, 1
(47,71), 0, 1
(47,72), 0, 1
(47,73), 0, 1
(47,74), 0, 1
(47,75), 0, 1
(47,76), 0, 1
(47,77), 0, 1
(47,78), 0, 1
(47,79), 0, 1
(47,80), 0, 1
(47,81), 0, 1
(47,82), 0, 1
(47,83), 0, 1
(47,84), 0, 1
(47,85), 0, 1
(47,86), 0, 1
(47,87), 0, 1
(47,88), 0, 1
(47,89), 0, 1
(47,90), 0, 1
(48,2), 0, 1
(48,3), 0, 1
(48,4), 0, 1
(48,5), 0, 1
(48,6), 0, 1
(48,7), 0, 1
(48,9), 0, 1
(48,12), 0, 1
(48,13), 0, 1
(48,14), 0, 1
(48,16), 0, 1
(48,17), 0, 1
(48,18), 0, 1
(48,19), 0, 1
(48,20), 0, 1
(48,21), 0, 1
(48,22), 0, 1
(48,23), 0, 1
(48,24), 0, 1
(48,25), 0, 1
(48,26), 0, 1
(48,27), 0, 1
(48,28), 0, 1
(48,29), 0, 1
(48,30), 0, 1
(48,31), 0, 1
(48,32), 0, 1
(48,33), 0, 1
(48,35), 0, 1
(48,37), 0, 1
(48,39), 0, 1
(48,40), 0, 1
(48,41), 0, 1
(48,42), 0, 1
(48,43), 0, 1
(48,44), 0, 1
(48,45), 0, 1
(48,46), 0, 1
(48,49), 0, 1
(48,50), 0, 1
(48,52), 0, 1
(48,53), 0, 1
(48,54), 0, 1
(48,55), 0, 1
(48,56), 0, 1
(48,57), 0, 1
(48,58), 0, 1
(48,60), 0, 1
(48,61), 0, 1
(48,62), 0, 1
(48,63), 0, 1
(48,65), 0, 1
(48,66), 0, 1
(48,67), 0, 1
(48,68), 0, 1
(48,70), 0, 1
(48,71), 0, 1
(48,72), 0, 1
(48,75), 0, 1
(48,76), 0, 1
(48,77), 0, 1
(48,78), 0, 1
(48,79), 0, 1
(48,80), 0, 1
(48,82), 0, 1
(48,83), 0, 1
(48,84), 0, 1
(48,85), 0, 1
(48,86), 0, 1
(48,87), 0, 1
(48,88), 0, 1
(48,90), 0, 1
(49,2), 0, 1
(49,3), 0, 1
(49,19), 0, 1
(49,20), 0, 1
(49,40), 0, 1
(49,56), 0, 1
(49,58), 0, 1
(49,62), 0, 1
(49,63), 0, 1
(49,66), 0, 1
(49,67), 0, 1
(49,68), 0, 1
(49,73), 0, 1
(49,75), 0, 1
(49,76), 0, 1
(49,78), 0, 1
(49,79), 0, 1
(49,88), 0, 1
(50,2), 0, 1
(50,3), 0, 1
(50,11), 0, 1
(50,17), 0, 1
(50,19), 0, 1
(50,20), 0, 1
(50,40), 0, 1
(50,43), 0, 1
(50,56), 0, 1
(50,58), 0, 1
(50,62), 0, 1
(50,63), 0, 1
(50,66), 0, 1
(50,67), 0, 1
(50,68), 0, 1
(50,69), 0, 1
(50,73), 0, 1
(50,75), 0, 1
(50,76), 0, 1
(50,78), 0, 1
(50,79), 0, 1
(50,88), 0, 1
(51,1), 0, 1
(51,2), 0, 1
(51,3), 0, 1
(51,6), 0, 1
(51,7), 0, 1
(51,9), 0, 1
(51,11), 0, 1
(51,12), 0, 1
(51,13), 0, 1
(51,14), 0, 1
(51,15), 0, 1
(51,17), 0, 1
(51,18), 0, 1
(51,19), 0, 1
(51,20), 0, 1
(51,21), 0, 1
(51,22), 0, 1
(51,23), 0, 1
(51,24), 0, 1
(51,25), 0, 1
(51,26), 0, 1
(51,27), 0, 1
(51,28), 0, 1
(51,29), 0, 1
(51,30), 0, 1
(51,31), 0, 1
(51,32), 0, 1
(51,33), 0, 1
(51,35), 0, 1
(51,39), 0, 1
(51,40), 0, 1
(51,41), 0, 1
(51,42), 0, 1
(51,44), 0, 1
(51,45), 0, 1
(51,46), 0, 1
(51,47), 0, 1
(51,49), 0, 1
(51,50), 0, 1
(51,52), 0, 1
(51,53), 0, 1
(51,54), 0, 1
(51,55), 0, 1
(51,56), 0, 1
(51,57), 0, 1
(51,58), 0, 1
(51,59), 0, 1
(51,60), 0, 1
(51,61), 0, 1
(51,62), 0, 1
(51,63), 0, 1
(51,64), 0, 1
(51,65), 0, 1
(51,67), 0, 1
(51,68), 0, 1
(51,69), 0, 1
(51,70), 0, 1
(51,71), 0, 1
(51,72), 0, 1
(51,75), 0, 1
(51,76), 0, 1
(51,77), 0, 1
(51,78), 0, 1
(51,79), 0, 1
(51,81), 0, 1
(51,82), 0, 1
(51,83), 0, 1
(51,84), 0, 1
(51,85), 0, 1
(51,86), 0, 1
(51,87), 0, 1
(51,88), 0, 1
(51,89), 0, 1
(51,90), 0, 1
(52,2), 0, 1
(52,3), 0, 1
(52,11), 0, 1
(52,17), 0, 1
(52,19), 0, 1
(52,20), 0, 1
(52,56), 0, 1
(52,58), 0, 1
(52,62), 0, 1
(52,63), 0, 1
(52,66), 0, 1
(52,67), 0, 1
(52,68), 0, 1
(52,69), 0, 1
(52,73), 0, 1
(52,75), 0, 1
(52,76), 0, 1
(52,78), 0, 1
(52,79), 0, 1
(52,88), 0, 1
(53,1), 0, 1
(53,2), 0, 1
(53,3), 0, 1
(53,4), 0, 1
(53,5), 0, 1
(53,6), 0, 1
(53,7), 0, 1
(53,9), 0, 1
(53,11), 0, 1
(53,12), 0, 1
(53,13), 0, 1
(53,14), 0, 1
(53,16), 0, 1
(53,17), 0, 1
(53,18), 0, 1
(53,19), 0, 1
(53,20), 0, 1
(53,21), 0, 1
(53,22), 0, 1
(53,23), 0, 1
(53,24), 0, 1
(53,25), 0, 1
(53,26), 0, 1
(53,27), 0, 1
(53,28), 0, 1
(53,29), 0, 1
(53,30), 0, 1
(53,31), 0, 1
(53,32), 0, 1
(53,33), 0, 1
(53,35), 0, 1
(53,36), 0, 1
(53,41), 0, 1
(53,42), 0, 1
(53,44), 0, 1
(53,45), 0, 1
(53,46), 0, 1
(53,48), 0, 1
(53,49), 0, 1
(53,50), 0, 1
(53,52), 0, 1
(53,54), 0, 1
(53,55), 0, 1
(53,56), 0, 1
(53,57), 0, 1
(53,58), 0, 1
(53,60), 0, 1
(53,61), 0, 1
(53,62), 0, 1
(53,63), 0, 1
(53,66), 0, 1
(53,67), 0, 1
(53,68), 0, 1
(53,69), 0, 1
(53,70), 0, 1
(53,72), 0, 1
(53,75), 0, 1
(53,76), 0, 1
(53,77), 0, 1
(53,78), 0, 1
(53,79), 0, 1
(53,80), 0, 1
(53,81), 0, 1
(53,82), 0, 1
(53,83), 0, 1
(53,84), 0, 1
(53,85), 0, 1
(53,86), 0, 1
(53,87), 0, 1
(53,88), 0, 1
(53,90), 0, 1
(54,2), 0, 1
(54,3), 0, 1
(54,11), 0, 1
(54,17), 0, 1
(54,19), 0, 1
(54,40), 0, 1
(54,43), 0, 1
(54,47), 0, 1
(54,56), 0, 1
(54,58), 0, 1
(54,62), 0, 1
(54,63), 0, 1
(54,66), 0, 1
(54,67), 0, 1
(54,68), 0, 1
(54,75), 0, 1
(54,76), 0, 1
(54,78), 0, 1
(54,79), 0, 1
(54,88), 0, 1
(55,2), 0, 1
(55,3), 0, 1
(55,11), 0, 1
(55,19), 0, 1
(55,20), 0, 1
(55,43), 0, 1
(55,56), 0, 1
(55,62), 0, 1
(55,63), 0, 1
(55,66), 0, 1
(55,67), 0, 1
(55,68), 0, 1
(55,69), 0, 1
(55,73), 0, 1
(55,75), 0, 1
(55,76), 0, 1
(55,78), 0, 1
(55,79), 0, 1
(55,88), 0, 1
(57,2), 0, 1
(57,3), 0, 1
(57,11), 0, 1
(57,17), 0, 1
(57,19), 0, 1
(57,20), 0, 1
(57,40), 0, 1
(57,58), 0, 1
(57,62), 0, 1
(57,63), 0, 1
(57,66), 0, 1
(57,67), 0, 1
(57,68), 0, 1
(57,69), 0, 1
(57,73), 0, 1
(57,75), 0, 1
(57,76), 0, 1
(57,78), 0, 1
(57,79), 0, 1
(57,88), 0, 1
(58,43), 0, 1
(60,2), 0, 1
(60,3), 0, 1
(60,11), 0, 1
(60,17), 0, 1
(60,20), 0, 1
(60,40), 0, 1
(60,56), 0, 1
(60,58), 0, 1
(60,62), 0, 1
(60,63), 0, 1
(60,67), 0, 1
(60,68), 0, 1
(60,69), 0, 1
(60,73), 0, 1
(60,75), 0, 1
(60,76), 0, 1
(60,78), 0, 1
(60,79), 0, 1
(60,88), 0, 1
(61,2), 0, 1
(61,3), 0, 1
(61,11), 0, 1
(61,17), 0, 1
(61,19), 0, 1
(61,20), 0, 1
(61,40), 0, 1
(61,43), 0, 1
(61,58), 0, 1
(61,62), 0, 1
(61,63), 0, 1
(61,67), 0, 1
(61,68), 0, 1
(61,69), 0, 1
(61,73), 0, 1
(61,75), 0, 1
(61,76), 0, 1
(61,78), 0, 1
(61,79), 0, 1
(61,88), 0, 1
(62,1), 0, 1
(62,21), 0, 1
(62,22), 0, 1
(62,26), 0, 1
(62,28), 0, 1
(62,35), 0, 1
(62,39), 0, 1
(62,43), 0, 1
(62,44), 0, 1
(62,50), 0, 1
(62,57), 0, 1
(62,74), 0, 1
(62,77), 0, 1
(62,86), 0, 1
(62,87), 0, 1
(63,1), 0, 1
(63,21), 0, 1
(63,22), 0, 1
(63,26), 0, 1
(63,28), 0, 1
(63,35), 0, 1
(63,43), 0, 1
(63,44), 0, 1
(63,50), 0, 1
(63,53), 0, 1
(63,57), 0, 1
(63,77), 0, 1
(63,86), 0, 1
(63,87), 0, 1
(64,2), 0, 1
(64,3), 0, 1
(64,11), 0, 1
(64,17), 0, 1
(64,19), 0, 1
(64,20), 0, 1
(64,40), 0, 1
(64,56), 0, 1
(64,58), 0, 1
(64,66), 0, 1
(64,67), 0, 1
(64,68), 0, 1
(64,69), 0, 1
(64,75), 0, 1
(64,76), 0, 1
(64,78), 0, 1
(64,79), 0, 1
(64,88), 0, 1
(65,2), 0, 1
(65,3), 0, 1
(65,11), 0, 1
(65,20), 0, 1
(65,40), 0, 1
(65,43), 0, 1
(65,58), 0, 1
(65,62), 0, 1
(65,63), 0, 1
(65,66), 0, 1
(65,67), 0, 1
(65,69), 0, 1
(65,75), 0, 1
(65,78), 0, 1
(65,79), 0, 1
(65,88), 0, 1
(66,1), 0, 1
(66,2), 0, 1
(66,3), 0, 1
(66,4), 0, 1
(66,5), 0, 1
(66,6), 0, 1
(66,7), 0, 1
(66,9), 0, 1
(66,11), 0, 1
(66,12), 0, 1
(66,13), 0, 1
(66,14), 0, 1
(66,15), 0, 1
(66,16), 0, 1
(66,17), 0, 1
(66,18), 0, 1
(66,20), 0, 1
(66,21), 0, 1
(66,24), 0, 1
(66,25), 0, 1
(66,26), 0, 1
(66,27), 0, 1
(66,28), 0, 1
(66,29), 0, 1
(66,30), 0, 1
(66,32), 0, 1
(66,33), 0, 1
(66,35), 0, 1
(66,36), 0, 1
(66,39), 0, 1
(66,42), 0, 1
(66,43), 0, 1
(66,44), 0, 1
(66,45), 0, 1
(66,46), 0, 1
(66,48), 0, 1
(66,49), 0, 1
(66,50), 0, 1
(66,52), 0, 1
(66,53), 0, 1
(66,54), 0, 1
(66,55), 0, 1
(66,56), 0, 1
(66,58), 0, 1
(66,60), 0, 1
(66,61), 0, 1
(66,62), 0, 1
(66,65), 0, 1
(66,67), 0, 1
(66,68), 0, 1
(66,69), 0, 1
(66,70), 0, 1
(66,71), 0, 1
(66,72), 0, 1
(66,73), 0, 1
(66,74), 0, 1
(66,75), 0, 1
(66,76), 0, 1
(66,77), 0, 1
(66,78), 0, 1
(66,79), 0, 1
(66,80), 0, 1
(66,81), 0, 1
(66,82), 0, 1
(66,83), 0, 1
(66,84), 0, 1
(66,85), 0, 1
(66,86), 0, 1
(66,87), 0, 1
(66,90), 0, 1
(67,1), 0, 1
(67,6), 0, 1
(67,21), 0, 1
(67,22), 0, 1
(67,26), 0, 1
(67,28), 0, 1
(67,35), 0, 1
(67,39), 0, 1
(67,43), 0, 1
(67,44), 0, 1
(67,50), 0, 1
(67,53), 0, 1
(67,57), 0, 1
(67,74), 0, 1
(67,77), 0, 1
(67,86), 0, 1
(67,87), 0, 1
(68,1), 0, 1
(68,21), 0, 1
(68,22), 0, 1
(68,26), 0, 1
(68,28), 0, 1
(68,35), 0, 1
(68,39), 0, 1
(68,43), 0, 1
(68,44), 0, 1
(68,53), 0, 1
(68,57), 0, 1
(68,74), 0, 1
(68,77), 0, 1
(68,87), 0, 1
(69,0), 0, 1
(69,1), 0, 1
(69,6), 0, 1
(69,21), 0, 1
(69,22), 0, 1
(69,26), 0, 1
(69,28), 0, 1
(69,35), 0, 1
(69,39), 0, 1
(69,50), 0, 1
(69,53), 0, 1
(69,57), 0, 1
(69,74), 0, 1
(69,86), 0, 1
(69,87), 0, 1
(70,1), 0, 1
(70,21), 0, 1
(70,22), 0, 1
(70,26), 0, 1
(70,28), 0, 1
(70,35), 0, 1
(70,39), 0, 1
(70,43), 0, 1
(70,44), 0, 1
(70,53), 0, 1
(70,57), 0, 1
(70,77), 0, 1
(70,86), 0, 1
(70,87), 0, 1
(71,2), 0, 1
(71,3), 0, 1
(71,11), 0, 1
(71,17), 0, 1
(71,20), 0, 1
(71,43), 0, 1
(71,56), 0, 1
(71,58), 0, 1
(71,62), 0, 1
(71,63), 0, 1
(71,66), 0, 1
(71,67), 0, 1
(71,68), 0, 1
(71,69), 0, 1
(71,73), 0, 1
(71,75), 0, 1
(71,76), 0, 1
(71,78), 0, 1
(71,79), 0, 1
(71,88), 0, 1
(72,0), 0, 1
(72,1), 0, 1
(72,6), 0, 1
(72,21), 0, 1
(72,22), 0, 1
(72,28), 0, 1
(72,35), 0, 1
(72,39), 0, 1
(72,43), 0, 1
(72,44), 0, 1
(72,50), 0, 1
(72,53), 0, 1
(72,57), 0, 1
(72,74), 0, 1
(72,77), 0, 1
(72,86), 0, 1
(72,87), 0, 1
(73,1), 0, 1
(73,2), 0, 1
(73,3), 0, 1
(73,4), 0, 1
(73,5), 0, 1
(73,6), 0, 1
(73,7), 0, 1
(73,11), 0, 1
(73,12), 0, 1
(73,13), 0, 1
(73,14), 0, 1
(73,15), 0, 1
(73,16), 0, 1
(73,17), 0, 1
(73,18), 0, 1
(73,20), 0, 1
(73,21), 0, 1
(73,22), 0, 1
(73,23), 0, 1
(73,24), 0, 1
(73,25), 0, 1
(73,26), 0, 1
(73,27), 0, 1
(73,28), 0, 1
(73,29), 0, 1
(73,30), 0, 1
(73,31), 0, 1
(73,32), 0, 1
(73,33), 0, 1
(73,35), 0, 1
(73,36), 0, 1
(73,39), 0, 1
(73,40), 0, 1
(73,41), 0, 1
(73,42), 0, 1
(73,43), 0, 1
(73,44), 0, 1
(73,45), 0, 1
(73,46), 0, 1
(73,48), 0, 1
(73,49), 0, 1
(73,50), 0, 1
(73,52), 0, 1
(73,53), 0, 1
(73,54), 0, 1
(73,55), 0, 1
(73,57), 0, 1
(73,58), 0, 1
(73,60), 0, 1
(73,61), 0, 1
(73,62), 0, 1
(73,63), 0, 1
(73,65), 0, 1
(73,66), 0, 1
(73,67), 0, 1
(73,68), 0, 1
(73,69), 0, 1
(73,70), 0, 1
(73,71), 0, 1
(73,72), 0, 1
(73,74), 0, 1
(73,75), 0, 1
(73,76), 0, 1
(73,77), 0, 1
(73,78), 0, 1
(73,79), 0, 1
(73,80), 0, 1
(73,81), 0, 1
(73,82), 0, 1
(73,83), 0, 1
(73,84), 0, 1
(73,85), 0, 1
(73,86), 0, 1
(73,87), 0, 1
(73,88), 0, 1
(73,89), 0, 1
(73,90), 0, 1
(74,2), 0, 1
(74,3), 0, 1
(74,11), 0, 1
(74,17), 0, 1
(74,19), 0, 1
(74,20), 0, 1
(74,40), 0, 1
(74,43), 0, 1
(74,58), 0, 1
(74,63), 0, 1
(74,66), 0, 1
(74,67), 0, 1
(74,68), 0, 1
(74,73), 0, 1
(74,75), 0, 1
(74,76), 0, 1
(74,78), 0, 1
(74,79), 0, 1
(74,88), 0, 1
(75,1), 0, 1
(75,6), 0, 1
(75,21), 0, 1
(75,22), 0, 1
(75,28), 0, 1
(75,35), 0, 1
(75,39), 0, 1
(75,43), 0, 1
(75,44), 0, 1
(75,53), 0, 1
(75,57), 0, 1
(75,74), 0, 1
(75,77), 0, 1
(75,86), 0, 1
(75,87), 0, 1
(76,2), 0, 1
(76,3), 0, 1
(76,11), 0, 1
(76,17), 0, 1
(76,19), 0, 1
(76,20), 0, 1
(76,43), 0, 1
(76,58), 0, 1
(76,62), 0, 1
(76,63), 0, 1
(76,66), 0, 1
(76,67), 0, 1
(76,68), 0, 1
(76,69), 0, 1
(76,73), 0, 1
(76,75), 0, 1
(76,78), 0, 1
(76,79), 0, 1
(76,88), 0, 1
(77,3), 0, 1
(77,11), 0, 1
(77,17), 0, 1
(77,19), 0, 1
(77,20), 0, 1
(77,40), 0, 1
(77,43), 0, 1
(77,56), 0, 1
(77,58), 0, 1
(77,62), 0, 1
(77,63), 0, 1
(77,66), 0, 1
(77,67), 0, 1
(77,68), 0, 1
(77,69), 0, 1
(77,75), 0, 1
(77,76), 0, 1
(77,78), 0, 1
(77,79), 0, 1
(77,88), 0, 1
(78,1), 0, 1
(78,2), 0, 1
(78,3), 0, 1
(78,4), 0, 1
(78,5), 0, 1
(78,7), 0, 1
(78,9), 0, 1
(78,11), 0, 1
(78,12), 0, 1
(78,13), 0, 1
(78,15), 0, 1
(78,16), 0, 1
(78,18), 0, 1
(78,19), 0, 1
(78,20), 0, 1
(78,21), 0, 1
(78,22), 0, 1
(78,23), 0, 1
(78,25), 0, 1
(78,26), 0, 1
(78,27), 0, 1
(78,28), 0, 1
(78,29), 0, 1
(78,30), 0, 1
(78,31), 0, 1
(78,32), 0, 1
(78,33), 0, 1
(78,35), 0, 1
(78,38), 0, 1
(78,39), 0, 1
(78,41), 0, 1
(78,42), 0, 1
(78,44), 0, 1
(78,45), 0, 1
(78,46), 0, 1
(78,48), 0, 1
(78,49), 0, 1
(78,50), 0, 1
(78,52), 0, 1
(78,53), 0, 1
(78,55), 0, 1
(78,56), 0, 1
(78,57), 0, 1
(78,58), 0, 1
(78,59), 0, 1
(78,60), 0, 1
(78,61), 0, 1
(78,62), 0, 1
(78,63), 0, 1
(78,65), 0, 1
(78,67), 0, 1
(78,68), 0, 1
(78,69), 0, 1
(78,70), 0, 1
(78,71), 0, 1
(78,72), 0, 1
(78,75), 0, 1
(78,76), 0, 1
(78,77), 0, 1
(78,79), 0, 1
(78,80), 0, 1
(78,81), 0, 1
(78,82), 0, 1
(78,83), 0, 1
(78,85), 0, 1
(78,86), 0, 1
(78,87), 0, 1
(78,88), 0, 1
(78,89), 0, 1
(78,90), 0, 1
(79,43), 0, 1
(80,2), 0, 1
(80,3), 0, 1
(80,11), 0, 1
(80,17), 0, 1
(80,19), 0, 1
(80,20), 0, 1
(80,34), 0, 1
(80,43), 0, 1
(80,58), 0, 1
(80,62), 0, 1
(80,63), 0, 1
(80,67), 0, 1
(80,68), 0, 1
(80,69), 0, 1
(80,73), 0, 1
(80,75), 0, 1
(80,76), 0, 1
(80,78), 0, 1
(80,79), 0, 1
(80,88), 0, 1
(81,0), 0, 1
(81,1), 0, 1
(81,6), 0, 1
(81,21), 0, 1
(81,22), 0, 1
(81,26), 0, 1
(81,28), 0, 1
(81,35), 0, 1
(81,44), 0, 1
(81,50), 0, 1
(81,57), 0, 1
(81,74), 0, 1
(81,77), 0, 1
(81,86), 0, 1
(81,87), 0, 1
(82,2), 0, 1
(82,3), 0, 1
(82,11), 0, 1
(82,19), 0, 1
(82,20), 0, 1
(82,40), 0, 1
(82,58), 0, 1
(82,62), 0, 1
(82,63), 0, 1
(82,68), 0, 1
(82,69), 0, 1
(82,73), 0, 1
(82,75), 0, 1
(82,76), 0, 1
(82,78), 0, 1
(82,79), 0, 1
(82,88), 0, 1
(83,2), 0, 1
(83,3), 0, 1
(83,11), 0, 1
(83,19), 0, 1
(83,20), 0, 1
(83,40), 0, 1
(83,43), 0, 1
(83,56), 0, 1
(83,58), 0, 1
(83,62), 0, 1
(83,63), 0, 1
(83,66), 0, 1
(83,67), 0, 1
(83,68), 0, 1
(83,69), 0, 1
(83,73), 0, 1
(83,75), 0, 1
(83,76), 0, 1
(83,78), 0, 1
(83,79), 0, 1
(83,88), 0, 1
(84,2), 0, 1
(84,3), 0, 1
(84,11), 0, 1
(84,20), 0, 1
(84,40), 0, 1
(84,56), 0, 1
(84,58), 0, 1
(84,62), 0, 1
(84,63), 0, 1
(84,66), 0, 1
(84,67), 0, 1
(84,68), 0, 1
(84,69), 0, 1
(84,73), 0, 1
(84,75), 0, 1
(84,76), 0, 1
(84,78), 0, 1
(84,79), 0, 1
(84,88), 0, 1
(85,1), 0, 1
(85,6), 0, 1
(85,21), 0, 1
(85,22), 0, 1
(85,26), 0, 1
(85,28), 0, 1
(85,35), 0, 1
(85,43), 0, 1
(85,44), 0, 1
(85,50), 0, 1
(85,57), 0, 1
(85,77), 0, 1
(85,86), 0, 1
(85,87), 0, 1
(86,2), 0, 1
(86,3), 0, 1
(86,11), 0, 1
(86,17), 0, 1
(86,19), 0, 1
(86,20), 0, 1
(86,40), 0, 1
(86,43), 0, 1
(86,56), 0, 1
(86,58), 0, 1
(86,62), 0, 1
(86,63), 0, 1
(86,66), 0, 1
(86,67), 0, 1
(86,68), 0, 1
(86,69), 0, 1
(86,75), 0, 1
(86,76), 0, 1
(86,78), 0, 1
(86,79), 0, 1
(86,88), 0, 1
(87,3), 0, 1
(87,11), 0, 1
(87,17), 0, 1
(87,19), 0, 1
(87,34), 0, 1
(87,40), 0, 1
(87,43), 0, 1
(87,56), 0, 1
(87,58), 0, 1
(87,62), 0, 1
(87,63), 0, 1
(87,66), 0, 1
(87,67), 0, 1
(87,69), 0, 1
(87,73), 0, 1
(87,75), 0, 1
(87,76), 0, 1
(87,78), 0, 1
(87,79), 0, 1
(87,88), 0, 1
(88,43), 0, 1
(89,1), 0, 1
(89,6), 0, 1
(89,21), 0, 1
(89,22), 0, 1
(89,26), 0, 1
(89,28), 0, 1
(89,35), 0, 1
(89,43), 0, 1
(89,44), 0, 1
(89,50), 0, 1
(89,53), 0, 1
(89,57), 0, 1
(89,74), 0, 1
(89,77), 0, 1
(89,86), 0, 1
(89,87), 0, 1
(90,1), 0, 1
(90,2), 0, 1
(90,3), 0, 1
(90,4), 0, 1
(90,5), 0, 1
(90,6), 0, 1
(90,7), 0, 1
(90,9), 0, 1
(90,11), 0, 1
(90,12), 0, 1
(90,13), 0, 1
(90,14), 0, 1
(90,15), 0, 1
(90,16), 0, 1
(90,17), 0, 1
(90,18), 0, 1
(90,19), 0, 1
(90,20), 0, 1
(90,22), 0, 1
(90,23), 0, 1
(90,24), 0, 1
(90,25), 0, 1
(90,26), 0, 1
(90,27), 0, 1
(90,28), 0, 1
(90,29), 0, 1
(90,30), 0, 1
(90,31), 0, 1
(90,32), 0, 1
(90,33), 0, 1
(90,35), 0, 1
(90,36), 0, 1
(90,38), 0, 1
(90,41), 0, 1
(90,44), 0, 1
(90,45), 0, 1
(90,46), 0, 1
(90,48), 0, 1
(90,49), 0, 1
(90,50), 0, 1
(90,52), 0, 1
(90,54), 0, 1
(90,55), 0, 1
(90,57), 0, 1
(90,58), 0, 1
(90,60), 0, 1
(90,61), 0, 1
(90,62), 0, 1
(90,63), 0, 1
(90,64), 0, 1
(90,65), 0, 1
(90,66), 0, 1
(90,67), 0, 1
(90,68), 0, 1
(90,69), 0, 1
(90,70), 0, 1
(90,71), 0, 1
(90,73), 0, 1
(90,74), 0, 1
(90,75), 0, 1
(90,76), 0, 1
(90,77), 0, 1
(90,79), 0, 1
(90,80), 0, 1
(90,81), 0, 1
(90,82), 0, 1
(90,83), 0, 1
(90,84), 0, 1
(90,85), 0, 1
(90,86), 0, 1
(90,87), 0, 1
(90,88), 0, 1
(90,89), 0, 1
(91,2), 0, 1
(91,3), 0, 1
(91,11), 0, 1
(91,17), 0, 1
(91,19), 0, 1
(91,20), 0, 1
(91,43), 0, 1
(91,62), 0, 1
(91,63), 0, 1
(91,67), 0, 1
(91,68), 0, 1
(91,69), 0, 1
(91,75), 0, 1
(91,76), 0, 1
(91,78), 0, 1
(91,79), 0, 1
(91,88), 0, 1
(92,1), 0, 1
(92,2), 0, 1
(92,3), 0, 1
(92,4), 0, 1
(92,5), 0, 1
(92,7), 0, 1
(92,9), 0, 1
(92,11), 0, 1
(92,12), 0, 1
(92,13), 0, 1
(92,14), 0, 1
(92,16), 0, 1
(92,17), 0, 1
(92,18), 0, 1
(92,19), 0, 1
(92,21), 0, 1
(92,22), 0, 1
(92,23), 0, 1
(92,24), 0, 1
(92,25), 0, 1
(92,26), 0, 1
(92,27), 0, 1
(92,28), 0, 1
(92,29), 0, 1
(92,30), 0, 1
(92,31), 0, 1
(92,32), 0, 1
(92,33), 0, 1
(92,35), 0, 1
(92,39), 0, 1
(92,40), 0, 1
(92,41), 0, 1
(92,42), 0, 1
(92,43), 0, 1
(92,44), 0, 1
(92,46), 0, 1
(92,48), 0, 1
(92,49), 0, 1
(92,50), 0, 1
(92,52), 0, 1
(92,53), 0, 1
(92,54), 0, 1
(92,55), 0, 1
(92,56), 0, 1
(92,57), 0, 1
(92,58), 0, 1
(92,60), 0, 1
(92,61), 0, 1
(92,62), 0, 1
(92,63), 0, 1
(92,65), 0, 1
(92,66), 0, 1
(92,67), 0, 1
(92,68), 0, 1
(92,69), 0, 1
(92,70), 0, 1
(92,72), 0, 1
(92,74), 0, 1
(92,75), 0, 1
(92,76), 0, 1
(92,78), 0, 1
(92,80), 0, 1
(92,81), 0, 1
(92,82), 0, 1
(92,83), 0, 1
(92,84), 0, 1
(92,85), 0, 1
(92,86), 0, 1
(92,87), 0, 1
(92,88), 0, 1
(92,89), 0, 1
(92,90), 0, 1
(93,2), 0, 1
(93,3), 0, 1
(93,11), 0, 1
(93,17), 0, 1
(93,19), 0, 1
(93,20), 0, 1
(93,43), 0, 1
(93,58), 0, 1
(93,62), 0, 1
(93,63), 0, 1
(93,67), 0, 1
(93,69), 0, 1
(93,76), 0, 1
(93,78), 0, 1
(93,79), 0, 1
(93,88), 0, 1
(94,1), 0, 1
(94,6), 0, 1
(94,21), 0, 1
(94,22), 0, 1
(94,26), 0, 1
(94,28), 0, 1
(94,35), 0, 1
(94,39), 0, 1
(94,44), 0, 1
(94,50), 0, 1
(94,53), 0, 1
(94,57), 0, 1
(94,74), 0, 1
(94,77), 0, 1
(94,86), 0, 1
(94,87), 0, 1
(95,1), 0, 1
(95,2), 0, 1
(95,3), 0, 1
(95,4), 0, 1
(95,5), 0, 1
(95,6), 0, 1
(95,7), 0, 1
(95,9), 0, 1
(95,12), 0, 1
(95,13), 0, 1
(95,14), 0, 1
(95,15), 0, 1
(95,16), 0, 1
(95,17), 0, 1
(95,18), 0, 1
(95,19), 0, 1
(95,20), 0, 1
(95,21), 0, 1
(95,22), 0, 1
(95,23), 0, 1
(95,24), 0, 1
(95,25), 0, 1
(95,26), 0, 1
(95,27), 0, 1
(95,28), 0, 1
(95,29), 0, 1
(95,30), 0, 1
(95,31), 0, 1
(95,32), 0, 1
(95,35), 0, 1
(95,39), 0, 1
(95,40), 0, 1
(95,41), 0, 1
(95,42), 0, 1
(95,44), 0, 1
(95,45), 0, 1
(95,46), 0, 1
(95,48), 0, 1
(95,49), 0, 1
(95,50), 0, 1
(95,52), 0, 1
(95,53), 0, 1
(95,54), 0, 1
(95,55), 0, 1
(95,57), 0, 1
(95,60), 0, 1
(95,61), 0, 1
(95,62), 0, 1
(95,63), 0, 1
(95,65), 0, 1
(95,66), 0, 1
(95,67), 0, 1
(95,68), 0, 1
(95,69), 0, 1
(95,70), 0, 1
(95,71), 0, 1
(95,72), 0, 1
(95,73), 0, 1
(95,74), 0, 1
(95,75), 0, 1
(95,76), 0, 1
(95,77), 0, 1
(95,78), 0, 1
(95,80), 0, 1
(95,81), 0, 1
(95,82), 0, 1
(95,83), 0, 1
(95,84), 0, 1
(95,85), 0, 1
(95,86), 0, 1
(95,87), 0, 1
(95,88), 0, 1
(95,89), 0, 1
(95,90), 0, 1
(96,1), 0, 1
(96,2), 0, 1
(96,3), 0, 1
(96,5), 0, 1
(96,6), 0, 1
(96,7), 0, 1
(96,9), 0, 1
(96,11), 0, 1
(96,12), 0, 1
(96,13), 0, 1
(96,15), 0, 1
(96,16), 0, 1
(96,17), 0, 1
(96,18), 0, 1
(96,20), 0, 1
(96,21), 0, 1
(96,22), 0, 1
(96,23), 0, 1
(96,24), 0, 1
(96,25), 0, 1
(96,26), 0, 1
(96,27), 0, 1
(96,28), 0, 1
(96,29), 0, 1
(96,30), 0, 1
(96,31), 0, 1
(96,32), 0, 1
(96,33), 0, 1
(96,35), 0, 1
(96,36), 0, 1
(96,39), 0, 1
(96,40), 0, 1
(96,41), 0, 1
(96,42), 0, 1
(96,44), 0, 1
(96,45), 0, 1
(96,46), 0, 1
(96,48), 0, 1
(96,49), 0, 1
(96,50), 0, 1
(96,52), 0, 1
(96,53), 0, 1
(96,54), 0, 1
(96,55), 0, 1
(96,56), 0, 1
(96,57), 0, 1
(96,58), 0, 1
(96,60), 0, 1
(96,61), 0, 1
(96,62), 0, 1
(96,63), 0, 1
(96,65), 0, 1
(96,66), 0, 1
(96,67), 0, 1
(96,68), 0, 1
(96,69), 0, 1
(96,70), 0, 1
(96,71), 0, 1
(96,72), 0, 1
(96,74), 0, 1
(96,75), 0, 1
(96,76), 0, 1
(96,77), 0, 1
(96,78), 0, 1
(96,79), 0, 1
(96,80), 0, 1
(96,81), 0, 1
(96,82), 0, 1
(96,83), 0, 1
(96,84), 0, 1
(96,85), 0, 1
(96,86), 0, 1
(96,87), 0, 1
(96,89), 0, 1
(96,90), 0, 1
(97,2), 0, 1
(97,3), 0, 1
(97,11), 0, 1
(97,17), 0, 1
(97,19), 0, 1
(97,20), 0, 1
(97,40), 0, 1
(97,43), 0, 1
(97,47), 0, 1
(97,56), 0, 1
(97,58), 0, 1
(97,62), 0, 1
(97,63), 0, 1
(97,66), 0, 1
(97,67), 0, 1
(97,68), 0, 1
(97,69), 0, 1
(97,73), 0, 1
(97,75), 0, 1
(97,76), 0, 1
(97,79), 0, 1
(98,1), 0, 1
(98,21), 0, 1
(98,22), 0, 1
(98,26), 0, 1
(98,28), 0, 1
(98,35), 0, 1
(98,39), 0, 1
(98,43), 0, 1
(98,50), 0, 1
(98,53), 0, 1
(98,57), 0, 1
(98,74), 0, 1
(98,77), 0, 1
(98,86), 0, 1
(98,87), 0, 1
(99,0), 0, 1
(99,1), 0, 1
(99,2), 0, 1
(99,3), 0, 1
(99,4), 0, 1
(99,7), 0, 1
(99,11), 0, 1
(99,12), 0, 1
(99,13), 0, 1
(99,14), 0, 1
(99,15), 0, 1
(99,16), 0, 1
(99,18), 0, 1
(99,19), 0, 1
(99,20), 0, 1
(99,22), 0, 1
(99,23), 0, 1
(99,24), 0, 1
(99,25), 0, 1
(99,26), 0, 1
(99,27), 0, 1
(99,28), 0, 1
(99,29), 0, 1
(99,30), 0, 1
(99,31), 0, 1
(99,35), 0, 1
(99,36), 0, 1
(99,39), 0, 1
(99,40), 0, 1
(99,41), 0, 1
(99,42), 0, 1
(99,44), 0, 1
(99,45), 0, 1
(99,46), 0, 1
(99,48), 0, 1
(99,49), 0, 1
(99,50), 0, 1
(99,52), 0, 1
(99,53), 0, 1
(99,54), 0, 1
(99,55), 0, 1
(99,57), 0, 1
(99,60), 0, 1
(99,61), 0, 1
(99,62), 0, 1
(99,63), 0, 1
(99,64), 0, 1
(99,65), 0, 1
(99,66), 0, 1
(99,67), 0, 1
(99,68), 0, 1
(99,69), 0, 1
(99,71), 0, 1
(99,72), 0, 1
(99,73), 0, 1
(99,75), 0, 1
(99,76), 0, 1
(99,77), 0, 1
(99,78), 0, 1
(99,79), 0, 1
(99,80), 0, 1
(99,82), 0, 1
(99,83), 0, 1
(99,84), 0, 1
(99,85), 0, 1
(99,86), 0, 1
(99,87), 0, 1
(99,88), 0, 1
(99,89), 0, 1
(99,90), 0, 1
