Nr_Pairs = 94
Nr_NDD = 6
Nr_Arcs = 2392
0	0.5
1	0.28
2	0.5
3	0.5
4	0.5
5	0.90
6	0.10
7	0.5
8	0.10
9	0.10
10	0.5
11	0.28
12	0.5
13	0.5
14	0.10
15	0.5
16	0.5
17	0.90
18	0.5
19	0.10
20	0.92
21	0.10
22	0.5
23	0.10
24	0.5
25	0.5
26	0.90
27	0.5
28	0.5
29	0.90
30	0.28
31	0.10
32	0.90
33	0.90
34	0.10
35	0.10
36	0.5
37	0.92
38	0.5
39	0.5
40	0.5
41	0.90
42	0.32
43	0.90
44	0.5
45	0.5
46	0.90
47	0.10
48	0.10
49	0.90
50	0.5
51	0.5
52	0.28
53	0.5
54	0.28
55	0.90
56	0.5
57	0.5
58	0.90
59	0.28
60	0.10
61	0.92
62	0.5
63	0.5
64	0.5
65	0.5
66	0.5
67	0.10
68	0.5
69	0.5
70	0.5
71	0.28
72	0.5
73	0.10
74	0.28
75	0.10
76	0.10
77	0.5
78	0.90
79	0.90
80	0.5
81	0.5
82	0.5
83	0.5
84	0.90
85	0.32
86	0.92
87	0.5
88	0.32
89	0.32
90	0.90
91	0.90
92	0.10
93	0.5
94	0.0
95	0.0
96	0.0
97	0.0
98	0.0
99	0.0
(0,6), 0, 1
(0,8), 0, 1
(0,13), 0, 1
(0,14), 0, 1
(0,18), 0, 1
(0,24), 0, 1
(0,25), 0, 1
(0,44), 0, 1
(0,45), 0, 1
(0,53), 0, 1
(0,56), 0, 1
(0,57), 0, 1
(0,68), 0, 1
(0,81), 0, 1
(0,87), 0, 1
(0,89), 0, 1
(1,0), 0, 1
(1,2), 0, 1
(1,3), 0, 1
(1,4), 0, 1
(1,7), 0, 1
(1,8), 0, 1
(1,9), 0, 1
(1,10), 0, 1
(1,11), 0, 1
(1,12), 0, 1
(1,13), 0, 1
(1,14), 0, 1
(1,15), 0, 1
(1,16), 0, 1
(1,18), 0, 1
(1,21), 0, 1
(1,22), 0, 1
(1,23), 0, 1
(1,24), 0, 1
(1,25), 0, 1
(1,26), 0, 1
(1,27), 0, 1
(1,28), 0, 1
(1,30), 0, 1
(1,31), 0, 1
(1,32), 0, 1
(1,34), 0, 1
(1,35), 0, 1
(1,36), 0, 1
(1,38), 0, 1
(1,39), 0, 1
(1,40), 0, 1
(1,44), 0, 1
(1,45), 0, 1
(1,47), 0, 1
(1,48), 0, 1
(1,50), 0, 1
(1,51), 0, 1
(1,52), 0, 1
(1,53), 0, 1
(1,56), 0, 1
(1,57), 0, 1
(1,60), 0, 1
(1,63), 0, 1
(1,64), 0, 1
(1,65), 0, 1
(1,66), 0, 1
(1,67), 0, 1
(1,68), 0, 1
(1,69), 0, 1
(1,70), 0, 1
(1,71), 0, 1
(1,72), 0, 1
(1,73), 0, 1
(1,74), 0, 1
(1,76), 0, 1
(1,77), 0, 1
(1,80), 0, 1
(1,81), 0, 1
(1,82), 0, 1
(1,83), 0, 1
(1,85), 0, 1
(1,87), 0, 1
(1,88), 0, 1
(1,92), 0, 1
(1,93), 0, 1
(2,6), 0, 1
(2,8), 0, 1
(2,13), 0, 1
(2,14), 0, 1
(2,18), 0, 1
(2,24), 0, 1
(2,25), 0, 1
(2,44), 0, 1
(2,45), 0, 1
(2,53), 0, 1
(2,56), 0, 1
(2,57), 0, 1
(2,65), 0, 1
(2,68), 0, 1
(2,79), 0, 1
(2,81), 0, 1
(2,87), 0, 1
(3,8), 0, 1
(3,13), 0, 1
(3,14), 0, 1
(3,18), 0, 1
(3,24), 0, 1
(3,25), 0, 1
(3,44), 0, 1
(3,45), 0, 1
(3,53), 0, 1
(3,56), 0, 1
(3,57), 0, 1
(3,65), 0, 1
(3,68), 0, 1
(3,81), 0, 1
(3,87), 0, 1
(4,2), 0, 1
(4,3), 0, 1
(4,22), 0, 1
(4,34), 0, 1
(4,40), 0, 1
(4,47), 0, 1
(4,50), 0, 1
(4,51), 0, 1
(4,52), 0, 1
(4,63), 0, 1
(4,73), 0, 1
(4,75), 0, 1
(4,79), 0, 1
(4,93), 0, 1
(5,0), 0, 1
(5,1), 0, 1
(5,2), 0, 1
(5,3), 0, 1
(5,6), 0, 1
(5,7), 0, 1
(5,8), 0, 1
(5,9), 0, 1
(5,10), 0, 1
(5,11), 0, 1
(5,12), 0, 1
(5,13), 0, 1
(5,14), 0, 1
(5,15), 0, 1
(5,16), 0, 1
(5,18), 0, 1
(5,19), 0, 1
(5,21), 0, 1
(5,22), 0, 1
(5,23), 0, 1
(5,25), 0, 1
(5,27), 0, 1
(5,29), 0, 1
(5,31), 0, 1
(5,34), 0, 1
(5,35), 0, 1
(5,36), 0, 1
(5,38), 0, 1
(5,39), 0, 1
(5,40), 0, 1
(5,41), 0, 1
(5,42), 0, 1
(5,44), 0, 1
(5,45), 0, 1
(5,46), 0, 1
(5,47), 0, 1
(5,48), 0, 1
(5,50), 0, 1
(5,51), 0, 1
(5,52), 0, 1
(5,53), 0, 1
(5,54), 0, 1
(5,57), 0, 1
(5,59), 0, 1
(5,60), 0, 1
(5,62), 0, 1
(5,63), 0, 1
(5,64), 0, 1
(5,65), 0, 1
(5,66), 0, 1
(5,68), 0, 1
(5,69), 0, 1
(5,70), 0, 1
(5,71), 0, 1
(5,72), 0, 1
(5,73), 0, 1
(5,74), 0, 1
(5,75), 0, 1
(5,76), 0, 1
(5,77), 0, 1
(5,78), 0, 1
(5,79), 0, 1
(5,80), 0, 1
(5,81), 0, 1
(5,82), 0, 1
(5,83), 0, 1
(5,87), 0, 1
(5,88), 0, 1
(5,93), 0, 1
(6,2), 0, 1
(6,3), 0, 1
(6,22), 0, 1
(6,34), 0, 1
(6,40), 0, 1
(6,47), 0, 1
(6,50), 0, 1
(6,51), 0, 1
(6,63), 0, 1
(6,75), 0, 1
(6,93), 0, 1
(7,6), 0, 1
(7,8), 0, 1
(7,13), 0, 1
(7,14), 0, 1
(7,18), 0, 1
(7,24), 0, 1
(7,25), 0, 1
(7,44), 0, 1
(7,45), 0, 1
(7,49), 0, 1
(7,53), 0, 1
(7,56), 0, 1
(7,57), 0, 1
(7,65), 0, 1
(7,81), 0, 1
(7,87), 0, 1
(7,89), 0, 1
(8,2), 0, 1
(8,3), 0, 1
(8,5), 0, 1
(8,22), 0, 1
(8,34), 0, 1
(8,40), 0, 1
(8,47), 0, 1
(8,50), 0, 1
(8,51), 0, 1
(8,63), 0, 1
(8,73), 0, 1
(8,75), 0, 1
(8,93), 0, 1
(9,2), 0, 1
(9,3), 0, 1
(9,22), 0, 1
(9,34), 0, 1
(9,40), 0, 1
(9,41), 0, 1
(9,47), 0, 1
(9,50), 0, 1
(9,51), 0, 1
(9,63), 0, 1
(9,73), 0, 1
(9,75), 0, 1
(9,93), 0, 1
(10,2), 0, 1
(10,3), 0, 1
(10,22), 0, 1
(10,34), 0, 1
(10,40), 0, 1
(10,43), 0, 1
(10,51), 0, 1
(10,52), 0, 1
(10,63), 0, 1
(10,73), 0, 1
(10,75), 0, 1
(10,93), 0, 1
(11,0), 0, 1
(11,1), 0, 1
(11,3), 0, 1
(11,4), 0, 1
(11,6), 0, 1
(11,7), 0, 1
(11,8), 0, 1
(11,9), 0, 1
(11,10), 0, 1
(11,12), 0, 1
(11,14), 0, 1
(11,15), 0, 1
(11,16), 0, 1
(11,18), 0, 1
(11,19), 0, 1
(11,22), 0, 1
(11,23), 0, 1
(11,24), 0, 1
(11,25), 0, 1
(11,27), 0, 1
(11,28), 0, 1
(11,31), 0, 1
(11,34), 0, 1
(11,35), 0, 1
(11,36), 0, 1
(11,38), 0, 1
(11,39), 0, 1
(11,40), 0, 1
(11,41), 0, 1
(11,44), 0, 1
(11,45), 0, 1
(11,47), 0, 1
(11,48), 0, 1
(11,50), 0, 1
(11,51), 0, 1
(11,52), 0, 1
(11,53), 0, 1
(11,54), 0, 1
(11,56), 0, 1
(11,57), 0, 1
(11,59), 0, 1
(11,60), 0, 1
(11,62), 0, 1
(11,63), 0, 1
(11,64), 0, 1
(11,65), 0, 1
(11,66), 0, 1
(11,67), 0, 1
(11,68), 0, 1
(11,69), 0, 1
(11,70), 0, 1
(11,71), 0, 1
(11,72), 0, 1
(11,73), 0, 1
(11,74), 0, 1
(11,75), 0, 1
(11,76), 0, 1
(11,77), 0, 1
(11,80), 0, 1
(11,81), 0, 1
(11,82), 0, 1
(11,83), 0, 1
(11,87), 0, 1
(11,89), 0, 1
(11,92), 0, 1
(11,93), 0, 1
(12,2), 0, 1
(12,3), 0, 1
(12,22), 0, 1
(12,33), 0, 1
(12,34), 0, 1
(12,40), 0, 1
(12,47), 0, 1
(12,51), 0, 1
(12,52), 0, 1
(12,63), 0, 1
(12,73), 0, 1
(12,75), 0, 1
(12,79), 0, 1
(12,93), 0, 1
(13,2), 0, 1
(13,3), 0, 1
(13,22), 0, 1
(13,34), 0, 1
(13,40), 0, 1
(13,41), 0, 1
(13,47), 0, 1
(13,50), 0, 1
(13,51), 0, 1
(13,52), 0, 1
(13,63), 0, 1
(13,73), 0, 1
(13,75), 0, 1
(13,93), 0, 1
(14,0), 0, 1
(14,2), 0, 1
(14,3), 0, 1
(14,4), 0, 1
(14,6), 0, 1
(14,7), 0, 1
(14,8), 0, 1
(14,9), 0, 1
(14,10), 0, 1
(14,11), 0, 1
(14,12), 0, 1
(14,13), 0, 1
(14,15), 0, 1
(14,16), 0, 1
(14,18), 0, 1
(14,19), 0, 1
(14,21), 0, 1
(14,22), 0, 1
(14,23), 0, 1
(14,24), 0, 1
(14,25), 0, 1
(14,27), 0, 1
(14,28), 0, 1
(14,30), 0, 1
(14,31), 0, 1
(14,33), 0, 1
(14,34), 0, 1
(14,35), 0, 1
(14,36), 0, 1
(14,38), 0, 1
(14,39), 0, 1
(14,40), 0, 1
(14,44), 0, 1
(14,45), 0, 1
(14,48), 0, 1
(14,51), 0, 1
(14,52), 0, 1
(14,53), 0, 1
(14,54), 0, 1
(14,56), 0, 1
(14,57), 0, 1
(14,59), 0, 1
(14,60), 0, 1
(14,62), 0, 1
(14,63), 0, 1
(14,64), 0, 1
(14,65), 0, 1
(14,68), 0, 1
(14,69), 0, 1
(14,70), 0, 1
(14,71), 0, 1
(14,72), 0, 1
(14,73), 0, 1
(14,74), 0, 1
(14,75), 0, 1
(14,76), 0, 1
(14,80), 0, 1
(14,81), 0, 1
(14,82), 0, 1
(14,83), 0, 1
(14,85), 0, 1
(14,87), 0, 1
(14,89), 0, 1
(14,92), 0, 1
(14,93), 0, 1
(15,6), 0, 1
(15,8), 0, 1
(15,13), 0, 1
(15,14), 0, 1
(15,18), 0, 1
(15,24), 0, 1
(15,25), 0, 1
(15,44), 0, 1
(15,45), 0, 1
(15,46), 0, 1
(15,49), 0, 1
(15,56), 0, 1
(15,57), 0, 1
(15,65), 0, 1
(15,81), 0, 1
(15,87), 0, 1
(15,89), 0, 1
(17,0), 0, 1
(17,2), 0, 1
(17,3), 0, 1
(17,7), 0, 1
(17,8), 0, 1
(17,9), 0, 1
(17,10), 0, 1
(17,11), 0, 1
(17,12), 0, 1
(17,13), 0, 1
(17,14), 0, 1
(17,15), 0, 1
(17,18), 0, 1
(17,19), 0, 1
(17,20), 0, 1
(17,21), 0, 1
(17,22), 0, 1
(17,24), 0, 1
(17,25), 0, 1
(17,26), 0, 1
(17,27), 0, 1
(17,28), 0, 1
(17,30), 0, 1
(17,31), 0, 1
(17,33), 0, 1
(17,34), 0, 1
(17,35), 0, 1
(17,36), 0, 1
(17,39), 0, 1
(17,40), 0, 1
(17,41), 0, 1
(17,44), 0, 1
(17,45), 0, 1
(17,47), 0, 1
(17,48), 0, 1
(17,50), 0, 1
(17,51), 0, 1
(17,52), 0, 1
(17,53), 0, 1
(17,54), 0, 1
(17,56), 0, 1
(17,57), 0, 1
(17,60), 0, 1
(17,62), 0, 1
(17,63), 0, 1
(17,64), 0, 1
(17,65), 0, 1
(17,66), 0, 1
(17,68), 0, 1
(17,69), 0, 1
(17,70), 0, 1
(17,71), 0, 1
(17,72), 0, 1
(17,74), 0, 1
(17,75), 0, 1
(17,76), 0, 1
(17,77), 0, 1
(17,80), 0, 1
(17,81), 0, 1
(17,82), 0, 1
(17,83), 0, 1
(17,85), 0, 1
(17,87), 0, 1
(17,89), 0, 1
(17,92), 0, 1
(17,93), 0, 1
(18,2), 0, 1
(18,3), 0, 1
(18,22), 0, 1
(18,34), 0, 1
(18,40), 0, 1
(18,41), 0, 1
(18,47), 0, 1
(18,50), 0, 1
(18,51), 0, 1
(18,61), 0, 1
(18,63), 0, 1
(18,73), 0, 1
(18,75), 0, 1
(18,93), 0, 1
(19,2), 0, 1
(19,3), 0, 1
(19,22), 0, 1
(19,34), 0, 1
(19,40), 0, 1
(19,43), 0, 1
(19,50), 0, 1
(19,51), 0, 1
(19,52), 0, 1
(19,63), 0, 1
(19,73), 0, 1
(19,75), 0, 1
(19,79), 0, 1
(19,93), 0, 1
(20,6), 0, 1
(20,8), 0, 1
(20,13), 0, 1
(20,14), 0, 1
(20,18), 0, 1
(20,24), 0, 1
(20,25), 0, 1
(20,32), 0, 1
(20,44), 0, 1
(20,45), 0, 1
(20,53), 0, 1
(20,56), 0, 1
(20,57), 0, 1
(20,65), 0, 1
(20,68), 0, 1
(20,81), 0, 1
(20,87), 0, 1
(21,2), 0, 1
(21,3), 0, 1
(21,20), 0, 1
(21,22), 0, 1
(21,33), 0, 1
(21,34), 0, 1
(21,40), 0, 1
(21,47), 0, 1
(21,50), 0, 1
(21,51), 0, 1
(21,52), 0, 1
(21,63), 0, 1
(21,73), 0, 1
(21,75), 0, 1
(22,6), 0, 1
(22,8), 0, 1
(22,13), 0, 1
(22,14), 0, 1
(22,18), 0, 1
(22,25), 0, 1
(22,32), 0, 1
(22,44), 0, 1
(22,45), 0, 1
(22,53), 0, 1
(22,56), 0, 1
(22,57), 0, 1
(22,65), 0, 1
(22,68), 0, 1
(22,81), 0, 1
(22,87), 0, 1
(22,89), 0, 1
(23,2), 0, 1
(23,3), 0, 1
(23,22), 0, 1
(23,34), 0, 1
(23,40), 0, 1
(23,47), 0, 1
(23,50), 0, 1
(23,51), 0, 1
(23,52), 0, 1
(23,63), 0, 1
(23,73), 0, 1
(23,75), 0, 1
(23,93), 0, 1
(24,2), 0, 1
(24,3), 0, 1
(24,22), 0, 1
(24,33), 0, 1
(24,34), 0, 1
(24,40), 0, 1
(24,47), 0, 1
(24,50), 0, 1
(24,51), 0, 1
(24,52), 0, 1
(24,63), 0, 1
(24,75), 0, 1
(24,93), 0, 1
(25,2), 0, 1
(25,3), 0, 1
(25,22), 0, 1
(25,34), 0, 1
(25,40), 0, 1
(25,50), 0, 1
(25,52), 0, 1
(25,63), 0, 1
(25,73), 0, 1
(25,75), 0, 1
(25,93), 0, 1
(26,2), 0, 1
(26,3), 0, 1
(26,20), 0, 1
(26,22), 0, 1
(26,40), 0, 1
(26,50), 0, 1
(26,51), 0, 1
(26,52), 0, 1
(26,63), 0, 1
(26,73), 0, 1
(26,75), 0, 1
(26,93), 0, 1
(27,6), 0, 1
(27,8), 0, 1
(27,13), 0, 1
(27,14), 0, 1
(27,18), 0, 1
(27,25), 0, 1
(27,32), 0, 1
(27,44), 0, 1
(27,45), 0, 1
(27,53), 0, 1
(27,56), 0, 1
(27,57), 0, 1
(27,68), 0, 1
(27,81), 0, 1
(27,89), 0, 1
(28,0), 0, 1
(28,1), 0, 1
(28,2), 0, 1
(28,3), 0, 1
(28,4), 0, 1
(28,6), 0, 1
(28,8), 0, 1
(28,9), 0, 1
(28,10), 0, 1
(28,11), 0, 1
(28,12), 0, 1
(28,15), 0, 1
(28,16), 0, 1
(28,18), 0, 1
(28,19), 0, 1
(28,21), 0, 1
(28,22), 0, 1
(28,23), 0, 1
(28,24), 0, 1
(28,25), 0, 1
(28,27), 0, 1
(28,30), 0, 1
(28,31), 0, 1
(28,34), 0, 1
(28,35), 0, 1
(28,36), 0, 1
(28,38), 0, 1
(28,39), 0, 1
(28,40), 0, 1
(28,45), 0, 1
(28,47), 0, 1
(28,48), 0, 1
(28,50), 0, 1
(28,51), 0, 1
(28,53), 0, 1
(28,54), 0, 1
(28,56), 0, 1
(28,57), 0, 1
(28,59), 0, 1
(28,60), 0, 1
(28,62), 0, 1
(28,63), 0, 1
(28,64), 0, 1
(28,65), 0, 1
(28,66), 0, 1
(28,67), 0, 1
(28,68), 0, 1
(28,70), 0, 1
(28,72), 0, 1
(28,73), 0, 1
(28,75), 0, 1
(28,76), 0, 1
(28,77), 0, 1
(28,80), 0, 1
(28,81), 0, 1
(28,82), 0, 1
(28,83), 0, 1
(28,84), 0, 1
(28,85), 0, 1
(28,88), 0, 1
(28,89), 0, 1
(28,91), 0, 1
(28,92), 0, 1
(28,93), 0, 1
(29,3), 0, 1
(29,22), 0, 1
(29,34), 0, 1
(29,40), 0, 1
(29,41), 0, 1
(29,43), 0, 1
(29,47), 0, 1
(29,50), 0, 1
(29,51), 0, 1
(29,63), 0, 1
(29,73), 0, 1
(29,75), 0, 1
(29,93), 0, 1
(30,0), 0, 1
(30,2), 0, 1
(30,3), 0, 1
(30,4), 0, 1
(30,6), 0, 1
(30,8), 0, 1
(30,9), 0, 1
(30,10), 0, 1
(30,11), 0, 1
(30,13), 0, 1
(30,15), 0, 1
(30,16), 0, 1
(30,18), 0, 1
(30,22), 0, 1
(30,23), 0, 1
(30,24), 0, 1
(30,25), 0, 1
(30,27), 0, 1
(30,28), 0, 1
(30,31), 0, 1
(30,34), 0, 1
(30,35), 0, 1
(30,36), 0, 1
(30,37), 0, 1
(30,38), 0, 1
(30,39), 0, 1
(30,40), 0, 1
(30,42), 0, 1
(30,44), 0, 1
(30,45), 0, 1
(30,46), 0, 1
(30,47), 0, 1
(30,48), 0, 1
(30,50), 0, 1
(30,51), 0, 1
(30,53), 0, 1
(30,54), 0, 1
(30,55), 0, 1
(30,56), 0, 1
(30,57), 0, 1
(30,60), 0, 1
(30,62), 0, 1
(30,63), 0, 1
(30,64), 0, 1
(30,65), 0, 1
(30,66), 0, 1
(30,67), 0, 1
(30,68), 0, 1
(30,69), 0, 1
(30,70), 0, 1
(30,71), 0, 1
(30,72), 0, 1
(30,73), 0, 1
(30,75), 0, 1
(30,76), 0, 1
(30,77), 0, 1
(30,80), 0, 1
(30,81), 0, 1
(30,82), 0, 1
(30,83), 0, 1
(30,85), 0, 1
(30,87), 0, 1
(30,88), 0, 1
(30,89), 0, 1
(30,91), 0, 1
(30,92), 0, 1
(30,93), 0, 1
(32,0), 0, 1
(32,1), 0, 1
(32,2), 0, 1
(32,3), 0, 1
(32,4), 0, 1
(32,6), 0, 1
(32,7), 0, 1
(32,8), 0, 1
(32,9), 0, 1
(32,10), 0, 1
(32,11), 0, 1
(32,12), 0, 1
(32,14), 0, 1
(32,15), 0, 1
(32,16), 0, 1
(32,18), 0, 1
(32,21), 0, 1
(32,22), 0, 1
(32,23), 0, 1
(32,24), 0, 1
(32,25), 0, 1
(32,27), 0, 1
(32,28), 0, 1
(32,30), 0, 1
(32,34), 0, 1
(32,35), 0, 1
(32,36), 0, 1
(32,38), 0, 1
(32,39), 0, 1
(32,40), 0, 1
(32,42), 0, 1
(32,44), 0, 1
(32,45), 0, 1
(32,47), 0, 1
(32,48), 0, 1
(32,51), 0, 1
(32,52), 0, 1
(32,53), 0, 1
(32,54), 0, 1
(32,56), 0, 1
(32,57), 0, 1
(32,59), 0, 1
(32,60), 0, 1
(32,62), 0, 1
(32,63), 0, 1
(32,64), 0, 1
(32,65), 0, 1
(32,66), 0, 1
(32,67), 0, 1
(32,68), 0, 1
(32,69), 0, 1
(32,70), 0, 1
(32,72), 0, 1
(32,73), 0, 1
(32,74), 0, 1
(32,75), 0, 1
(32,76), 0, 1
(32,77), 0, 1
(32,80), 0, 1
(32,81), 0, 1
(32,82), 0, 1
(32,83), 0, 1
(32,85), 0, 1
(32,87), 0, 1
(32,88), 0, 1
(32,89), 0, 1
(32,92), 0, 1
(32,93), 0, 1
(33,0), 0, 1
(33,1), 0, 1
(33,2), 0, 1
(33,3), 0, 1
(33,6), 0, 1
(33,7), 0, 1
(33,8), 0, 1
(33,9), 0, 1
(33,10), 0, 1
(33,11), 0, 1
(33,13), 0, 1
(33,14), 0, 1
(33,15), 0, 1
(33,16), 0, 1
(33,18), 0, 1
(33,19), 0, 1
(33,20), 0, 1
(33,21), 0, 1
(33,22), 0, 1
(33,24), 0, 1
(33,25), 0, 1
(33,27), 0, 1
(33,28), 0, 1
(33,30), 0, 1
(33,31), 0, 1
(33,34), 0, 1
(33,35), 0, 1
(33,38), 0, 1
(33,39), 0, 1
(33,40), 0, 1
(33,44), 0, 1
(33,45), 0, 1
(33,47), 0, 1
(33,48), 0, 1
(33,50), 0, 1
(33,51), 0, 1
(33,53), 0, 1
(33,56), 0, 1
(33,57), 0, 1
(33,59), 0, 1
(33,60), 0, 1
(33,63), 0, 1
(33,64), 0, 1
(33,65), 0, 1
(33,66), 0, 1
(33,68), 0, 1
(33,69), 0, 1
(33,70), 0, 1
(33,72), 0, 1
(33,73), 0, 1
(33,74), 0, 1
(33,75), 0, 1
(33,76), 0, 1
(33,77), 0, 1
(33,80), 0, 1
(33,81), 0, 1
(33,82), 0, 1
(33,83), 0, 1
(33,85), 0, 1
(33,87), 0, 1
(33,88), 0, 1
(33,89), 0, 1
(33,93), 0, 1
(34,6), 0, 1
(34,8), 0, 1
(34,13), 0, 1
(34,14), 0, 1
(34,18), 0, 1
(34,24), 0, 1
(34,25), 0, 1
(34,44), 0, 1
(34,45), 0, 1
(34,49), 0, 1
(34,53), 0, 1
(34,56), 0, 1
(34,57), 0, 1
(34,65), 0, 1
(34,68), 0, 1
(34,81), 0, 1
(34,87), 0, 1
(34,89), 0, 1
(36,2), 0, 1
(36,3), 0, 1
(36,22), 0, 1
(36,34), 0, 1
(36,40), 0, 1
(36,47), 0, 1
(36,50), 0, 1
(36,51), 0, 1
(36,63), 0, 1
(36,73), 0, 1
(36,75), 0, 1
(36,93), 0, 1
(38,6), 0, 1
(38,8), 0, 1
(38,13), 0, 1
(38,14), 0, 1
(38,18), 0, 1
(38,24), 0, 1
(38,25), 0, 1
(38,44), 0, 1
(38,45), 0, 1
(38,46), 0, 1
(38,53), 0, 1
(38,56), 0, 1
(38,57), 0, 1
(38,65), 0, 1
(38,68), 0, 1
(38,81), 0, 1
(38,87), 0, 1
(38,89), 0, 1
(39,2), 0, 1
(39,3), 0, 1
(39,22), 0, 1
(39,34), 0, 1
(39,40), 0, 1
(39,47), 0, 1
(39,50), 0, 1
(39,51), 0, 1
(39,52), 0, 1
(39,63), 0, 1
(39,73), 0, 1
(39,75), 0, 1
(39,93), 0, 1
(40,6), 0, 1
(40,8), 0, 1
(40,13), 0, 1
(40,14), 0, 1
(40,24), 0, 1
(40,25), 0, 1
(40,44), 0, 1
(40,45), 0, 1
(40,53), 0, 1
(40,56), 0, 1
(40,57), 0, 1
(40,65), 0, 1
(40,68), 0, 1
(40,81), 0, 1
(40,87), 0, 1
(40,89), 0, 1
(41,0), 0, 1
(41,1), 0, 1
(41,2), 0, 1
(41,3), 0, 1
(41,4), 0, 1
(41,6), 0, 1
(41,7), 0, 1
(41,8), 0, 1
(41,9), 0, 1
(41,10), 0, 1
(41,11), 0, 1
(41,12), 0, 1
(41,13), 0, 1
(41,14), 0, 1
(41,15), 0, 1
(41,18), 0, 1
(41,19), 0, 1
(41,21), 0, 1
(41,22), 0, 1
(41,23), 0, 1
(41,25), 0, 1
(41,27), 0, 1
(41,28), 0, 1
(41,30), 0, 1
(41,31), 0, 1
(41,34), 0, 1
(41,35), 0, 1
(41,36), 0, 1
(41,38), 0, 1
(41,39), 0, 1
(41,40), 0, 1
(41,44), 0, 1
(41,45), 0, 1
(41,47), 0, 1
(41,48), 0, 1
(41,50), 0, 1
(41,51), 0, 1
(41,53), 0, 1
(41,54), 0, 1
(41,56), 0, 1
(41,57), 0, 1
(41,60), 0, 1
(41,62), 0, 1
(41,63), 0, 1
(41,64), 0, 1
(41,66), 0, 1
(41,67), 0, 1
(41,68), 0, 1
(41,69), 0, 1
(41,70), 0, 1
(41,72), 0, 1
(41,73), 0, 1
(41,74), 0, 1
(41,75), 0, 1
(41,76), 0, 1
(41,77), 0, 1
(41,81), 0, 1
(41,82), 0, 1
(41,83), 0, 1
(41,85), 0, 1
(41,87), 0, 1
(41,88), 0, 1
(41,89), 0, 1
(41,92), 0, 1
(41,93), 0, 1
(42,0), 0, 1
(42,1), 0, 1
(42,2), 0, 1
(42,3), 0, 1
(42,4), 0, 1
(42,7), 0, 1
(42,8), 0, 1
(42,9), 0, 1
(42,10), 0, 1
(42,11), 0, 1
(42,12), 0, 1
(42,13), 0, 1
(42,14), 0, 1
(42,15), 0, 1
(42,16), 0, 1
(42,18), 0, 1
(42,19), 0, 1
(42,20), 0, 1
(42,21), 0, 1
(42,22), 0, 1
(42,23), 0, 1
(42,24), 0, 1
(42,25), 0, 1
(42,27), 0, 1
(42,28), 0, 1
(42,30), 0, 1
(42,34), 0, 1
(42,36), 0, 1
(42,38), 0, 1
(42,40), 0, 1
(42,44), 0, 1
(42,45), 0, 1
(42,47), 0, 1
(42,48), 0, 1
(42,50), 0, 1
(42,51), 0, 1
(42,52), 0, 1
(42,53), 0, 1
(42,55), 0, 1
(42,56), 0, 1
(42,57), 0, 1
(42,60), 0, 1
(42,62), 0, 1
(42,63), 0, 1
(42,64), 0, 1
(42,65), 0, 1
(42,66), 0, 1
(42,67), 0, 1
(42,68), 0, 1
(42,69), 0, 1
(42,70), 0, 1
(42,72), 0, 1
(42,74), 0, 1
(42,75), 0, 1
(42,76), 0, 1
(42,77), 0, 1
(42,80), 0, 1
(42,81), 0, 1
(42,82), 0, 1
(42,83), 0, 1
(42,85), 0, 1
(42,87), 0, 1
(42,92), 0, 1
(42,93), 0, 1
(43,6), 0, 1
(43,8), 0, 1
(43,13), 0, 1
(43,14), 0, 1
(43,18), 0, 1
(43,24), 0, 1
(43,25), 0, 1
(43,32), 0, 1
(43,44), 0, 1
(43,45), 0, 1
(43,53), 0, 1
(43,56), 0, 1
(43,57), 0, 1
(43,65), 0, 1
(43,68), 0, 1
(43,81), 0, 1
(43,87), 0, 1
(44,2), 0, 1
(44,22), 0, 1
(44,40), 0, 1
(44,47), 0, 1
(44,50), 0, 1
(44,51), 0, 1
(44,63), 0, 1
(44,73), 0, 1
(44,75), 0, 1
(44,93), 0, 1
(45,2), 0, 1
(45,3), 0, 1
(45,22), 0, 1
(45,33), 0, 1
(45,34), 0, 1
(45,40), 0, 1
(45,47), 0, 1
(45,50), 0, 1
(45,51), 0, 1
(45,52), 0, 1
(45,63), 0, 1
(45,73), 0, 1
(45,75), 0, 1
(45,93), 0, 1
(46,2), 0, 1
(46,3), 0, 1
(46,22), 0, 1
(46,34), 0, 1
(46,40), 0, 1
(46,41), 0, 1
(46,47), 0, 1
(46,50), 0, 1
(46,51), 0, 1
(46,52), 0, 1
(46,63), 0, 1
(46,73), 0, 1
(46,75), 0, 1
(46,93), 0, 1
(48,2), 0, 1
(48,3), 0, 1
(48,22), 0, 1
(48,34), 0, 1
(48,40), 0, 1
(48,47), 0, 1
(48,50), 0, 1
(48,51), 0, 1
(48,52), 0, 1
(48,63), 0, 1
(48,75), 0, 1
(48,79), 0, 1
(48,93), 0, 1
(49,0), 0, 1
(49,1), 0, 1
(49,2), 0, 1
(49,3), 0, 1
(49,4), 0, 1
(49,6), 0, 1
(49,8), 0, 1
(49,9), 0, 1
(49,10), 0, 1
(49,11), 0, 1
(49,12), 0, 1
(49,13), 0, 1
(49,14), 0, 1
(49,15), 0, 1
(49,16), 0, 1
(49,17), 0, 1
(49,18), 0, 1
(49,19), 0, 1
(49,21), 0, 1
(49,22), 0, 1
(49,23), 0, 1
(49,24), 0, 1
(49,25), 0, 1
(49,27), 0, 1
(49,28), 0, 1
(49,29), 0, 1
(49,30), 0, 1
(49,31), 0, 1
(49,34), 0, 1
(49,35), 0, 1
(49,36), 0, 1
(49,38), 0, 1
(49,39), 0, 1
(49,40), 0, 1
(49,42), 0, 1
(49,44), 0, 1
(49,45), 0, 1
(49,47), 0, 1
(49,48), 0, 1
(49,50), 0, 1
(49,51), 0, 1
(49,52), 0, 1
(49,53), 0, 1
(49,54), 0, 1
(49,57), 0, 1
(49,60), 0, 1
(49,62), 0, 1
(49,63), 0, 1
(49,64), 0, 1
(49,65), 0, 1
(49,66), 0, 1
(49,67), 0, 1
(49,68), 0, 1
(49,69), 0, 1
(49,70), 0, 1
(49,72), 0, 1
(49,73), 0, 1
(49,74), 0, 1
(49,75), 0, 1
(49,76), 0, 1
(49,77), 0, 1
(49,80), 0, 1
(49,82), 0, 1
(49,83), 0, 1
(49,85), 0, 1
(49,87), 0, 1
(49,88), 0, 1
(49,89), 0, 1
(49,92), 0, 1
(49,93), 0, 1
(50,6), 0, 1
(50,8), 0, 1
(50,13), 0, 1
(50,14), 0, 1
(50,18), 0, 1
(50,24), 0, 1
(50,25), 0, 1
(50,44), 0, 1
(50,53), 0, 1
(50,56), 0, 1
(50,57), 0, 1
(50,65), 0, 1
(50,68), 0, 1
(50,81), 0, 1
(50,87), 0, 1
(50,89), 0, 1
(51,8), 0, 1
(51,13), 0, 1
(51,14), 0, 1
(51,18), 0, 1
(51,24), 0, 1
(51,25), 0, 1
(51,44), 0, 1
(51,45), 0, 1
(51,53), 0, 1
(51,56), 0, 1
(51,57), 0, 1
(51,65), 0, 1
(51,68), 0, 1
(51,81), 0, 1
(51,87), 0, 1
(52,2), 0, 1
(52,3), 0, 1
(52,20), 0, 1
(52,22), 0, 1
(52,40), 0, 1
(52,47), 0, 1
(52,50), 0, 1
(52,51), 0, 1
(52,61), 0, 1
(52,63), 0, 1
(52,75), 0, 1
(52,93), 0, 1
(53,2), 0, 1
(53,3), 0, 1
(53,22), 0, 1
(53,34), 0, 1
(53,40), 0, 1
(53,47), 0, 1
(53,50), 0, 1
(53,51), 0, 1
(53,52), 0, 1
(53,63), 0, 1
(53,73), 0, 1
(53,75), 0, 1
(53,79), 0, 1
(53,93), 0, 1
(54,2), 0, 1
(54,3), 0, 1
(54,20), 0, 1
(54,22), 0, 1
(54,34), 0, 1
(54,40), 0, 1
(54,47), 0, 1
(54,50), 0, 1
(54,51), 0, 1
(54,52), 0, 1
(54,63), 0, 1
(54,73), 0, 1
(54,75), 0, 1
(54,93), 0, 1
(55,2), 0, 1
(55,3), 0, 1
(55,20), 0, 1
(55,22), 0, 1
(55,34), 0, 1
(55,40), 0, 1
(55,47), 0, 1
(55,50), 0, 1
(55,51), 0, 1
(55,52), 0, 1
(55,63), 0, 1
(55,73), 0, 1
(55,75), 0, 1
(55,93), 0, 1
(56,2), 0, 1
(56,3), 0, 1
(56,22), 0, 1
(56,34), 0, 1
(56,40), 0, 1
(56,47), 0, 1
(56,50), 0, 1
(56,51), 0, 1
(56,52), 0, 1
(56,63), 0, 1
(56,73), 0, 1
(56,75), 0, 1
(56,93), 0, 1
(58,0), 0, 1
(58,2), 0, 1
(58,3), 0, 1
(58,4), 0, 1
(58,5), 0, 1
(58,6), 0, 1
(58,7), 0, 1
(58,8), 0, 1
(58,9), 0, 1
(58,10), 0, 1
(58,12), 0, 1
(58,13), 0, 1
(58,14), 0, 1
(58,15), 0, 1
(58,16), 0, 1
(58,19), 0, 1
(58,21), 0, 1
(58,22), 0, 1
(58,23), 0, 1
(58,24), 0, 1
(58,25), 0, 1
(58,27), 0, 1
(58,28), 0, 1
(58,29), 0, 1
(58,30), 0, 1
(58,31), 0, 1
(58,34), 0, 1
(58,35), 0, 1
(58,36), 0, 1
(58,38), 0, 1
(58,39), 0, 1
(58,40), 0, 1
(58,42), 0, 1
(58,44), 0, 1
(58,45), 0, 1
(58,47), 0, 1
(58,48), 0, 1
(58,50), 0, 1
(58,51), 0, 1
(58,52), 0, 1
(58,53), 0, 1
(58,54), 0, 1
(58,56), 0, 1
(58,59), 0, 1
(58,60), 0, 1
(58,62), 0, 1
(58,63), 0, 1
(58,64), 0, 1
(58,65), 0, 1
(58,66), 0, 1
(58,67), 0, 1
(58,68), 0, 1
(58,70), 0, 1
(58,71), 0, 1
(58,72), 0, 1
(58,73), 0, 1
(58,74), 0, 1
(58,75), 0, 1
(58,76), 0, 1
(58,77), 0, 1
(58,81), 0, 1
(58,82), 0, 1
(58,83), 0, 1
(58,85), 0, 1
(58,87), 0, 1
(58,88), 0, 1
(58,89), 0, 1
(58,92), 0, 1
(58,93), 0, 1
(59,0), 0, 1
(59,2), 0, 1
(59,3), 0, 1
(59,4), 0, 1
(59,7), 0, 1
(59,8), 0, 1
(59,9), 0, 1
(59,11), 0, 1
(59,12), 0, 1
(59,13), 0, 1
(59,14), 0, 1
(59,15), 0, 1
(59,16), 0, 1
(59,19), 0, 1
(59,20), 0, 1
(59,21), 0, 1
(59,22), 0, 1
(59,23), 0, 1
(59,24), 0, 1
(59,25), 0, 1
(59,26), 0, 1
(59,27), 0, 1
(59,28), 0, 1
(59,30), 0, 1
(59,31), 0, 1
(59,34), 0, 1
(59,35), 0, 1
(59,36), 0, 1
(59,38), 0, 1
(59,39), 0, 1
(59,40), 0, 1
(59,42), 0, 1
(59,44), 0, 1
(59,45), 0, 1
(59,47), 0, 1
(59,48), 0, 1
(59,50), 0, 1
(59,51), 0, 1
(59,53), 0, 1
(59,56), 0, 1
(59,57), 0, 1
(59,60), 0, 1
(59,62), 0, 1
(59,63), 0, 1
(59,64), 0, 1
(59,65), 0, 1
(59,66), 0, 1
(59,67), 0, 1
(59,68), 0, 1
(59,69), 0, 1
(59,70), 0, 1
(59,71), 0, 1
(59,72), 0, 1
(59,74), 0, 1
(59,75), 0, 1
(59,76), 0, 1
(59,77), 0, 1
(59,80), 0, 1
(59,81), 0, 1
(59,82), 0, 1
(59,83), 0, 1
(59,85), 0, 1
(59,87), 0, 1
(59,88), 0, 1
(59,89), 0, 1
(59,92), 0, 1
(59,93), 0, 1
(60,2), 0, 1
(60,3), 0, 1
(60,5), 0, 1
(60,22), 0, 1
(60,33), 0, 1
(60,34), 0, 1
(60,40), 0, 1
(60,47), 0, 1
(60,50), 0, 1
(60,51), 0, 1
(60,52), 0, 1
(60,63), 0, 1
(60,73), 0, 1
(60,75), 0, 1
(60,93), 0, 1
(61,2), 0, 1
(61,3), 0, 1
(61,22), 0, 1
(61,34), 0, 1
(61,40), 0, 1
(61,47), 0, 1
(61,50), 0, 1
(61,51), 0, 1
(61,52), 0, 1
(61,63), 0, 1
(61,73), 0, 1
(61,75), 0, 1
(61,79), 0, 1
(61,93), 0, 1
(62,2), 0, 1
(62,3), 0, 1
(62,22), 0, 1
(62,34), 0, 1
(62,40), 0, 1
(62,47), 0, 1
(62,50), 0, 1
(62,51), 0, 1
(62,52), 0, 1
(62,63), 0, 1
(62,73), 0, 1
(62,75), 0, 1
(62,93), 0, 1
(64,2), 0, 1
(64,3), 0, 1
(64,22), 0, 1
(64,40), 0, 1
(64,47), 0, 1
(64,50), 0, 1
(64,51), 0, 1
(64,52), 0, 1
(64,63), 0, 1
(64,75), 0, 1
(64,93), 0, 1
(65,2), 0, 1
(65,3), 0, 1
(65,20), 0, 1
(65,22), 0, 1
(65,34), 0, 1
(65,40), 0, 1
(65,50), 0, 1
(65,51), 0, 1
(65,52), 0, 1
(65,63), 0, 1
(65,73), 0, 1
(65,75), 0, 1
(65,93), 0, 1
(67,2), 0, 1
(67,3), 0, 1
(67,22), 0, 1
(67,34), 0, 1
(67,40), 0, 1
(67,47), 0, 1
(67,50), 0, 1
(67,51), 0, 1
(67,63), 0, 1
(67,73), 0, 1
(67,75), 0, 1
(67,93), 0, 1
(68,2), 0, 1
(68,3), 0, 1
(68,22), 0, 1
(68,34), 0, 1
(68,40), 0, 1
(68,47), 0, 1
(68,50), 0, 1
(68,51), 0, 1
(68,63), 0, 1
(68,73), 0, 1
(68,75), 0, 1
(68,93), 0, 1
(69,2), 0, 1
(69,3), 0, 1
(69,5), 0, 1
(69,22), 0, 1
(69,40), 0, 1
(69,50), 0, 1
(69,51), 0, 1
(69,52), 0, 1
(69,63), 0, 1
(69,73), 0, 1
(69,75), 0, 1
(69,93), 0, 1
(70,2), 0, 1
(70,3), 0, 1
(70,22), 0, 1
(70,34), 0, 1
(70,40), 0, 1
(70,47), 0, 1
(70,50), 0, 1
(70,51), 0, 1
(70,63), 0, 1
(70,73), 0, 1
(70,93), 0, 1
(71,6), 0, 1
(71,8), 0, 1
(71,13), 0, 1
(71,14), 0, 1
(71,18), 0, 1
(71,24), 0, 1
(71,25), 0, 1
(71,44), 0, 1
(71,45), 0, 1
(71,46), 0, 1
(71,53), 0, 1
(71,56), 0, 1
(71,57), 0, 1
(71,65), 0, 1
(71,68), 0, 1
(71,81), 0, 1
(71,87), 0, 1
(72,6), 0, 1
(72,8), 0, 1
(72,13), 0, 1
(72,14), 0, 1
(72,18), 0, 1
(72,24), 0, 1
(72,25), 0, 1
(72,44), 0, 1
(72,45), 0, 1
(72,53), 0, 1
(72,56), 0, 1
(72,57), 0, 1
(72,65), 0, 1
(72,68), 0, 1
(72,81), 0, 1
(72,87), 0, 1
(73,6), 0, 1
(73,8), 0, 1
(73,13), 0, 1
(73,14), 0, 1
(73,18), 0, 1
(73,24), 0, 1
(73,25), 0, 1
(73,32), 0, 1
(73,44), 0, 1
(73,45), 0, 1
(73,46), 0, 1
(73,53), 0, 1
(73,56), 0, 1
(73,57), 0, 1
(73,65), 0, 1
(73,68), 0, 1
(73,81), 0, 1
(73,87), 0, 1
(73,89), 0, 1
(74,0), 0, 1
(74,1), 0, 1
(74,2), 0, 1
(74,3), 0, 1
(74,4), 0, 1
(74,6), 0, 1
(74,7), 0, 1
(74,8), 0, 1
(74,9), 0, 1
(74,10), 0, 1
(74,12), 0, 1
(74,14), 0, 1
(74,15), 0, 1
(74,16), 0, 1
(74,18), 0, 1
(74,19), 0, 1
(74,21), 0, 1
(74,22), 0, 1
(74,23), 0, 1
(74,24), 0, 1
(74,25), 0, 1
(74,27), 0, 1
(74,30), 0, 1
(74,31), 0, 1
(74,36), 0, 1
(74,38), 0, 1
(74,39), 0, 1
(74,40), 0, 1
(74,42), 0, 1
(74,44), 0, 1
(74,45), 0, 1
(74,47), 0, 1
(74,51), 0, 1
(74,53), 0, 1
(74,56), 0, 1
(74,57), 0, 1
(74,59), 0, 1
(74,60), 0, 1
(74,62), 0, 1
(74,63), 0, 1
(74,64), 0, 1
(74,65), 0, 1
(74,66), 0, 1
(74,67), 0, 1
(74,68), 0, 1
(74,69), 0, 1
(74,70), 0, 1
(74,71), 0, 1
(74,72), 0, 1
(74,73), 0, 1
(74,75), 0, 1
(74,76), 0, 1
(74,77), 0, 1
(74,80), 0, 1
(74,81), 0, 1
(74,82), 0, 1
(74,83), 0, 1
(74,86), 0, 1
(74,87), 0, 1
(74,92), 0, 1
(74,93), 0, 1
(75,6), 0, 1
(75,8), 0, 1
(75,13), 0, 1
(75,14), 0, 1
(75,18), 0, 1
(75,24), 0, 1
(75,25), 0, 1
(75,44), 0, 1
(75,45), 0, 1
(75,56), 0, 1
(75,57), 0, 1
(75,65), 0, 1
(75,68), 0, 1
(75,81), 0, 1
(75,87), 0, 1
(75,89), 0, 1
(76,2), 0, 1
(76,3), 0, 1
(76,22), 0, 1
(76,34), 0, 1
(76,40), 0, 1
(76,47), 0, 1
(76,50), 0, 1
(76,51), 0, 1
(76,52), 0, 1
(76,63), 0, 1
(76,73), 0, 1
(76,79), 0, 1
(76,93), 0, 1
(77,2), 0, 1
(77,3), 0, 1
(77,22), 0, 1
(77,34), 0, 1
(77,40), 0, 1
(77,43), 0, 1
(77,47), 0, 1
(77,50), 0, 1
(77,51), 0, 1
(77,52), 0, 1
(77,63), 0, 1
(77,73), 0, 1
(77,75), 0, 1
(77,93), 0, 1
(78,6), 0, 1
(78,8), 0, 1
(78,13), 0, 1
(78,14), 0, 1
(78,18), 0, 1
(78,24), 0, 1
(78,44), 0, 1
(78,45), 0, 1
(78,53), 0, 1
(78,57), 0, 1
(78,65), 0, 1
(78,68), 0, 1
(78,81), 0, 1
(78,87), 0, 1
(78,89), 0, 1
(79,0), 0, 1
(79,2), 0, 1
(79,3), 0, 1
(79,4), 0, 1
(79,6), 0, 1
(79,7), 0, 1
(79,8), 0, 1
(79,9), 0, 1
(79,10), 0, 1
(79,11), 0, 1
(79,12), 0, 1
(79,13), 0, 1
(79,14), 0, 1
(79,15), 0, 1
(79,16), 0, 1
(79,18), 0, 1
(79,19), 0, 1
(79,21), 0, 1
(79,22), 0, 1
(79,23), 0, 1
(79,24), 0, 1
(79,27), 0, 1
(79,28), 0, 1
(79,30), 0, 1
(79,31), 0, 1
(79,32), 0, 1
(79,33), 0, 1
(79,34), 0, 1
(79,35), 0, 1
(79,36), 0, 1
(79,38), 0, 1
(79,39), 0, 1
(79,40), 0, 1
(79,42), 0, 1
(79,44), 0, 1
(79,45), 0, 1
(79,47), 0, 1
(79,48), 0, 1
(79,50), 0, 1
(79,51), 0, 1
(79,53), 0, 1
(79,57), 0, 1
(79,59), 0, 1
(79,60), 0, 1
(79,62), 0, 1
(79,63), 0, 1
(79,64), 0, 1
(79,65), 0, 1
(79,66), 0, 1
(79,67), 0, 1
(79,68), 0, 1
(79,70), 0, 1
(79,71), 0, 1
(79,72), 0, 1
(79,73), 0, 1
(79,74), 0, 1
(79,75), 0, 1
(79,76), 0, 1
(79,77), 0, 1
(79,80), 0, 1
(79,81), 0, 1
(79,82), 0, 1
(79,83), 0, 1
(79,84), 0, 1
(79,85), 0, 1
(79,87), 0, 1
(79,88), 0, 1
(79,89), 0, 1
(79,92), 0, 1
(79,93), 0, 1
(80,6), 0, 1
(80,8), 0, 1
(80,13), 0, 1
(80,14), 0, 1
(80,18), 0, 1
(80,25), 0, 1
(80,44), 0, 1
(80,45), 0, 1
(80,53), 0, 1
(80,56), 0, 1
(80,57), 0, 1
(80,65), 0, 1
(80,68), 0, 1
(80,81), 0, 1
(80,87), 0, 1
(80,89), 0, 1
(81,2), 0, 1
(81,3), 0, 1
(81,22), 0, 1
(81,34), 0, 1
(81,40), 0, 1
(81,43), 0, 1
(81,47), 0, 1
(81,50), 0, 1
(81,51), 0, 1
(81,52), 0, 1
(81,73), 0, 1
(81,75), 0, 1
(81,93), 0, 1
(82,6), 0, 1
(82,8), 0, 1
(82,13), 0, 1
(82,14), 0, 1
(82,18), 0, 1
(82,24), 0, 1
(82,25), 0, 1
(82,44), 0, 1
(82,45), 0, 1
(82,53), 0, 1
(82,56), 0, 1
(82,57), 0, 1
(82,65), 0, 1
(82,68), 0, 1
(82,81), 0, 1
(82,87), 0, 1
(83,2), 0, 1
(83,3), 0, 1
(83,22), 0, 1
(83,34), 0, 1
(83,40), 0, 1
(83,47), 0, 1
(83,50), 0, 1
(83,51), 0, 1
(83,52), 0, 1
(83,73), 0, 1
(83,75), 0, 1
(83,93), 0, 1
(84,0), 0, 1
(84,2), 0, 1
(84,4), 0, 1
(84,6), 0, 1
(84,7), 0, 1
(84,8), 0, 1
(84,9), 0, 1
(84,10), 0, 1
(84,11), 0, 1
(84,12), 0, 1
(84,13), 0, 1
(84,14), 0, 1
(84,15), 0, 1
(84,16), 0, 1
(84,18), 0, 1
(84,21), 0, 1
(84,22), 0, 1
(84,23), 0, 1
(84,24), 0, 1
(84,25), 0, 1
(84,27), 0, 1
(84,28), 0, 1
(84,30), 0, 1
(84,31), 0, 1
(84,34), 0, 1
(84,35), 0, 1
(84,36), 0, 1
(84,38), 0, 1
(84,40), 0, 1
(84,42), 0, 1
(84,44), 0, 1
(84,45), 0, 1
(84,48), 0, 1
(84,50), 0, 1
(84,51), 0, 1
(84,52), 0, 1
(84,53), 0, 1
(84,54), 0, 1
(84,56), 0, 1
(84,57), 0, 1
(84,59), 0, 1
(84,60), 0, 1
(84,62), 0, 1
(84,63), 0, 1
(84,64), 0, 1
(84,65), 0, 1
(84,66), 0, 1
(84,67), 0, 1
(84,68), 0, 1
(84,69), 0, 1
(84,70), 0, 1
(84,72), 0, 1
(84,73), 0, 1
(84,74), 0, 1
(84,75), 0, 1
(84,76), 0, 1
(84,77), 0, 1
(84,80), 0, 1
(84,81), 0, 1
(84,82), 0, 1
(84,83), 0, 1
(84,85), 0, 1
(84,86), 0, 1
(84,88), 0, 1
(84,89), 0, 1
(84,92), 0, 1
(84,93), 0, 1
(85,0), 0, 1
(85,1), 0, 1
(85,2), 0, 1
(85,3), 0, 1
(85,4), 0, 1
(85,5), 0, 1
(85,7), 0, 1
(85,8), 0, 1
(85,9), 0, 1
(85,10), 0, 1
(85,11), 0, 1
(85,12), 0, 1
(85,13), 0, 1
(85,14), 0, 1
(85,15), 0, 1
(85,16), 0, 1
(85,18), 0, 1
(85,19), 0, 1
(85,21), 0, 1
(85,22), 0, 1
(85,23), 0, 1
(85,24), 0, 1
(85,25), 0, 1
(85,27), 0, 1
(85,28), 0, 1
(85,30), 0, 1
(85,31), 0, 1
(85,34), 0, 1
(85,35), 0, 1
(85,36), 0, 1
(85,39), 0, 1
(85,40), 0, 1
(85,42), 0, 1
(85,44), 0, 1
(85,45), 0, 1
(85,47), 0, 1
(85,48), 0, 1
(85,50), 0, 1
(85,51), 0, 1
(85,53), 0, 1
(85,54), 0, 1
(85,56), 0, 1
(85,57), 0, 1
(85,60), 0, 1
(85,62), 0, 1
(85,63), 0, 1
(85,64), 0, 1
(85,65), 0, 1
(85,66), 0, 1
(85,67), 0, 1
(85,68), 0, 1
(85,69), 0, 1
(85,70), 0, 1
(85,72), 0, 1
(85,73), 0, 1
(85,75), 0, 1
(85,76), 0, 1
(85,77), 0, 1
(85,80), 0, 1
(85,81), 0, 1
(85,82), 0, 1
(85,83), 0, 1
(85,87), 0, 1
(85,88), 0, 1
(85,89), 0, 1
(85,92), 0, 1
(85,93), 0, 1
(86,6), 0, 1
(86,8), 0, 1
(86,13), 0, 1
(86,18), 0, 1
(86,24), 0, 1
(86,25), 0, 1
(86,44), 0, 1
(86,45), 0, 1
(86,53), 0, 1
(86,56), 0, 1
(86,57), 0, 1
(86,65), 0, 1
(86,68), 0, 1
(86,81), 0, 1
(86,87), 0, 1
(86,89), 0, 1
(87,2), 0, 1
(87,3), 0, 1
(87,5), 0, 1
(87,22), 0, 1
(87,34), 0, 1
(87,40), 0, 1
(87,47), 0, 1
(87,50), 0, 1
(87,51), 0, 1
(87,52), 0, 1
(87,63), 0, 1
(87,73), 0, 1
(87,75), 0, 1
(87,93), 0, 1
(88,2), 0, 1
(88,3), 0, 1
(88,22), 0, 1
(88,34), 0, 1
(88,40), 0, 1
(88,47), 0, 1
(88,50), 0, 1
(88,51), 0, 1
(88,52), 0, 1
(88,63), 0, 1
(88,73), 0, 1
(88,75), 0, 1
(88,93), 0, 1
(89,2), 0, 1
(89,3), 0, 1
(89,22), 0, 1
(89,34), 0, 1
(89,40), 0, 1
(89,47), 0, 1
(89,50), 0, 1
(89,51), 0, 1
(89,52), 0, 1
(89,63), 0, 1
(89,73), 0, 1
(89,75), 0, 1
(89,79), 0, 1
(89,93), 0, 1
(90,2), 0, 1
(90,3), 0, 1
(90,22), 0, 1
(90,34), 0, 1
(90,40), 0, 1
(90,47), 0, 1
(90,51), 0, 1
(90,61), 0, 1
(90,63), 0, 1
(90,73), 0, 1
(90,75), 0, 1
(90,93), 0, 1
(91,2), 0, 1
(91,3), 0, 1
(91,22), 0, 1
(91,34), 0, 1
(91,40), 0, 1
(91,47), 0, 1
(91,51), 0, 1
(91,52), 0, 1
(91,63), 0, 1
(91,73), 0, 1
(91,75), 0, 1
(91,93), 0, 1
(92,2), 0, 1
(92,3), 0, 1
(92,22), 0, 1
(92,33), 0, 1
(92,34), 0, 1
(92,40), 0, 1
(92,47), 0, 1
(92,50), 0, 1
(92,51), 0, 1
(92,52), 0, 1
(92,61), 0, 1
(92,63), 0, 1
(92,73), 0, 1
(92,75), 0, 1
(92,93), 0, 1
(94,6), 0, 1
(94,8), 0, 1
(94,13), 0, 1
(94,14), 0, 1
(94,18), 0, 1
(94,24), 0, 1
(94,25), 0, 1
(94,44), 0, 1
(94,45), 0, 1
(94,53), 0, 1
(94,56), 0, 1
(94,57), 0, 1
(94,65), 0, 1
(94,68), 0, 1
(94,79), 0, 1
(94,81), 0, 1
(94,87), 0, 1
(94,89), 0, 1
(95,2), 0, 1
(95,3), 0, 1
(95,22), 0, 1
(95,34), 0, 1
(95,40), 0, 1
(95,47), 0, 1
(95,50), 0, 1
(95,51), 0, 1
(95,52), 0, 1
(95,63), 0, 1
(95,73), 0, 1
(95,75), 0, 1
(95,93), 0, 1
(96,2), 0, 1
(96,3), 0, 1
(96,22), 0, 1
(96,34), 0, 1
(96,40), 0, 1
(96,47), 0, 1
(96,50), 0, 1
(96,51), 0, 1
(96,61), 0, 1
(96,63), 0, 1
(96,73), 0, 1
(96,75), 0, 1
(96,93), 0, 1
(97,0), 0, 1
(97,1), 0, 1
(97,2), 0, 1
(97,3), 0, 1
(97,4), 0, 1
(97,5), 0, 1
(97,6), 0, 1
(97,7), 0, 1
(97,8), 0, 1
(97,9), 0, 1
(97,10), 0, 1
(97,11), 0, 1
(97,13), 0, 1
(97,14), 0, 1
(97,15), 0, 1
(97,16), 0, 1
(97,17), 0, 1
(97,18), 0, 1
(97,19), 0, 1
(97,21), 0, 1
(97,22), 0, 1
(97,23), 0, 1
(97,24), 0, 1
(97,25), 0, 1
(97,27), 0, 1
(97,28), 0, 1
(97,30), 0, 1
(97,31), 0, 1
(97,34), 0, 1
(97,35), 0, 1
(97,36), 0, 1
(97,38), 0, 1
(97,39), 0, 1
(97,40), 0, 1
(97,42), 0, 1
(97,44), 0, 1
(97,45), 0, 1
(97,47), 0, 1
(97,48), 0, 1
(97,51), 0, 1
(97,52), 0, 1
(97,54), 0, 1
(97,56), 0, 1
(97,57), 0, 1
(97,58), 0, 1
(97,59), 0, 1
(97,60), 0, 1
(97,62), 0, 1
(97,63), 0, 1
(97,64), 0, 1
(97,65), 0, 1
(97,66), 0, 1
(97,67), 0, 1
(97,68), 0, 1
(97,69), 0, 1
(97,70), 0, 1
(97,71), 0, 1
(97,72), 0, 1
(97,73), 0, 1
(97,74), 0, 1
(97,75), 0, 1
(97,76), 0, 1
(97,77), 0, 1
(97,80), 0, 1
(97,81), 0, 1
(97,82), 0, 1
(97,83), 0, 1
(97,85), 0, 1
(97,87), 0, 1
(97,88), 0, 1
(97,93), 0, 1
(98,0), 0, 1
(98,2), 0, 1
(98,3), 0, 1
(98,5), 0, 1
(98,6), 0, 1
(98,7), 0, 1
(98,8), 0, 1
(98,9), 0, 1
(98,10), 0, 1
(98,11), 0, 1
(98,12), 0, 1
(98,13), 0, 1
(98,14), 0, 1
(98,15), 0, 1
(98,16), 0, 1
(98,19), 0, 1
(98,21), 0, 1
(98,22), 0, 1
(98,24), 0, 1
(98,25), 0, 1
(98,26), 0, 1
(98,27), 0, 1
(98,28), 0, 1
(98,29), 0, 1
(98,30), 0, 1
(98,31), 0, 1
(98,34), 0, 1
(98,35), 0, 1
(98,36), 0, 1
(98,38), 0, 1
(98,39), 0, 1
(98,40), 0, 1
(98,41), 0, 1
(98,43), 0, 1
(98,44), 0, 1
(98,45), 0, 1
(98,47), 0, 1
(98,50), 0, 1
(98,51), 0, 1
(98,52), 0, 1
(98,53), 0, 1
(98,54), 0, 1
(98,56), 0, 1
(98,57), 0, 1
(98,60), 0, 1
(98,61), 0, 1
(98,62), 0, 1
(98,63), 0, 1
(98,64), 0, 1
(98,65), 0, 1
(98,66), 0, 1
(98,67), 0, 1
(98,68), 0, 1
(98,69), 0, 1
(98,70), 0, 1
(98,71), 0, 1
(98,72), 0, 1
(98,73), 0, 1
(98,74), 0, 1
(98,75), 0, 1
(98,76), 0, 1
(98,77), 0, 1
(98,80), 0, 1
(98,81), 0, 1
(98,82), 0, 1
(98,83), 0, 1
(98,87), 0, 1
(98,89), 0, 1
(98,92), 0, 1
(98,93), 0, 1
(99,0), 0, 1
(99,1), 0, 1
(99,2), 0, 1
(99,3), 0, 1
(99,4), 0, 1
(99,6), 0, 1
(99,7), 0, 1
(99,8), 0, 1
(99,9), 0, 1
(99,10), 0, 1
(99,11), 0, 1
(99,12), 0, 1
(99,13), 0, 1
(99,14), 0, 1
(99,15), 0, 1
(99,16), 0, 1
(99,18), 0, 1
(99,19), 0, 1
(99,20), 0, 1
(99,22), 0, 1
(99,23), 0, 1
(99,24), 0, 1
(99,25), 0, 1
(99,27), 0, 1
(99,28), 0, 1
(99,30), 0, 1
(99,34), 0, 1
(99,35), 0, 1
(99,36), 0, 1
(99,38), 0, 1
(99,39), 0, 1
(99,40), 0, 1
(99,42), 0, 1
(99,43), 0, 1
(99,44), 0, 1
(99,45), 0, 1
(99,47), 0, 1
(99,48), 0, 1
(99,50), 0, 1
(99,51), 0, 1
(99,52), 0, 1
(99,53), 0, 1
(99,56), 0, 1
(99,57), 0, 1
(99,59), 0, 1
(99,60), 0, 1
(99,62), 0, 1
(99,63), 0, 1
(99,64), 0, 1
(99,65), 0, 1
(99,67), 0, 1
(99,68), 0, 1
(99,69), 0, 1
(99,70), 0, 1
(99,71), 0, 1
(99,72), 0, 1
(99,73), 0, 1
(99,74), 0, 1
(99,76), 0, 1
(99,80), 0, 1
(99,81), 0, 1
(99,82), 0, 1
(99,83), 0, 1
(99,87), 0, 1
(99,88), 0, 1
(99,91), 0, 1
(99,92), 0, 1
(99,93), 0, 1
