Nr_Pairs = 95
Nr_NDD = 5
Nr_Arcs = 2144
0	0.5
1	0.10
2	0.90
3	0.90
4	0.5
5	0.28
6	0.5
7	0.10
8	0.90
9	0.5
10	0.5
11	0.5
12	0.5
13	0.10
14	0.28
15	0.5
16	0.5
17	0.5
18	0.10
19	0.5
20	0.92
21	0.90
22	0.28
23	0.10
24	0.90
25	0.5
26	0.10
27	0.92
28	0.5
29	0.28
30	0.90
31	0.28
32	0.90
33	0.5
34	0.28
35	0.10
36	0.5
37	0.5
38	0.5
39	0.5
40	0.32
41	0.28
42	0.92
43	0.10
44	0.5
45	0.5
46	0.5
47	0.92
48	0.5
49	0.5
50	0.28
51	0.10
52	0.92
53	0.5
54	0.90
55	0.10
56	0.5
57	0.5
58	0.10
59	0.90
60	0.5
61	0.5
62	0.10
63	0.10
64	0.28
65	0.32
66	0.5
67	0.5
68	0.5
69	0.5
70	0.5
71	0.5
72	0.28
73	0.5
74	0.92
75	0.5
76	0.5
77	0.10
78	0.28
79	0.5
80	0.90
81	0.28
82	0.10
83	0.90
84	0.5
85	0.5
86	0.5
87	0.5
88	0.28
89	0.5
90	0.5
91	0.10
92	0.32
93	0.5
94	0.92
95	0.0
96	0.0
97	0.0
98	0.0
99	0.0
(0,6), 0, 1
(0,7), 0, 1
(0,12), 0, 1
(0,16), 0, 1
(0,19), 0, 1
(0,29), 0, 1
(0,40), 0, 1
(0,46), 0, 1
(0,56), 0, 1
(0,57), 0, 1
(0,62), 0, 1
(0,67), 0, 1
(0,68), 0, 1
(0,77), 0, 1
(1,0), 0, 1
(1,4), 0, 1
(1,6), 0, 1
(1,7), 0, 1
(1,8), 0, 1
(1,9), 0, 1
(1,10), 0, 1
(1,11), 0, 1
(1,12), 0, 1
(1,13), 0, 1
(1,14), 0, 1
(1,15), 0, 1
(1,16), 0, 1
(1,17), 0, 1
(1,18), 0, 1
(1,19), 0, 1
(1,25), 0, 1
(1,26), 0, 1
(1,28), 0, 1
(1,29), 0, 1
(1,31), 0, 1
(1,32), 0, 1
(1,33), 0, 1
(1,34), 0, 1
(1,35), 0, 1
(1,36), 0, 1
(1,37), 0, 1
(1,38), 0, 1
(1,39), 0, 1
(1,40), 0, 1
(1,41), 0, 1
(1,43), 0, 1
(1,44), 0, 1
(1,45), 0, 1
(1,46), 0, 1
(1,48), 0, 1
(1,49), 0, 1
(1,50), 0, 1
(1,51), 0, 1
(1,53), 0, 1
(1,55), 0, 1
(1,56), 0, 1
(1,57), 0, 1
(1,58), 0, 1
(1,60), 0, 1
(1,61), 0, 1
(1,62), 0, 1
(1,63), 0, 1
(1,64), 0, 1
(1,66), 0, 1
(1,67), 0, 1
(1,68), 0, 1
(1,69), 0, 1
(1,70), 0, 1
(1,71), 0, 1
(1,72), 0, 1
(1,73), 0, 1
(1,75), 0, 1
(1,76), 0, 1
(1,77), 0, 1
(1,78), 0, 1
(1,79), 0, 1
(1,81), 0, 1
(1,82), 0, 1
(1,84), 0, 1
(1,85), 0, 1
(1,86), 0, 1
(1,87), 0, 1
(1,88), 0, 1
(1,89), 0, 1
(1,90), 0, 1
(1,91), 0, 1
(1,92), 0, 1
(1,93), 0, 1
(2,0), 0, 1
(2,1), 0, 1
(2,4), 0, 1
(2,5), 0, 1
(2,6), 0, 1
(2,7), 0, 1
(2,9), 0, 1
(2,10), 0, 1
(2,11), 0, 1
(2,12), 0, 1
(2,13), 0, 1
(2,14), 0, 1
(2,15), 0, 1
(2,16), 0, 1
(2,17), 0, 1
(2,18), 0, 1
(2,19), 0, 1
(2,22), 0, 1
(2,23), 0, 1
(2,25), 0, 1
(2,26), 0, 1
(2,28), 0, 1
(2,29), 0, 1
(2,32), 0, 1
(2,33), 0, 1
(2,34), 0, 1
(2,35), 0, 1
(2,36), 0, 1
(2,37), 0, 1
(2,39), 0, 1
(2,40), 0, 1
(2,41), 0, 1
(2,44), 0, 1
(2,45), 0, 1
(2,46), 0, 1
(2,48), 0, 1
(2,49), 0, 1
(2,50), 0, 1
(2,51), 0, 1
(2,53), 0, 1
(2,55), 0, 1
(2,56), 0, 1
(2,57), 0, 1
(2,58), 0, 1
(2,60), 0, 1
(2,61), 0, 1
(2,62), 0, 1
(2,63), 0, 1
(2,64), 0, 1
(2,65), 0, 1
(2,66), 0, 1
(2,67), 0, 1
(2,68), 0, 1
(2,69), 0, 1
(2,70), 0, 1
(2,71), 0, 1
(2,72), 0, 1
(2,73), 0, 1
(2,74), 0, 1
(2,75), 0, 1
(2,76), 0, 1
(2,77), 0, 1
(2,78), 0, 1
(2,79), 0, 1
(2,81), 0, 1
(2,82), 0, 1
(2,84), 0, 1
(2,85), 0, 1
(2,86), 0, 1
(2,87), 0, 1
(2,88), 0, 1
(2,89), 0, 1
(2,90), 0, 1
(2,91), 0, 1
(2,92), 0, 1
(2,93), 0, 1
(3,0), 0, 1
(3,1), 0, 1
(3,4), 0, 1
(3,5), 0, 1
(3,6), 0, 1
(3,7), 0, 1
(3,8), 0, 1
(3,9), 0, 1
(3,10), 0, 1
(3,11), 0, 1
(3,12), 0, 1
(3,14), 0, 1
(3,15), 0, 1
(3,16), 0, 1
(3,17), 0, 1
(3,18), 0, 1
(3,19), 0, 1
(3,22), 0, 1
(3,23), 0, 1
(3,25), 0, 1
(3,26), 0, 1
(3,28), 0, 1
(3,29), 0, 1
(3,31), 0, 1
(3,33), 0, 1
(3,34), 0, 1
(3,35), 0, 1
(3,36), 0, 1
(3,37), 0, 1
(3,38), 0, 1
(3,39), 0, 1
(3,40), 0, 1
(3,41), 0, 1
(3,43), 0, 1
(3,44), 0, 1
(3,45), 0, 1
(3,46), 0, 1
(3,48), 0, 1
(3,49), 0, 1
(3,50), 0, 1
(3,51), 0, 1
(3,53), 0, 1
(3,55), 0, 1
(3,56), 0, 1
(3,57), 0, 1
(3,58), 0, 1
(3,60), 0, 1
(3,61), 0, 1
(3,62), 0, 1
(3,63), 0, 1
(3,64), 0, 1
(3,65), 0, 1
(3,66), 0, 1
(3,67), 0, 1
(3,68), 0, 1
(3,69), 0, 1
(3,70), 0, 1
(3,71), 0, 1
(3,72), 0, 1
(3,73), 0, 1
(3,75), 0, 1
(3,76), 0, 1
(3,77), 0, 1
(3,79), 0, 1
(3,81), 0, 1
(3,82), 0, 1
(3,85), 0, 1
(3,86), 0, 1
(3,87), 0, 1
(3,88), 0, 1
(3,89), 0, 1
(3,90), 0, 1
(3,91), 0, 1
(3,92), 0, 1
(3,93), 0, 1
(3,94), 0, 1
(4,6), 0, 1
(4,7), 0, 1
(4,12), 0, 1
(4,16), 0, 1
(4,29), 0, 1
(4,40), 0, 1
(4,46), 0, 1
(4,56), 0, 1
(4,57), 0, 1
(4,62), 0, 1
(4,67), 0, 1
(4,68), 0, 1
(4,77), 0, 1
(6,0), 0, 1
(6,13), 0, 1
(6,50), 0, 1
(6,63), 0, 1
(6,79), 0, 1
(6,91), 0, 1
(7,0), 0, 1
(7,1), 0, 1
(7,4), 0, 1
(7,5), 0, 1
(7,6), 0, 1
(7,9), 0, 1
(7,10), 0, 1
(7,11), 0, 1
(7,12), 0, 1
(7,14), 0, 1
(7,16), 0, 1
(7,17), 0, 1
(7,18), 0, 1
(7,19), 0, 1
(7,23), 0, 1
(7,25), 0, 1
(7,26), 0, 1
(7,28), 0, 1
(7,29), 0, 1
(7,31), 0, 1
(7,33), 0, 1
(7,34), 0, 1
(7,35), 0, 1
(7,37), 0, 1
(7,38), 0, 1
(7,39), 0, 1
(7,40), 0, 1
(7,41), 0, 1
(7,43), 0, 1
(7,44), 0, 1
(7,45), 0, 1
(7,46), 0, 1
(7,48), 0, 1
(7,49), 0, 1
(7,50), 0, 1
(7,51), 0, 1
(7,53), 0, 1
(7,55), 0, 1
(7,56), 0, 1
(7,57), 0, 1
(7,58), 0, 1
(7,60), 0, 1
(7,61), 0, 1
(7,62), 0, 1
(7,65), 0, 1
(7,66), 0, 1
(7,67), 0, 1
(7,68), 0, 1
(7,69), 0, 1
(7,70), 0, 1
(7,71), 0, 1
(7,73), 0, 1
(7,75), 0, 1
(7,76), 0, 1
(7,77), 0, 1
(7,78), 0, 1
(7,79), 0, 1
(7,81), 0, 1
(7,82), 0, 1
(7,84), 0, 1
(7,85), 0, 1
(7,86), 0, 1
(7,87), 0, 1
(7,88), 0, 1
(7,89), 0, 1
(7,90), 0, 1
(7,91), 0, 1
(7,92), 0, 1
(7,93), 0, 1
(8,6), 0, 1
(8,7), 0, 1
(8,12), 0, 1
(8,16), 0, 1
(8,19), 0, 1
(8,40), 0, 1
(8,46), 0, 1
(8,56), 0, 1
(8,57), 0, 1
(8,62), 0, 1
(8,67), 0, 1
(8,68), 0, 1
(9,6), 0, 1
(9,12), 0, 1
(9,16), 0, 1
(9,19), 0, 1
(9,29), 0, 1
(9,40), 0, 1
(9,46), 0, 1
(9,56), 0, 1
(9,57), 0, 1
(9,62), 0, 1
(9,67), 0, 1
(9,68), 0, 1
(9,77), 0, 1
(9,80), 0, 1
(10,0), 0, 1
(10,9), 0, 1
(10,13), 0, 1
(10,50), 0, 1
(10,63), 0, 1
(10,79), 0, 1
(10,81), 0, 1
(10,91), 0, 1
(11,0), 0, 1
(11,9), 0, 1
(11,13), 0, 1
(11,50), 0, 1
(11,63), 0, 1
(11,79), 0, 1
(11,81), 0, 1
(11,91), 0, 1
(12,0), 0, 1
(12,9), 0, 1
(12,13), 0, 1
(12,63), 0, 1
(12,79), 0, 1
(12,91), 0, 1
(13,0), 0, 1
(13,9), 0, 1
(13,50), 0, 1
(13,63), 0, 1
(13,79), 0, 1
(13,81), 0, 1
(13,91), 0, 1
(14,0), 0, 1
(14,1), 0, 1
(14,2), 0, 1
(14,4), 0, 1
(14,5), 0, 1
(14,6), 0, 1
(14,7), 0, 1
(14,9), 0, 1
(14,10), 0, 1
(14,11), 0, 1
(14,12), 0, 1
(14,15), 0, 1
(14,16), 0, 1
(14,17), 0, 1
(14,18), 0, 1
(14,19), 0, 1
(14,22), 0, 1
(14,23), 0, 1
(14,25), 0, 1
(14,26), 0, 1
(14,27), 0, 1
(14,29), 0, 1
(14,33), 0, 1
(14,35), 0, 1
(14,36), 0, 1
(14,37), 0, 1
(14,38), 0, 1
(14,39), 0, 1
(14,40), 0, 1
(14,41), 0, 1
(14,43), 0, 1
(14,44), 0, 1
(14,45), 0, 1
(14,46), 0, 1
(14,48), 0, 1
(14,49), 0, 1
(14,50), 0, 1
(14,51), 0, 1
(14,53), 0, 1
(14,55), 0, 1
(14,56), 0, 1
(14,57), 0, 1
(14,60), 0, 1
(14,61), 0, 1
(14,62), 0, 1
(14,63), 0, 1
(14,64), 0, 1
(14,65), 0, 1
(14,66), 0, 1
(14,67), 0, 1
(14,68), 0, 1
(14,69), 0, 1
(14,70), 0, 1
(14,72), 0, 1
(14,73), 0, 1
(14,75), 0, 1
(14,76), 0, 1
(14,77), 0, 1
(14,79), 0, 1
(14,81), 0, 1
(14,84), 0, 1
(14,85), 0, 1
(14,86), 0, 1
(14,87), 0, 1
(14,88), 0, 1
(14,89), 0, 1
(14,90), 0, 1
(14,92), 0, 1
(14,93), 0, 1
(15,6), 0, 1
(15,7), 0, 1
(15,8), 0, 1
(15,16), 0, 1
(15,19), 0, 1
(15,29), 0, 1
(15,40), 0, 1
(15,46), 0, 1
(15,56), 0, 1
(15,57), 0, 1
(15,62), 0, 1
(15,67), 0, 1
(15,68), 0, 1
(15,77), 0, 1
(16,0), 0, 1
(16,1), 0, 1
(16,4), 0, 1
(16,5), 0, 1
(16,6), 0, 1
(16,7), 0, 1
(16,9), 0, 1
(16,10), 0, 1
(16,11), 0, 1
(16,12), 0, 1
(16,13), 0, 1
(16,14), 0, 1
(16,17), 0, 1
(16,18), 0, 1
(16,19), 0, 1
(16,22), 0, 1
(16,23), 0, 1
(16,25), 0, 1
(16,26), 0, 1
(16,28), 0, 1
(16,29), 0, 1
(16,31), 0, 1
(16,33), 0, 1
(16,34), 0, 1
(16,35), 0, 1
(16,36), 0, 1
(16,37), 0, 1
(16,38), 0, 1
(16,39), 0, 1
(16,40), 0, 1
(16,41), 0, 1
(16,43), 0, 1
(16,44), 0, 1
(16,45), 0, 1
(16,46), 0, 1
(16,48), 0, 1
(16,49), 0, 1
(16,50), 0, 1
(16,51), 0, 1
(16,53), 0, 1
(16,55), 0, 1
(16,56), 0, 1
(16,57), 0, 1
(16,58), 0, 1
(16,60), 0, 1
(16,61), 0, 1
(16,63), 0, 1
(16,64), 0, 1
(16,65), 0, 1
(16,66), 0, 1
(16,67), 0, 1
(16,68), 0, 1
(16,69), 0, 1
(16,70), 0, 1
(16,73), 0, 1
(16,75), 0, 1
(16,77), 0, 1
(16,79), 0, 1
(16,82), 0, 1
(16,85), 0, 1
(16,86), 0, 1
(16,87), 0, 1
(16,88), 0, 1
(16,89), 0, 1
(16,90), 0, 1
(16,93), 0, 1
(17,6), 0, 1
(17,7), 0, 1
(17,8), 0, 1
(17,12), 0, 1
(17,16), 0, 1
(17,19), 0, 1
(17,29), 0, 1
(17,40), 0, 1
(17,46), 0, 1
(17,56), 0, 1
(17,57), 0, 1
(17,62), 0, 1
(17,67), 0, 1
(17,68), 0, 1
(17,77), 0, 1
(18,7), 0, 1
(18,12), 0, 1
(18,16), 0, 1
(18,19), 0, 1
(18,40), 0, 1
(18,46), 0, 1
(18,56), 0, 1
(18,57), 0, 1
(18,62), 0, 1
(18,67), 0, 1
(18,68), 0, 1
(18,77), 0, 1
(19,6), 0, 1
(19,7), 0, 1
(19,12), 0, 1
(19,16), 0, 1
(19,46), 0, 1
(19,56), 0, 1
(19,57), 0, 1
(19,62), 0, 1
(19,67), 0, 1
(19,68), 0, 1
(19,77), 0, 1
(20,6), 0, 1
(20,7), 0, 1
(20,12), 0, 1
(20,16), 0, 1
(20,19), 0, 1
(20,29), 0, 1
(20,40), 0, 1
(20,46), 0, 1
(20,56), 0, 1
(20,57), 0, 1
(20,67), 0, 1
(21,0), 0, 1
(21,13), 0, 1
(21,50), 0, 1
(21,79), 0, 1
(21,81), 0, 1
(21,83), 0, 1
(21,91), 0, 1
(22,6), 0, 1
(22,7), 0, 1
(22,12), 0, 1
(22,16), 0, 1
(22,19), 0, 1
(22,29), 0, 1
(22,40), 0, 1
(22,46), 0, 1
(22,57), 0, 1
(22,62), 0, 1
(22,67), 0, 1
(22,68), 0, 1
(22,77), 0, 1
(23,6), 0, 1
(23,7), 0, 1
(23,12), 0, 1
(23,16), 0, 1
(23,19), 0, 1
(23,29), 0, 1
(23,40), 0, 1
(23,46), 0, 1
(23,56), 0, 1
(23,57), 0, 1
(23,62), 0, 1
(23,67), 0, 1
(23,68), 0, 1
(23,77), 0, 1
(24,6), 0, 1
(24,7), 0, 1
(24,12), 0, 1
(24,16), 0, 1
(24,19), 0, 1
(24,40), 0, 1
(24,46), 0, 1
(24,56), 0, 1
(24,57), 0, 1
(24,62), 0, 1
(24,68), 0, 1
(24,77), 0, 1
(25,3), 0, 1
(25,6), 0, 1
(25,7), 0, 1
(25,12), 0, 1
(25,16), 0, 1
(25,19), 0, 1
(25,29), 0, 1
(25,42), 0, 1
(25,46), 0, 1
(25,56), 0, 1
(25,57), 0, 1
(25,62), 0, 1
(25,67), 0, 1
(25,68), 0, 1
(26,0), 0, 1
(26,2), 0, 1
(26,4), 0, 1
(26,6), 0, 1
(26,7), 0, 1
(26,9), 0, 1
(26,11), 0, 1
(26,12), 0, 1
(26,13), 0, 1
(26,14), 0, 1
(26,15), 0, 1
(26,16), 0, 1
(26,17), 0, 1
(26,18), 0, 1
(26,19), 0, 1
(26,23), 0, 1
(26,25), 0, 1
(26,28), 0, 1
(26,29), 0, 1
(26,31), 0, 1
(26,33), 0, 1
(26,34), 0, 1
(26,35), 0, 1
(26,36), 0, 1
(26,37), 0, 1
(26,38), 0, 1
(26,39), 0, 1
(26,40), 0, 1
(26,41), 0, 1
(26,43), 0, 1
(26,44), 0, 1
(26,45), 0, 1
(26,46), 0, 1
(26,48), 0, 1
(26,49), 0, 1
(26,50), 0, 1
(26,51), 0, 1
(26,53), 0, 1
(26,55), 0, 1
(26,56), 0, 1
(26,58), 0, 1
(26,60), 0, 1
(26,61), 0, 1
(26,62), 0, 1
(26,64), 0, 1
(26,66), 0, 1
(26,67), 0, 1
(26,68), 0, 1
(26,69), 0, 1
(26,70), 0, 1
(26,71), 0, 1
(26,72), 0, 1
(26,73), 0, 1
(26,75), 0, 1
(26,76), 0, 1
(26,77), 0, 1
(26,78), 0, 1
(26,79), 0, 1
(26,82), 0, 1
(26,84), 0, 1
(26,85), 0, 1
(26,86), 0, 1
(26,87), 0, 1
(26,88), 0, 1
(26,89), 0, 1
(26,90), 0, 1
(26,92), 0, 1
(26,93), 0, 1
(27,3), 0, 1
(27,6), 0, 1
(27,7), 0, 1
(27,12), 0, 1
(27,16), 0, 1
(27,19), 0, 1
(27,29), 0, 1
(27,40), 0, 1
(27,46), 0, 1
(27,56), 0, 1
(27,57), 0, 1
(27,62), 0, 1
(27,67), 0, 1
(27,68), 0, 1
(27,77), 0, 1
(28,6), 0, 1
(28,7), 0, 1
(28,12), 0, 1
(28,16), 0, 1
(28,19), 0, 1
(28,29), 0, 1
(28,40), 0, 1
(28,46), 0, 1
(28,56), 0, 1
(28,57), 0, 1
(28,62), 0, 1
(28,67), 0, 1
(28,68), 0, 1
(28,77), 0, 1
(29,0), 0, 1
(29,1), 0, 1
(29,4), 0, 1
(29,7), 0, 1
(29,9), 0, 1
(29,10), 0, 1
(29,11), 0, 1
(29,12), 0, 1
(29,13), 0, 1
(29,14), 0, 1
(29,15), 0, 1
(29,16), 0, 1
(29,17), 0, 1
(29,18), 0, 1
(29,19), 0, 1
(29,23), 0, 1
(29,25), 0, 1
(29,26), 0, 1
(29,28), 0, 1
(29,33), 0, 1
(29,34), 0, 1
(29,35), 0, 1
(29,36), 0, 1
(29,37), 0, 1
(29,38), 0, 1
(29,39), 0, 1
(29,41), 0, 1
(29,43), 0, 1
(29,44), 0, 1
(29,45), 0, 1
(29,46), 0, 1
(29,47), 0, 1
(29,48), 0, 1
(29,49), 0, 1
(29,50), 0, 1
(29,51), 0, 1
(29,53), 0, 1
(29,55), 0, 1
(29,56), 0, 1
(29,57), 0, 1
(29,58), 0, 1
(29,60), 0, 1
(29,61), 0, 1
(29,62), 0, 1
(29,63), 0, 1
(29,64), 0, 1
(29,65), 0, 1
(29,66), 0, 1
(29,67), 0, 1
(29,68), 0, 1
(29,69), 0, 1
(29,70), 0, 1
(29,71), 0, 1
(29,73), 0, 1
(29,75), 0, 1
(29,76), 0, 1
(29,78), 0, 1
(29,79), 0, 1
(29,81), 0, 1
(29,82), 0, 1
(29,84), 0, 1
(29,85), 0, 1
(29,86), 0, 1
(29,87), 0, 1
(29,88), 0, 1
(29,89), 0, 1
(29,90), 0, 1
(29,91), 0, 1
(29,92), 0, 1
(29,93), 0, 1
(30,0), 0, 1
(30,1), 0, 1
(30,3), 0, 1
(30,5), 0, 1
(30,6), 0, 1
(30,8), 0, 1
(30,9), 0, 1
(30,10), 0, 1
(30,11), 0, 1
(30,12), 0, 1
(30,13), 0, 1
(30,14), 0, 1
(30,15), 0, 1
(30,16), 0, 1
(30,17), 0, 1
(30,18), 0, 1
(30,19), 0, 1
(30,23), 0, 1
(30,25), 0, 1
(30,26), 0, 1
(30,28), 0, 1
(30,29), 0, 1
(30,33), 0, 1
(30,34), 0, 1
(30,36), 0, 1
(30,37), 0, 1
(30,38), 0, 1
(30,39), 0, 1
(30,40), 0, 1
(30,41), 0, 1
(30,43), 0, 1
(30,44), 0, 1
(30,45), 0, 1
(30,46), 0, 1
(30,48), 0, 1
(30,50), 0, 1
(30,51), 0, 1
(30,53), 0, 1
(30,55), 0, 1
(30,56), 0, 1
(30,57), 0, 1
(30,58), 0, 1
(30,60), 0, 1
(30,61), 0, 1
(30,62), 0, 1
(30,64), 0, 1
(30,65), 0, 1
(30,66), 0, 1
(30,67), 0, 1
(30,68), 0, 1
(30,69), 0, 1
(30,70), 0, 1
(30,71), 0, 1
(30,72), 0, 1
(30,73), 0, 1
(30,74), 0, 1
(30,75), 0, 1
(30,76), 0, 1
(30,77), 0, 1
(30,78), 0, 1
(30,79), 0, 1
(30,81), 0, 1
(30,84), 0, 1
(30,85), 0, 1
(30,86), 0, 1
(30,87), 0, 1
(30,89), 0, 1
(30,91), 0, 1
(30,92), 0, 1
(30,93), 0, 1
(31,0), 0, 1
(31,9), 0, 1
(31,13), 0, 1
(31,50), 0, 1
(31,54), 0, 1
(31,63), 0, 1
(31,79), 0, 1
(31,81), 0, 1
(31,91), 0, 1
(32,0), 0, 1
(32,1), 0, 1
(32,4), 0, 1
(32,5), 0, 1
(32,6), 0, 1
(32,9), 0, 1
(32,10), 0, 1
(32,11), 0, 1
(32,12), 0, 1
(32,13), 0, 1
(32,15), 0, 1
(32,16), 0, 1
(32,17), 0, 1
(32,18), 0, 1
(32,19), 0, 1
(32,22), 0, 1
(32,23), 0, 1
(32,25), 0, 1
(32,26), 0, 1
(32,28), 0, 1
(32,30), 0, 1
(32,31), 0, 1
(32,33), 0, 1
(32,35), 0, 1
(32,36), 0, 1
(32,37), 0, 1
(32,38), 0, 1
(32,39), 0, 1
(32,40), 0, 1
(32,41), 0, 1
(32,44), 0, 1
(32,45), 0, 1
(32,46), 0, 1
(32,48), 0, 1
(32,49), 0, 1
(32,51), 0, 1
(32,53), 0, 1
(32,54), 0, 1
(32,55), 0, 1
(32,56), 0, 1
(32,57), 0, 1
(32,60), 0, 1
(32,61), 0, 1
(32,62), 0, 1
(32,64), 0, 1
(32,65), 0, 1
(32,68), 0, 1
(32,69), 0, 1
(32,70), 0, 1
(32,71), 0, 1
(32,73), 0, 1
(32,75), 0, 1
(32,76), 0, 1
(32,77), 0, 1
(32,79), 0, 1
(32,82), 0, 1
(32,84), 0, 1
(32,85), 0, 1
(32,86), 0, 1
(32,87), 0, 1
(32,89), 0, 1
(32,90), 0, 1
(32,91), 0, 1
(32,92), 0, 1
(32,93), 0, 1
(33,0), 0, 1
(33,9), 0, 1
(33,13), 0, 1
(33,50), 0, 1
(33,63), 0, 1
(33,79), 0, 1
(33,81), 0, 1
(33,83), 0, 1
(33,91), 0, 1
(34,6), 0, 1
(34,7), 0, 1
(34,12), 0, 1
(34,16), 0, 1
(34,19), 0, 1
(34,29), 0, 1
(34,40), 0, 1
(34,46), 0, 1
(34,56), 0, 1
(34,57), 0, 1
(34,62), 0, 1
(34,67), 0, 1
(34,68), 0, 1
(34,77), 0, 1
(35,3), 0, 1
(35,6), 0, 1
(35,7), 0, 1
(35,12), 0, 1
(35,16), 0, 1
(35,19), 0, 1
(35,40), 0, 1
(35,46), 0, 1
(35,56), 0, 1
(35,57), 0, 1
(35,62), 0, 1
(35,67), 0, 1
(35,68), 0, 1
(35,77), 0, 1
(37,0), 0, 1
(37,9), 0, 1
(37,13), 0, 1
(37,50), 0, 1
(37,59), 0, 1
(37,63), 0, 1
(37,79), 0, 1
(37,81), 0, 1
(37,91), 0, 1
(38,0), 0, 1
(38,9), 0, 1
(38,13), 0, 1
(38,50), 0, 1
(38,59), 0, 1
(38,63), 0, 1
(38,79), 0, 1
(38,91), 0, 1
(39,6), 0, 1
(39,7), 0, 1
(39,12), 0, 1
(39,16), 0, 1
(39,19), 0, 1
(39,40), 0, 1
(39,46), 0, 1
(39,52), 0, 1
(39,56), 0, 1
(39,57), 0, 1
(39,62), 0, 1
(39,67), 0, 1
(39,68), 0, 1
(39,77), 0, 1
(40,6), 0, 1
(40,7), 0, 1
(40,12), 0, 1
(40,16), 0, 1
(40,19), 0, 1
(40,29), 0, 1
(40,46), 0, 1
(40,56), 0, 1
(40,57), 0, 1
(40,62), 0, 1
(40,67), 0, 1
(40,68), 0, 1
(40,77), 0, 1
(41,0), 0, 1
(41,9), 0, 1
(41,13), 0, 1
(41,63), 0, 1
(41,79), 0, 1
(41,81), 0, 1
(42,6), 0, 1
(42,7), 0, 1
(42,12), 0, 1
(42,16), 0, 1
(42,19), 0, 1
(42,40), 0, 1
(42,46), 0, 1
(42,56), 0, 1
(42,57), 0, 1
(42,62), 0, 1
(42,67), 0, 1
(42,68), 0, 1
(43,0), 0, 1
(43,9), 0, 1
(43,13), 0, 1
(43,50), 0, 1
(43,63), 0, 1
(43,79), 0, 1
(43,91), 0, 1
(44,0), 0, 1
(44,9), 0, 1
(44,13), 0, 1
(44,50), 0, 1
(44,54), 0, 1
(44,63), 0, 1
(44,79), 0, 1
(44,81), 0, 1
(44,91), 0, 1
(45,6), 0, 1
(45,7), 0, 1
(45,12), 0, 1
(45,16), 0, 1
(45,19), 0, 1
(45,29), 0, 1
(45,40), 0, 1
(45,46), 0, 1
(45,56), 0, 1
(45,57), 0, 1
(45,62), 0, 1
(45,67), 0, 1
(45,68), 0, 1
(45,77), 0, 1
(46,0), 0, 1
(46,1), 0, 1
(46,4), 0, 1
(46,6), 0, 1
(46,7), 0, 1
(46,9), 0, 1
(46,11), 0, 1
(46,12), 0, 1
(46,14), 0, 1
(46,15), 0, 1
(46,16), 0, 1
(46,17), 0, 1
(46,18), 0, 1
(46,19), 0, 1
(46,22), 0, 1
(46,23), 0, 1
(46,25), 0, 1
(46,26), 0, 1
(46,28), 0, 1
(46,29), 0, 1
(46,34), 0, 1
(46,35), 0, 1
(46,36), 0, 1
(46,37), 0, 1
(46,38), 0, 1
(46,39), 0, 1
(46,41), 0, 1
(46,43), 0, 1
(46,45), 0, 1
(46,48), 0, 1
(46,49), 0, 1
(46,50), 0, 1
(46,51), 0, 1
(46,53), 0, 1
(46,55), 0, 1
(46,56), 0, 1
(46,57), 0, 1
(46,58), 0, 1
(46,60), 0, 1
(46,61), 0, 1
(46,62), 0, 1
(46,63), 0, 1
(46,64), 0, 1
(46,65), 0, 1
(46,66), 0, 1
(46,67), 0, 1
(46,68), 0, 1
(46,69), 0, 1
(46,70), 0, 1
(46,71), 0, 1
(46,73), 0, 1
(46,75), 0, 1
(46,76), 0, 1
(46,77), 0, 1
(46,78), 0, 1
(46,79), 0, 1
(46,81), 0, 1
(46,82), 0, 1
(46,84), 0, 1
(46,85), 0, 1
(46,86), 0, 1
(46,87), 0, 1
(46,88), 0, 1
(46,89), 0, 1
(46,90), 0, 1
(46,91), 0, 1
(46,93), 0, 1
(48,3), 0, 1
(48,6), 0, 1
(48,7), 0, 1
(48,12), 0, 1
(48,16), 0, 1
(48,19), 0, 1
(48,29), 0, 1
(48,40), 0, 1
(48,46), 0, 1
(48,56), 0, 1
(48,57), 0, 1
(48,62), 0, 1
(48,67), 0, 1
(48,68), 0, 1
(48,77), 0, 1
(49,6), 0, 1
(49,7), 0, 1
(49,12), 0, 1
(49,16), 0, 1
(49,29), 0, 1
(49,40), 0, 1
(49,46), 0, 1
(49,56), 0, 1
(49,57), 0, 1
(49,62), 0, 1
(49,67), 0, 1
(49,68), 0, 1
(49,77), 0, 1
(50,0), 0, 1
(50,1), 0, 1
(50,4), 0, 1
(50,6), 0, 1
(50,7), 0, 1
(50,9), 0, 1
(50,10), 0, 1
(50,11), 0, 1
(50,12), 0, 1
(50,14), 0, 1
(50,15), 0, 1
(50,16), 0, 1
(50,17), 0, 1
(50,18), 0, 1
(50,19), 0, 1
(50,22), 0, 1
(50,23), 0, 1
(50,24), 0, 1
(50,25), 0, 1
(50,26), 0, 1
(50,27), 0, 1
(50,28), 0, 1
(50,29), 0, 1
(50,31), 0, 1
(50,32), 0, 1
(50,33), 0, 1
(50,34), 0, 1
(50,35), 0, 1
(50,36), 0, 1
(50,37), 0, 1
(50,38), 0, 1
(50,39), 0, 1
(50,41), 0, 1
(50,43), 0, 1
(50,44), 0, 1
(50,45), 0, 1
(50,46), 0, 1
(50,48), 0, 1
(50,49), 0, 1
(50,51), 0, 1
(50,52), 0, 1
(50,53), 0, 1
(50,55), 0, 1
(50,56), 0, 1
(50,57), 0, 1
(50,58), 0, 1
(50,60), 0, 1
(50,61), 0, 1
(50,62), 0, 1
(50,63), 0, 1
(50,66), 0, 1
(50,67), 0, 1
(50,68), 0, 1
(50,69), 0, 1
(50,70), 0, 1
(50,71), 0, 1
(50,73), 0, 1
(50,75), 0, 1
(50,76), 0, 1
(50,77), 0, 1
(50,78), 0, 1
(50,79), 0, 1
(50,82), 0, 1
(50,84), 0, 1
(50,85), 0, 1
(50,86), 0, 1
(50,87), 0, 1
(50,89), 0, 1
(50,92), 0, 1
(50,93), 0, 1
(51,6), 0, 1
(51,7), 0, 1
(51,12), 0, 1
(51,19), 0, 1
(51,29), 0, 1
(51,40), 0, 1
(51,46), 0, 1
(51,56), 0, 1
(51,57), 0, 1
(51,62), 0, 1
(51,67), 0, 1
(51,68), 0, 1
(51,77), 0, 1
(52,0), 0, 1
(52,1), 0, 1
(52,4), 0, 1
(52,6), 0, 1
(52,7), 0, 1
(52,8), 0, 1
(52,9), 0, 1
(52,10), 0, 1
(52,11), 0, 1
(52,12), 0, 1
(52,13), 0, 1
(52,14), 0, 1
(52,15), 0, 1
(52,16), 0, 1
(52,17), 0, 1
(52,18), 0, 1
(52,19), 0, 1
(52,22), 0, 1
(52,23), 0, 1
(52,25), 0, 1
(52,26), 0, 1
(52,28), 0, 1
(52,29), 0, 1
(52,31), 0, 1
(52,33), 0, 1
(52,34), 0, 1
(52,36), 0, 1
(52,37), 0, 1
(52,38), 0, 1
(52,39), 0, 1
(52,40), 0, 1
(52,41), 0, 1
(52,43), 0, 1
(52,44), 0, 1
(52,45), 0, 1
(52,46), 0, 1
(52,47), 0, 1
(52,48), 0, 1
(52,49), 0, 1
(52,50), 0, 1
(52,53), 0, 1
(52,55), 0, 1
(52,56), 0, 1
(52,57), 0, 1
(52,58), 0, 1
(52,60), 0, 1
(52,61), 0, 1
(52,62), 0, 1
(52,63), 0, 1
(52,64), 0, 1
(52,65), 0, 1
(52,67), 0, 1
(52,69), 0, 1
(52,70), 0, 1
(52,71), 0, 1
(52,72), 0, 1
(52,73), 0, 1
(52,75), 0, 1
(52,76), 0, 1
(52,78), 0, 1
(52,79), 0, 1
(52,81), 0, 1
(52,82), 0, 1
(52,84), 0, 1
(52,85), 0, 1
(52,86), 0, 1
(52,87), 0, 1
(52,88), 0, 1
(52,89), 0, 1
(52,90), 0, 1
(52,91), 0, 1
(52,93), 0, 1
(53,7), 0, 1
(53,12), 0, 1
(53,16), 0, 1
(53,19), 0, 1
(53,29), 0, 1
(53,56), 0, 1
(53,57), 0, 1
(53,62), 0, 1
(53,67), 0, 1
(53,68), 0, 1
(53,77), 0, 1
(54,3), 0, 1
(54,6), 0, 1
(54,7), 0, 1
(54,12), 0, 1
(54,16), 0, 1
(54,19), 0, 1
(54,29), 0, 1
(54,40), 0, 1
(54,46), 0, 1
(54,56), 0, 1
(54,57), 0, 1
(54,62), 0, 1
(54,67), 0, 1
(54,68), 0, 1
(54,77), 0, 1
(54,80), 0, 1
(55,0), 0, 1
(55,9), 0, 1
(55,13), 0, 1
(55,50), 0, 1
(55,63), 0, 1
(55,79), 0, 1
(55,81), 0, 1
(55,91), 0, 1
(56,0), 0, 1
(56,4), 0, 1
(56,6), 0, 1
(56,7), 0, 1
(56,9), 0, 1
(56,10), 0, 1
(56,11), 0, 1
(56,12), 0, 1
(56,13), 0, 1
(56,15), 0, 1
(56,16), 0, 1
(56,17), 0, 1
(56,18), 0, 1
(56,19), 0, 1
(56,22), 0, 1
(56,23), 0, 1
(56,25), 0, 1
(56,26), 0, 1
(56,28), 0, 1
(56,29), 0, 1
(56,33), 0, 1
(56,34), 0, 1
(56,35), 0, 1
(56,36), 0, 1
(56,37), 0, 1
(56,38), 0, 1
(56,39), 0, 1
(56,43), 0, 1
(56,44), 0, 1
(56,45), 0, 1
(56,46), 0, 1
(56,48), 0, 1
(56,49), 0, 1
(56,51), 0, 1
(56,53), 0, 1
(56,55), 0, 1
(56,57), 0, 1
(56,58), 0, 1
(56,60), 0, 1
(56,61), 0, 1
(56,62), 0, 1
(56,63), 0, 1
(56,66), 0, 1
(56,67), 0, 1
(56,68), 0, 1
(56,69), 0, 1
(56,70), 0, 1
(56,71), 0, 1
(56,72), 0, 1
(56,73), 0, 1
(56,75), 0, 1
(56,76), 0, 1
(56,77), 0, 1
(56,78), 0, 1
(56,79), 0, 1
(56,81), 0, 1
(56,82), 0, 1
(56,84), 0, 1
(56,85), 0, 1
(56,86), 0, 1
(56,87), 0, 1
(56,88), 0, 1
(56,89), 0, 1
(56,90), 0, 1
(56,91), 0, 1
(56,92), 0, 1
(56,93), 0, 1
(57,0), 0, 1
(57,9), 0, 1
(57,13), 0, 1
(57,59), 0, 1
(57,63), 0, 1
(57,79), 0, 1
(57,91), 0, 1
(58,6), 0, 1
(58,7), 0, 1
(58,12), 0, 1
(58,19), 0, 1
(58,29), 0, 1
(58,40), 0, 1
(58,46), 0, 1
(58,56), 0, 1
(58,62), 0, 1
(58,67), 0, 1
(58,68), 0, 1
(58,77), 0, 1
(59,0), 0, 1
(59,1), 0, 1
(59,4), 0, 1
(59,5), 0, 1
(59,6), 0, 1
(59,7), 0, 1
(59,9), 0, 1
(59,10), 0, 1
(59,11), 0, 1
(59,12), 0, 1
(59,13), 0, 1
(59,15), 0, 1
(59,16), 0, 1
(59,17), 0, 1
(59,18), 0, 1
(59,19), 0, 1
(59,23), 0, 1
(59,25), 0, 1
(59,26), 0, 1
(59,28), 0, 1
(59,30), 0, 1
(59,31), 0, 1
(59,33), 0, 1
(59,34), 0, 1
(59,35), 0, 1
(59,36), 0, 1
(59,37), 0, 1
(59,38), 0, 1
(59,39), 0, 1
(59,41), 0, 1
(59,43), 0, 1
(59,44), 0, 1
(59,45), 0, 1
(59,46), 0, 1
(59,48), 0, 1
(59,49), 0, 1
(59,50), 0, 1
(59,51), 0, 1
(59,53), 0, 1
(59,55), 0, 1
(59,56), 0, 1
(59,57), 0, 1
(59,58), 0, 1
(59,60), 0, 1
(59,61), 0, 1
(59,63), 0, 1
(59,64), 0, 1
(59,67), 0, 1
(59,68), 0, 1
(59,69), 0, 1
(59,70), 0, 1
(59,71), 0, 1
(59,72), 0, 1
(59,73), 0, 1
(59,75), 0, 1
(59,76), 0, 1
(59,77), 0, 1
(59,79), 0, 1
(59,80), 0, 1
(59,81), 0, 1
(59,82), 0, 1
(59,84), 0, 1
(59,85), 0, 1
(59,86), 0, 1
(59,87), 0, 1
(59,88), 0, 1
(59,91), 0, 1
(59,93), 0, 1
(59,94), 0, 1
(61,6), 0, 1
(61,7), 0, 1
(61,12), 0, 1
(61,16), 0, 1
(61,19), 0, 1
(61,29), 0, 1
(61,46), 0, 1
(61,56), 0, 1
(61,57), 0, 1
(61,62), 0, 1
(61,67), 0, 1
(61,68), 0, 1
(61,77), 0, 1
(62,0), 0, 1
(62,9), 0, 1
(62,13), 0, 1
(62,50), 0, 1
(62,63), 0, 1
(62,79), 0, 1
(62,81), 0, 1
(62,91), 0, 1
(63,6), 0, 1
(63,7), 0, 1
(63,12), 0, 1
(63,16), 0, 1
(63,19), 0, 1
(63,40), 0, 1
(63,46), 0, 1
(63,56), 0, 1
(63,57), 0, 1
(63,62), 0, 1
(63,67), 0, 1
(63,68), 0, 1
(63,77), 0, 1
(65,0), 0, 1
(65,9), 0, 1
(65,13), 0, 1
(65,50), 0, 1
(65,59), 0, 1
(65,63), 0, 1
(65,79), 0, 1
(65,81), 0, 1
(65,91), 0, 1
(66,6), 0, 1
(66,7), 0, 1
(66,12), 0, 1
(66,16), 0, 1
(66,19), 0, 1
(66,29), 0, 1
(66,40), 0, 1
(66,56), 0, 1
(66,67), 0, 1
(66,68), 0, 1
(66,77), 0, 1
(66,80), 0, 1
(67,0), 0, 1
(67,9), 0, 1
(67,13), 0, 1
(67,63), 0, 1
(67,79), 0, 1
(67,81), 0, 1
(67,91), 0, 1
(68,0), 0, 1
(68,9), 0, 1
(68,13), 0, 1
(68,50), 0, 1
(68,59), 0, 1
(68,63), 0, 1
(68,81), 0, 1
(68,91), 0, 1
(69,6), 0, 1
(69,7), 0, 1
(69,12), 0, 1
(69,16), 0, 1
(69,19), 0, 1
(69,29), 0, 1
(69,40), 0, 1
(69,46), 0, 1
(69,56), 0, 1
(69,57), 0, 1
(69,62), 0, 1
(69,67), 0, 1
(69,68), 0, 1
(69,77), 0, 1
(69,80), 0, 1
(70,6), 0, 1
(70,7), 0, 1
(70,8), 0, 1
(70,12), 0, 1
(70,16), 0, 1
(70,29), 0, 1
(70,40), 0, 1
(70,42), 0, 1
(70,46), 0, 1
(70,56), 0, 1
(70,57), 0, 1
(70,62), 0, 1
(70,67), 0, 1
(70,68), 0, 1
(70,77), 0, 1
(71,0), 0, 1
(71,1), 0, 1
(71,4), 0, 1
(71,5), 0, 1
(71,6), 0, 1
(71,7), 0, 1
(71,9), 0, 1
(71,10), 0, 1
(71,11), 0, 1
(71,12), 0, 1
(71,13), 0, 1
(71,14), 0, 1
(71,15), 0, 1
(71,16), 0, 1
(71,17), 0, 1
(71,18), 0, 1
(71,19), 0, 1
(71,20), 0, 1
(71,22), 0, 1
(71,23), 0, 1
(71,24), 0, 1
(71,25), 0, 1
(71,26), 0, 1
(71,28), 0, 1
(71,29), 0, 1
(71,31), 0, 1
(71,32), 0, 1
(71,33), 0, 1
(71,35), 0, 1
(71,36), 0, 1
(71,37), 0, 1
(71,38), 0, 1
(71,39), 0, 1
(71,40), 0, 1
(71,43), 0, 1
(71,44), 0, 1
(71,45), 0, 1
(71,46), 0, 1
(71,48), 0, 1
(71,49), 0, 1
(71,50), 0, 1
(71,51), 0, 1
(71,52), 0, 1
(71,55), 0, 1
(71,56), 0, 1
(71,57), 0, 1
(71,58), 0, 1
(71,60), 0, 1
(71,61), 0, 1
(71,62), 0, 1
(71,63), 0, 1
(71,65), 0, 1
(71,66), 0, 1
(71,67), 0, 1
(71,68), 0, 1
(71,69), 0, 1
(71,70), 0, 1
(71,72), 0, 1
(71,73), 0, 1
(71,75), 0, 1
(71,77), 0, 1
(71,79), 0, 1
(71,82), 0, 1
(71,84), 0, 1
(71,85), 0, 1
(71,86), 0, 1
(71,87), 0, 1
(71,88), 0, 1
(71,89), 0, 1
(71,90), 0, 1
(71,91), 0, 1
(71,92), 0, 1
(71,93), 0, 1
(72,7), 0, 1
(72,12), 0, 1
(72,16), 0, 1
(72,19), 0, 1
(72,40), 0, 1
(72,46), 0, 1
(72,52), 0, 1
(72,56), 0, 1
(72,57), 0, 1
(72,62), 0, 1
(72,67), 0, 1
(72,68), 0, 1
(72,77), 0, 1
(73,6), 0, 1
(73,12), 0, 1
(73,16), 0, 1
(73,19), 0, 1
(73,29), 0, 1
(73,40), 0, 1
(73,46), 0, 1
(73,56), 0, 1
(73,57), 0, 1
(73,67), 0, 1
(73,68), 0, 1
(73,77), 0, 1
(75,0), 0, 1
(75,9), 0, 1
(75,13), 0, 1
(75,50), 0, 1
(75,63), 0, 1
(75,79), 0, 1
(75,81), 0, 1
(75,91), 0, 1
(76,0), 0, 1
(76,9), 0, 1
(76,13), 0, 1
(76,50), 0, 1
(76,63), 0, 1
(76,81), 0, 1
(76,91), 0, 1
(77,6), 0, 1
(77,7), 0, 1
(77,12), 0, 1
(77,16), 0, 1
(77,19), 0, 1
(77,29), 0, 1
(77,40), 0, 1
(77,46), 0, 1
(77,56), 0, 1
(77,57), 0, 1
(77,62), 0, 1
(77,67), 0, 1
(77,68), 0, 1
(78,0), 0, 1
(78,9), 0, 1
(78,13), 0, 1
(78,50), 0, 1
(78,63), 0, 1
(78,79), 0, 1
(78,83), 0, 1
(78,91), 0, 1
(80,0), 0, 1
(80,1), 0, 1
(80,4), 0, 1
(80,5), 0, 1
(80,6), 0, 1
(80,7), 0, 1
(80,9), 0, 1
(80,10), 0, 1
(80,11), 0, 1
(80,12), 0, 1
(80,13), 0, 1
(80,14), 0, 1
(80,15), 0, 1
(80,16), 0, 1
(80,17), 0, 1
(80,18), 0, 1
(80,19), 0, 1
(80,22), 0, 1
(80,23), 0, 1
(80,25), 0, 1
(80,26), 0, 1
(80,28), 0, 1
(80,29), 0, 1
(80,31), 0, 1
(80,33), 0, 1
(80,34), 0, 1
(80,35), 0, 1
(80,36), 0, 1
(80,37), 0, 1
(80,38), 0, 1
(80,39), 0, 1
(80,40), 0, 1
(80,41), 0, 1
(80,43), 0, 1
(80,44), 0, 1
(80,45), 0, 1
(80,46), 0, 1
(80,48), 0, 1
(80,49), 0, 1
(80,50), 0, 1
(80,51), 0, 1
(80,53), 0, 1
(80,55), 0, 1
(80,56), 0, 1
(80,57), 0, 1
(80,58), 0, 1
(80,60), 0, 1
(80,61), 0, 1
(80,62), 0, 1
(80,64), 0, 1
(80,67), 0, 1
(80,68), 0, 1
(80,69), 0, 1
(80,70), 0, 1
(80,71), 0, 1
(80,72), 0, 1
(80,73), 0, 1
(80,75), 0, 1
(80,76), 0, 1
(80,77), 0, 1
(80,78), 0, 1
(80,79), 0, 1
(80,81), 0, 1
(80,82), 0, 1
(80,84), 0, 1
(80,85), 0, 1
(80,86), 0, 1
(80,87), 0, 1
(80,89), 0, 1
(80,90), 0, 1
(80,91), 0, 1
(80,93), 0, 1
(81,6), 0, 1
(81,7), 0, 1
(81,12), 0, 1
(81,16), 0, 1
(81,19), 0, 1
(81,29), 0, 1
(81,40), 0, 1
(81,42), 0, 1
(81,46), 0, 1
(81,56), 0, 1
(81,57), 0, 1
(81,62), 0, 1
(81,67), 0, 1
(81,68), 0, 1
(81,77), 0, 1
(81,80), 0, 1
(83,0), 0, 1
(83,4), 0, 1
(83,7), 0, 1
(83,8), 0, 1
(83,10), 0, 1
(83,11), 0, 1
(83,12), 0, 1
(83,13), 0, 1
(83,15), 0, 1
(83,16), 0, 1
(83,17), 0, 1
(83,18), 0, 1
(83,19), 0, 1
(83,23), 0, 1
(83,25), 0, 1
(83,26), 0, 1
(83,28), 0, 1
(83,29), 0, 1
(83,31), 0, 1
(83,33), 0, 1
(83,35), 0, 1
(83,36), 0, 1
(83,37), 0, 1
(83,38), 0, 1
(83,39), 0, 1
(83,40), 0, 1
(83,43), 0, 1
(83,44), 0, 1
(83,45), 0, 1
(83,46), 0, 1
(83,48), 0, 1
(83,49), 0, 1
(83,50), 0, 1
(83,51), 0, 1
(83,53), 0, 1
(83,54), 0, 1
(83,55), 0, 1
(83,57), 0, 1
(83,58), 0, 1
(83,59), 0, 1
(83,60), 0, 1
(83,61), 0, 1
(83,62), 0, 1
(83,63), 0, 1
(83,65), 0, 1
(83,66), 0, 1
(83,67), 0, 1
(83,68), 0, 1
(83,69), 0, 1
(83,70), 0, 1
(83,72), 0, 1
(83,73), 0, 1
(83,75), 0, 1
(83,76), 0, 1
(83,77), 0, 1
(83,78), 0, 1
(83,79), 0, 1
(83,82), 0, 1
(83,84), 0, 1
(83,85), 0, 1
(83,86), 0, 1
(83,87), 0, 1
(83,88), 0, 1
(83,89), 0, 1
(83,90), 0, 1
(83,91), 0, 1
(83,92), 0, 1
(83,93), 0, 1
(84,6), 0, 1
(84,7), 0, 1
(84,12), 0, 1
(84,19), 0, 1
(84,40), 0, 1
(84,46), 0, 1
(84,56), 0, 1
(84,57), 0, 1
(84,62), 0, 1
(84,67), 0, 1
(84,80), 0, 1
(85,0), 0, 1
(85,9), 0, 1
(85,13), 0, 1
(85,50), 0, 1
(85,54), 0, 1
(85,63), 0, 1
(85,79), 0, 1
(85,81), 0, 1
(85,91), 0, 1
(87,6), 0, 1
(87,12), 0, 1
(87,16), 0, 1
(87,19), 0, 1
(87,29), 0, 1
(87,46), 0, 1
(87,52), 0, 1
(87,56), 0, 1
(87,57), 0, 1
(87,62), 0, 1
(87,67), 0, 1
(87,68), 0, 1
(87,77), 0, 1
(88,6), 0, 1
(88,7), 0, 1
(88,12), 0, 1
(88,16), 0, 1
(88,29), 0, 1
(88,40), 0, 1
(88,42), 0, 1
(88,46), 0, 1
(88,56), 0, 1
(88,57), 0, 1
(88,62), 0, 1
(88,67), 0, 1
(88,68), 0, 1
(88,77), 0, 1
(89,6), 0, 1
(89,7), 0, 1
(89,12), 0, 1
(89,16), 0, 1
(89,19), 0, 1
(89,29), 0, 1
(89,46), 0, 1
(89,56), 0, 1
(89,67), 0, 1
(89,68), 0, 1
(89,77), 0, 1
(90,6), 0, 1
(90,7), 0, 1
(90,12), 0, 1
(90,16), 0, 1
(90,29), 0, 1
(90,40), 0, 1
(90,46), 0, 1
(90,56), 0, 1
(90,57), 0, 1
(90,62), 0, 1
(90,67), 0, 1
(90,77), 0, 1
(91,7), 0, 1
(91,16), 0, 1
(91,46), 0, 1
(91,56), 0, 1
(91,57), 0, 1
(91,62), 0, 1
(91,67), 0, 1
(91,68), 0, 1
(91,77), 0, 1
(91,80), 0, 1
(92,6), 0, 1
(92,7), 0, 1
(92,12), 0, 1
(92,16), 0, 1
(92,19), 0, 1
(92,40), 0, 1
(92,46), 0, 1
(92,52), 0, 1
(92,56), 0, 1
(92,57), 0, 1
(92,62), 0, 1
(92,67), 0, 1
(92,68), 0, 1
(92,77), 0, 1
(93,6), 0, 1
(93,7), 0, 1
(93,8), 0, 1
(93,12), 0, 1
(93,16), 0, 1
(93,19), 0, 1
(93,29), 0, 1
(93,46), 0, 1
(93,56), 0, 1
(93,57), 0, 1
(93,62), 0, 1
(93,67), 0, 1
(93,77), 0, 1
(93,80), 0, 1
(94,6), 0, 1
(94,7), 0, 1
(94,12), 0, 1
(94,16), 0, 1
(94,19), 0, 1
(94,40), 0, 1
(94,46), 0, 1
(94,56), 0, 1
(94,57), 0, 1
(94,62), 0, 1
(94,67), 0, 1
(94,68), 0, 1
(94,77), 0, 1
(95,6), 0, 1
(95,7), 0, 1
(95,12), 0, 1
(95,16), 0, 1
(95,19), 0, 1
(95,40), 0, 1
(95,46), 0, 1
(95,56), 0, 1
(95,57), 0, 1
(95,62), 0, 1
(95,67), 0, 1
(95,68), 0, 1
(95,77), 0, 1
(97,6), 0, 1
(97,7), 0, 1
(97,12), 0, 1
(97,16), 0, 1
(97,19), 0, 1
(97,29), 0, 1
(97,40), 0, 1
(97,46), 0, 1
(97,56), 0, 1
(97,57), 0, 1
(97,62), 0, 1
(97,67), 0, 1
(97,68), 0, 1
(97,77), 0, 1
(98,6), 0, 1
(98,7), 0, 1
(98,12), 0, 1
(98,19), 0, 1
(98,29), 0, 1
(98,40), 0, 1
(98,46), 0, 1
(98,56), 0, 1
(98,57), 0, 1
(98,62), 0, 1
(98,67), 0, 1
(98,68), 0, 1
(98,77), 0, 1
(99,1), 0, 1
(99,4), 0, 1
(99,6), 0, 1
(99,7), 0, 1
(99,9), 0, 1
(99,10), 0, 1
(99,12), 0, 1
(99,13), 0, 1
(99,15), 0, 1
(99,16), 0, 1
(99,17), 0, 1
(99,18), 0, 1
(99,19), 0, 1
(99,22), 0, 1
(99,23), 0, 1
(99,25), 0, 1
(99,26), 0, 1
(99,28), 0, 1
(99,29), 0, 1
(99,30), 0, 1
(99,31), 0, 1
(99,33), 0, 1
(99,34), 0, 1
(99,35), 0, 1
(99,36), 0, 1
(99,37), 0, 1
(99,38), 0, 1
(99,39), 0, 1
(99,40), 0, 1
(99,41), 0, 1
(99,43), 0, 1
(99,44), 0, 1
(99,45), 0, 1
(99,46), 0, 1
(99,48), 0, 1
(99,49), 0, 1
(99,51), 0, 1
(99,53), 0, 1
(99,54), 0, 1
(99,55), 0, 1
(99,56), 0, 1
(99,57), 0, 1
(99,58), 0, 1
(99,60), 0, 1
(99,61), 0, 1
(99,62), 0, 1
(99,63), 0, 1
(99,65), 0, 1
(99,66), 0, 1
(99,67), 0, 1
(99,68), 0, 1
(99,69), 0, 1
(99,70), 0, 1
(99,71), 0, 1
(99,72), 0, 1
(99,73), 0, 1
(99,75), 0, 1
(99,76), 0, 1
(99,77), 0, 1
(99,78), 0, 1
(99,79), 0, 1
(99,81), 0, 1
(99,82), 0, 1
(99,84), 0, 1
(99,85), 0, 1
(99,86), 0, 1
(99,87), 0, 1
(99,88), 0, 1
(99,89), 0, 1
(99,90), 0, 1
(99,91), 0, 1
(99,93), 0, 1
