Nr_Pairs = 94
Nr_NDD = 6
Nr_Arcs = 2108
0	0.5
1	0.5
2	0.90
3	0.5
4	0.5
5	0.28
6	0.92
7	0.5
8	0.5
9	0.90
10	0.90
11	0.28
12	0.28
13	0.10
14	0.5
15	0.90
16	0.5
17	0.5
18	0.5
19	0.5
20	0.28
21	0.5
22	0.5
23	0.28
24	0.5
25	0.28
26	0.90
27	0.5
28	0.5
29	0.10
30	0.28
31	0.5
32	0.5
33	0.5
34	0.90
35	0.5
36	0.5
37	0.5
38	0.10
39	0.10
40	0.32
41	0.5
42	0.10
43	0.90
44	0.90
45	0.28
46	0.5
47	0.5
48	0.5
49	0.5
50	0.90
51	0.5
52	0.28
53	0.5
54	0.5
55	0.5
56	0.5
57	0.10
58	0.10
59	0.10
60	0.5
61	0.90
62	0.90
63	0.10
64	0.5
65	0.28
66	0.28
67	0.5
68	0.5
69	0.10
70	0.10
71	0.5
72	0.5
73	0.32
74	0.10
75	0.5
76	0.5
77	0.10
78	0.5
79	0.90
80	0.10
81	0.10
82	0.5
83	0.5
84	0.5
85	0.5
86	0.5
87	0.5
88	0.5
89	0.5
90	0.5
91	0.92
92	0.5
93	0.28
94	0.0
95	0.0
96	0.0
97	0.0
98	0.0
99	0.0
(0,4), 0, 1
(0,7), 0, 1
(0,22), 0, 1
(0,29), 0, 1
(0,30), 0, 1
(0,32), 0, 1
(0,35), 0, 1
(0,86), 0, 1
(1,33), 0, 1
(2,11), 0, 1
(2,12), 0, 1
(2,17), 0, 1
(2,23), 0, 1
(2,33), 0, 1
(2,39), 0, 1
(2,47), 0, 1
(2,48), 0, 1
(2,51), 0, 1
(2,53), 0, 1
(2,60), 0, 1
(2,74), 0, 1
(2,78), 0, 1
(2,83), 0, 1
(2,84), 0, 1
(2,92), 0, 1
(3,5), 0, 1
(3,11), 0, 1
(3,12), 0, 1
(3,17), 0, 1
(3,23), 0, 1
(3,33), 0, 1
(3,39), 0, 1
(3,47), 0, 1
(3,48), 0, 1
(3,53), 0, 1
(3,60), 0, 1
(3,70), 0, 1
(3,74), 0, 1
(3,78), 0, 1
(3,83), 0, 1
(3,84), 0, 1
(3,92), 0, 1
(4,5), 0, 1
(4,11), 0, 1
(4,12), 0, 1
(4,17), 0, 1
(4,23), 0, 1
(4,34), 0, 1
(4,47), 0, 1
(4,48), 0, 1
(4,51), 0, 1
(4,53), 0, 1
(4,60), 0, 1
(4,70), 0, 1
(4,73), 0, 1
(4,74), 0, 1
(4,78), 0, 1
(4,83), 0, 1
(4,84), 0, 1
(4,92), 0, 1
(5,12), 0, 1
(5,17), 0, 1
(5,33), 0, 1
(5,39), 0, 1
(5,45), 0, 1
(5,47), 0, 1
(5,48), 0, 1
(5,51), 0, 1
(5,53), 0, 1
(5,60), 0, 1
(5,70), 0, 1
(5,74), 0, 1
(5,78), 0, 1
(5,83), 0, 1
(5,84), 0, 1
(5,92), 0, 1
(6,0), 0, 1
(6,1), 0, 1
(6,3), 0, 1
(6,5), 0, 1
(6,7), 0, 1
(6,8), 0, 1
(6,11), 0, 1
(6,12), 0, 1
(6,13), 0, 1
(6,14), 0, 1
(6,16), 0, 1
(6,17), 0, 1
(6,18), 0, 1
(6,19), 0, 1
(6,20), 0, 1
(6,21), 0, 1
(6,22), 0, 1
(6,23), 0, 1
(6,24), 0, 1
(6,25), 0, 1
(6,27), 0, 1
(6,28), 0, 1
(6,29), 0, 1
(6,30), 0, 1
(6,31), 0, 1
(6,32), 0, 1
(6,33), 0, 1
(6,35), 0, 1
(6,36), 0, 1
(6,37), 0, 1
(6,38), 0, 1
(6,39), 0, 1
(6,40), 0, 1
(6,41), 0, 1
(6,42), 0, 1
(6,45), 0, 1
(6,46), 0, 1
(6,47), 0, 1
(6,48), 0, 1
(6,49), 0, 1
(6,51), 0, 1
(6,52), 0, 1
(6,53), 0, 1
(6,54), 0, 1
(6,55), 0, 1
(6,56), 0, 1
(6,57), 0, 1
(6,60), 0, 1
(6,63), 0, 1
(6,64), 0, 1
(6,65), 0, 1
(6,66), 0, 1
(6,67), 0, 1
(6,68), 0, 1
(6,69), 0, 1
(6,70), 0, 1
(6,71), 0, 1
(6,72), 0, 1
(6,75), 0, 1
(6,76), 0, 1
(6,77), 0, 1
(6,78), 0, 1
(6,80), 0, 1
(6,81), 0, 1
(6,82), 0, 1
(6,83), 0, 1
(6,84), 0, 1
(6,86), 0, 1
(6,87), 0, 1
(6,88), 0, 1
(6,89), 0, 1
(6,90), 0, 1
(6,92), 0, 1
(7,4), 0, 1
(7,20), 0, 1
(7,22), 0, 1
(7,29), 0, 1
(7,30), 0, 1
(7,32), 0, 1
(7,33), 0, 1
(7,35), 0, 1
(8,4), 0, 1
(8,7), 0, 1
(8,20), 0, 1
(8,22), 0, 1
(8,30), 0, 1
(8,32), 0, 1
(8,33), 0, 1
(8,35), 0, 1
(8,62), 0, 1
(8,86), 0, 1
(9,1), 0, 1
(9,3), 0, 1
(9,4), 0, 1
(9,5), 0, 1
(9,7), 0, 1
(9,8), 0, 1
(9,12), 0, 1
(9,13), 0, 1
(9,14), 0, 1
(9,16), 0, 1
(9,17), 0, 1
(9,18), 0, 1
(9,19), 0, 1
(9,20), 0, 1
(9,21), 0, 1
(9,22), 0, 1
(9,24), 0, 1
(9,25), 0, 1
(9,27), 0, 1
(9,28), 0, 1
(9,29), 0, 1
(9,31), 0, 1
(9,32), 0, 1
(9,33), 0, 1
(9,35), 0, 1
(9,36), 0, 1
(9,37), 0, 1
(9,38), 0, 1
(9,39), 0, 1
(9,41), 0, 1
(9,47), 0, 1
(9,48), 0, 1
(9,49), 0, 1
(9,50), 0, 1
(9,51), 0, 1
(9,53), 0, 1
(9,54), 0, 1
(9,55), 0, 1
(9,56), 0, 1
(9,57), 0, 1
(9,59), 0, 1
(9,60), 0, 1
(9,63), 0, 1
(9,64), 0, 1
(9,66), 0, 1
(9,67), 0, 1
(9,68), 0, 1
(9,70), 0, 1
(9,71), 0, 1
(9,72), 0, 1
(9,73), 0, 1
(9,75), 0, 1
(9,76), 0, 1
(9,77), 0, 1
(9,78), 0, 1
(9,80), 0, 1
(9,82), 0, 1
(9,83), 0, 1
(9,84), 0, 1
(9,85), 0, 1
(9,86), 0, 1
(9,87), 0, 1
(9,89), 0, 1
(9,90), 0, 1
(9,93), 0, 1
(10,7), 0, 1
(10,20), 0, 1
(10,22), 0, 1
(10,29), 0, 1
(10,32), 0, 1
(10,33), 0, 1
(10,35), 0, 1
(10,86), 0, 1
(11,0), 0, 1
(11,1), 0, 1
(11,3), 0, 1
(11,4), 0, 1
(11,7), 0, 1
(11,8), 0, 1
(11,12), 0, 1
(11,13), 0, 1
(11,14), 0, 1
(11,16), 0, 1
(11,17), 0, 1
(11,18), 0, 1
(11,19), 0, 1
(11,21), 0, 1
(11,24), 0, 1
(11,25), 0, 1
(11,27), 0, 1
(11,28), 0, 1
(11,29), 0, 1
(11,31), 0, 1
(11,32), 0, 1
(11,33), 0, 1
(11,35), 0, 1
(11,36), 0, 1
(11,37), 0, 1
(11,38), 0, 1
(11,39), 0, 1
(11,40), 0, 1
(11,41), 0, 1
(11,42), 0, 1
(11,44), 0, 1
(11,45), 0, 1
(11,46), 0, 1
(11,47), 0, 1
(11,48), 0, 1
(11,49), 0, 1
(11,52), 0, 1
(11,53), 0, 1
(11,54), 0, 1
(11,55), 0, 1
(11,56), 0, 1
(11,57), 0, 1
(11,58), 0, 1
(11,59), 0, 1
(11,60), 0, 1
(11,63), 0, 1
(11,64), 0, 1
(11,65), 0, 1
(11,66), 0, 1
(11,67), 0, 1
(11,68), 0, 1
(11,69), 0, 1
(11,70), 0, 1
(11,71), 0, 1
(11,72), 0, 1
(11,73), 0, 1
(11,74), 0, 1
(11,75), 0, 1
(11,76), 0, 1
(11,77), 0, 1
(11,78), 0, 1
(11,80), 0, 1
(11,81), 0, 1
(11,82), 0, 1
(11,83), 0, 1
(11,84), 0, 1
(11,85), 0, 1
(11,86), 0, 1
(11,87), 0, 1
(11,88), 0, 1
(11,89), 0, 1
(11,92), 0, 1
(12,5), 0, 1
(12,17), 0, 1
(12,23), 0, 1
(12,33), 0, 1
(12,34), 0, 1
(12,39), 0, 1
(12,45), 0, 1
(12,47), 0, 1
(12,48), 0, 1
(12,51), 0, 1
(12,53), 0, 1
(12,60), 0, 1
(12,70), 0, 1
(12,73), 0, 1
(12,74), 0, 1
(12,78), 0, 1
(12,83), 0, 1
(12,84), 0, 1
(12,92), 0, 1
(13,5), 0, 1
(13,11), 0, 1
(13,12), 0, 1
(13,17), 0, 1
(13,23), 0, 1
(13,33), 0, 1
(13,39), 0, 1
(13,45), 0, 1
(13,47), 0, 1
(13,48), 0, 1
(13,51), 0, 1
(13,53), 0, 1
(13,60), 0, 1
(13,70), 0, 1
(13,73), 0, 1
(13,74), 0, 1
(13,78), 0, 1
(13,83), 0, 1
(13,84), 0, 1
(13,92), 0, 1
(14,4), 0, 1
(14,7), 0, 1
(14,20), 0, 1
(14,22), 0, 1
(14,29), 0, 1
(14,30), 0, 1
(14,32), 0, 1
(14,33), 0, 1
(14,35), 0, 1
(14,62), 0, 1
(14,86), 0, 1
(15,4), 0, 1
(15,7), 0, 1
(15,22), 0, 1
(15,29), 0, 1
(15,30), 0, 1
(15,32), 0, 1
(15,33), 0, 1
(15,35), 0, 1
(16,4), 0, 1
(16,7), 0, 1
(16,20), 0, 1
(16,22), 0, 1
(16,29), 0, 1
(16,30), 0, 1
(16,32), 0, 1
(16,33), 0, 1
(16,35), 0, 1
(16,86), 0, 1
(17,4), 0, 1
(17,7), 0, 1
(17,22), 0, 1
(17,29), 0, 1
(17,32), 0, 1
(17,33), 0, 1
(17,35), 0, 1
(18,7), 0, 1
(18,20), 0, 1
(18,22), 0, 1
(18,29), 0, 1
(18,30), 0, 1
(18,32), 0, 1
(18,33), 0, 1
(18,35), 0, 1
(18,86), 0, 1
(19,5), 0, 1
(19,12), 0, 1
(19,17), 0, 1
(19,23), 0, 1
(19,33), 0, 1
(19,39), 0, 1
(19,45), 0, 1
(19,47), 0, 1
(19,48), 0, 1
(19,51), 0, 1
(19,53), 0, 1
(19,60), 0, 1
(19,70), 0, 1
(19,73), 0, 1
(19,74), 0, 1
(19,78), 0, 1
(19,83), 0, 1
(19,84), 0, 1
(19,92), 0, 1
(20,11), 0, 1
(20,17), 0, 1
(20,23), 0, 1
(20,33), 0, 1
(20,39), 0, 1
(20,47), 0, 1
(20,48), 0, 1
(20,51), 0, 1
(20,53), 0, 1
(20,60), 0, 1
(20,70), 0, 1
(20,73), 0, 1
(20,74), 0, 1
(20,78), 0, 1
(20,83), 0, 1
(20,84), 0, 1
(20,91), 0, 1
(20,92), 0, 1
(21,5), 0, 1
(21,11), 0, 1
(21,17), 0, 1
(21,33), 0, 1
(21,39), 0, 1
(21,47), 0, 1
(21,48), 0, 1
(21,53), 0, 1
(21,70), 0, 1
(21,78), 0, 1
(21,83), 0, 1
(21,92), 0, 1
(22,5), 0, 1
(22,12), 0, 1
(22,17), 0, 1
(22,33), 0, 1
(22,39), 0, 1
(22,45), 0, 1
(22,47), 0, 1
(22,51), 0, 1
(22,53), 0, 1
(22,60), 0, 1
(22,70), 0, 1
(22,73), 0, 1
(22,74), 0, 1
(22,78), 0, 1
(22,83), 0, 1
(22,84), 0, 1
(22,92), 0, 1
(23,33), 0, 1
(25,0), 0, 1
(25,1), 0, 1
(25,3), 0, 1
(25,4), 0, 1
(25,5), 0, 1
(25,7), 0, 1
(25,8), 0, 1
(25,12), 0, 1
(25,13), 0, 1
(25,14), 0, 1
(25,16), 0, 1
(25,17), 0, 1
(25,18), 0, 1
(25,19), 0, 1
(25,20), 0, 1
(25,21), 0, 1
(25,22), 0, 1
(25,24), 0, 1
(25,27), 0, 1
(25,28), 0, 1
(25,29), 0, 1
(25,30), 0, 1
(25,31), 0, 1
(25,32), 0, 1
(25,33), 0, 1
(25,36), 0, 1
(25,37), 0, 1
(25,38), 0, 1
(25,39), 0, 1
(25,41), 0, 1
(25,42), 0, 1
(25,45), 0, 1
(25,46), 0, 1
(25,47), 0, 1
(25,48), 0, 1
(25,49), 0, 1
(25,51), 0, 1
(25,52), 0, 1
(25,53), 0, 1
(25,54), 0, 1
(25,55), 0, 1
(25,56), 0, 1
(25,57), 0, 1
(25,58), 0, 1
(25,59), 0, 1
(25,60), 0, 1
(25,62), 0, 1
(25,63), 0, 1
(25,64), 0, 1
(25,66), 0, 1
(25,67), 0, 1
(25,68), 0, 1
(25,69), 0, 1
(25,70), 0, 1
(25,71), 0, 1
(25,72), 0, 1
(25,73), 0, 1
(25,75), 0, 1
(25,76), 0, 1
(25,77), 0, 1
(25,78), 0, 1
(25,80), 0, 1
(25,81), 0, 1
(25,82), 0, 1
(25,83), 0, 1
(25,84), 0, 1
(25,85), 0, 1
(25,86), 0, 1
(25,87), 0, 1
(25,88), 0, 1
(25,89), 0, 1
(25,90), 0, 1
(25,92), 0, 1
(26,4), 0, 1
(26,7), 0, 1
(26,20), 0, 1
(26,22), 0, 1
(26,29), 0, 1
(26,32), 0, 1
(26,33), 0, 1
(26,35), 0, 1
(26,86), 0, 1
(27,5), 0, 1
(27,11), 0, 1
(27,12), 0, 1
(27,17), 0, 1
(27,23), 0, 1
(27,33), 0, 1
(27,39), 0, 1
(27,45), 0, 1
(27,48), 0, 1
(27,51), 0, 1
(27,53), 0, 1
(27,60), 0, 1
(27,70), 0, 1
(27,73), 0, 1
(27,78), 0, 1
(27,83), 0, 1
(27,84), 0, 1
(27,92), 0, 1
(28,11), 0, 1
(28,17), 0, 1
(28,23), 0, 1
(28,33), 0, 1
(28,39), 0, 1
(28,47), 0, 1
(28,48), 0, 1
(28,51), 0, 1
(28,53), 0, 1
(28,60), 0, 1
(28,70), 0, 1
(28,73), 0, 1
(28,74), 0, 1
(28,83), 0, 1
(28,84), 0, 1
(28,92), 0, 1
(29,33), 0, 1
(30,0), 0, 1
(30,1), 0, 1
(30,3), 0, 1
(30,4), 0, 1
(30,5), 0, 1
(30,8), 0, 1
(30,11), 0, 1
(30,13), 0, 1
(30,14), 0, 1
(30,16), 0, 1
(30,17), 0, 1
(30,18), 0, 1
(30,19), 0, 1
(30,20), 0, 1
(30,22), 0, 1
(30,24), 0, 1
(30,25), 0, 1
(30,27), 0, 1
(30,29), 0, 1
(30,31), 0, 1
(30,32), 0, 1
(30,33), 0, 1
(30,35), 0, 1
(30,36), 0, 1
(30,37), 0, 1
(30,38), 0, 1
(30,39), 0, 1
(30,40), 0, 1
(30,41), 0, 1
(30,42), 0, 1
(30,45), 0, 1
(30,46), 0, 1
(30,47), 0, 1
(30,48), 0, 1
(30,49), 0, 1
(30,51), 0, 1
(30,52), 0, 1
(30,53), 0, 1
(30,54), 0, 1
(30,55), 0, 1
(30,56), 0, 1
(30,57), 0, 1
(30,59), 0, 1
(30,60), 0, 1
(30,63), 0, 1
(30,64), 0, 1
(30,65), 0, 1
(30,67), 0, 1
(30,68), 0, 1
(30,69), 0, 1
(30,70), 0, 1
(30,72), 0, 1
(30,74), 0, 1
(30,75), 0, 1
(30,76), 0, 1
(30,77), 0, 1
(30,78), 0, 1
(30,80), 0, 1
(30,81), 0, 1
(30,82), 0, 1
(30,83), 0, 1
(30,84), 0, 1
(30,85), 0, 1
(30,86), 0, 1
(30,87), 0, 1
(30,88), 0, 1
(30,89), 0, 1
(30,90), 0, 1
(30,92), 0, 1
(31,33), 0, 1
(32,2), 0, 1
(32,5), 0, 1
(32,11), 0, 1
(32,12), 0, 1
(32,17), 0, 1
(32,23), 0, 1
(32,33), 0, 1
(32,39), 0, 1
(32,45), 0, 1
(32,48), 0, 1
(32,51), 0, 1
(32,53), 0, 1
(32,60), 0, 1
(32,70), 0, 1
(32,73), 0, 1
(32,74), 0, 1
(32,78), 0, 1
(32,83), 0, 1
(32,92), 0, 1
(33,5), 0, 1
(33,11), 0, 1
(33,12), 0, 1
(33,17), 0, 1
(33,23), 0, 1
(33,34), 0, 1
(33,45), 0, 1
(33,47), 0, 1
(33,48), 0, 1
(33,51), 0, 1
(33,53), 0, 1
(33,60), 0, 1
(33,74), 0, 1
(33,78), 0, 1
(33,84), 0, 1
(33,92), 0, 1
(34,5), 0, 1
(34,11), 0, 1
(34,12), 0, 1
(34,17), 0, 1
(34,23), 0, 1
(34,33), 0, 1
(34,39), 0, 1
(34,43), 0, 1
(34,47), 0, 1
(34,48), 0, 1
(34,51), 0, 1
(34,53), 0, 1
(34,70), 0, 1
(34,74), 0, 1
(34,78), 0, 1
(34,83), 0, 1
(34,84), 0, 1
(34,92), 0, 1
(35,5), 0, 1
(35,11), 0, 1
(35,12), 0, 1
(35,17), 0, 1
(35,23), 0, 1
(35,33), 0, 1
(35,39), 0, 1
(35,45), 0, 1
(35,47), 0, 1
(35,48), 0, 1
(35,51), 0, 1
(35,53), 0, 1
(35,60), 0, 1
(35,70), 0, 1
(35,74), 0, 1
(35,78), 0, 1
(35,83), 0, 1
(35,84), 0, 1
(35,92), 0, 1
(36,11), 0, 1
(36,12), 0, 1
(36,17), 0, 1
(36,33), 0, 1
(36,39), 0, 1
(36,45), 0, 1
(36,47), 0, 1
(36,48), 0, 1
(36,51), 0, 1
(36,53), 0, 1
(36,60), 0, 1
(36,70), 0, 1
(36,73), 0, 1
(36,74), 0, 1
(36,78), 0, 1
(36,84), 0, 1
(36,92), 0, 1
(37,4), 0, 1
(37,7), 0, 1
(37,22), 0, 1
(37,29), 0, 1
(37,32), 0, 1
(37,33), 0, 1
(37,35), 0, 1
(37,86), 0, 1
(38,33), 0, 1
(39,12), 0, 1
(39,17), 0, 1
(39,23), 0, 1
(39,33), 0, 1
(39,45), 0, 1
(39,47), 0, 1
(39,48), 0, 1
(39,51), 0, 1
(39,53), 0, 1
(39,60), 0, 1
(39,70), 0, 1
(39,73), 0, 1
(39,74), 0, 1
(39,78), 0, 1
(39,83), 0, 1
(39,84), 0, 1
(39,92), 0, 1
(40,5), 0, 1
(40,12), 0, 1
(40,17), 0, 1
(40,23), 0, 1
(40,33), 0, 1
(40,39), 0, 1
(40,45), 0, 1
(40,47), 0, 1
(40,48), 0, 1
(40,51), 0, 1
(40,53), 0, 1
(40,60), 0, 1
(40,70), 0, 1
(40,73), 0, 1
(40,74), 0, 1
(40,78), 0, 1
(40,83), 0, 1
(40,84), 0, 1
(40,92), 0, 1
(41,4), 0, 1
(41,7), 0, 1
(41,20), 0, 1
(41,22), 0, 1
(41,29), 0, 1
(41,32), 0, 1
(41,33), 0, 1
(41,35), 0, 1
(41,86), 0, 1
(42,1), 0, 1
(42,3), 0, 1
(42,4), 0, 1
(42,5), 0, 1
(42,7), 0, 1
(42,8), 0, 1
(42,11), 0, 1
(42,12), 0, 1
(42,13), 0, 1
(42,14), 0, 1
(42,16), 0, 1
(42,17), 0, 1
(42,18), 0, 1
(42,19), 0, 1
(42,20), 0, 1
(42,21), 0, 1
(42,22), 0, 1
(42,24), 0, 1
(42,25), 0, 1
(42,26), 0, 1
(42,27), 0, 1
(42,28), 0, 1
(42,29), 0, 1
(42,30), 0, 1
(42,31), 0, 1
(42,32), 0, 1
(42,33), 0, 1
(42,35), 0, 1
(42,36), 0, 1
(42,37), 0, 1
(42,38), 0, 1
(42,39), 0, 1
(42,45), 0, 1
(42,46), 0, 1
(42,47), 0, 1
(42,48), 0, 1
(42,49), 0, 1
(42,51), 0, 1
(42,52), 0, 1
(42,53), 0, 1
(42,54), 0, 1
(42,55), 0, 1
(42,56), 0, 1
(42,57), 0, 1
(42,58), 0, 1
(42,59), 0, 1
(42,60), 0, 1
(42,63), 0, 1
(42,64), 0, 1
(42,65), 0, 1
(42,66), 0, 1
(42,67), 0, 1
(42,69), 0, 1
(42,70), 0, 1
(42,71), 0, 1
(42,74), 0, 1
(42,75), 0, 1
(42,76), 0, 1
(42,77), 0, 1
(42,78), 0, 1
(42,80), 0, 1
(42,81), 0, 1
(42,82), 0, 1
(42,83), 0, 1
(42,84), 0, 1
(42,86), 0, 1
(42,87), 0, 1
(42,88), 0, 1
(42,89), 0, 1
(42,90), 0, 1
(42,91), 0, 1
(42,92), 0, 1
(42,93), 0, 1
(43,0), 0, 1
(43,1), 0, 1
(43,3), 0, 1
(43,4), 0, 1
(43,5), 0, 1
(43,7), 0, 1
(43,8), 0, 1
(43,11), 0, 1
(43,12), 0, 1
(43,13), 0, 1
(43,14), 0, 1
(43,16), 0, 1
(43,17), 0, 1
(43,19), 0, 1
(43,20), 0, 1
(43,21), 0, 1
(43,22), 0, 1
(43,24), 0, 1
(43,25), 0, 1
(43,27), 0, 1
(43,28), 0, 1
(43,29), 0, 1
(43,30), 0, 1
(43,31), 0, 1
(43,32), 0, 1
(43,35), 0, 1
(43,36), 0, 1
(43,37), 0, 1
(43,40), 0, 1
(43,41), 0, 1
(43,42), 0, 1
(43,45), 0, 1
(43,46), 0, 1
(43,48), 0, 1
(43,49), 0, 1
(43,51), 0, 1
(43,52), 0, 1
(43,54), 0, 1
(43,55), 0, 1
(43,56), 0, 1
(43,57), 0, 1
(43,58), 0, 1
(43,59), 0, 1
(43,60), 0, 1
(43,61), 0, 1
(43,63), 0, 1
(43,64), 0, 1
(43,65), 0, 1
(43,66), 0, 1
(43,67), 0, 1
(43,68), 0, 1
(43,69), 0, 1
(43,70), 0, 1
(43,73), 0, 1
(43,74), 0, 1
(43,75), 0, 1
(43,76), 0, 1
(43,77), 0, 1
(43,78), 0, 1
(43,80), 0, 1
(43,81), 0, 1
(43,82), 0, 1
(43,83), 0, 1
(43,84), 0, 1
(43,86), 0, 1
(43,87), 0, 1
(43,88), 0, 1
(43,89), 0, 1
(43,90), 0, 1
(43,92), 0, 1
(43,93), 0, 1
(44,11), 0, 1
(44,17), 0, 1
(44,23), 0, 1
(44,39), 0, 1
(44,43), 0, 1
(44,47), 0, 1
(44,48), 0, 1
(44,51), 0, 1
(44,53), 0, 1
(44,60), 0, 1
(44,73), 0, 1
(44,74), 0, 1
(44,78), 0, 1
(44,83), 0, 1
(44,92), 0, 1
(45,4), 0, 1
(45,7), 0, 1
(45,20), 0, 1
(45,22), 0, 1
(45,29), 0, 1
(45,30), 0, 1
(45,32), 0, 1
(45,33), 0, 1
(45,35), 0, 1
(45,86), 0, 1
(46,5), 0, 1
(46,12), 0, 1
(46,17), 0, 1
(46,23), 0, 1
(46,33), 0, 1
(46,39), 0, 1
(46,47), 0, 1
(46,48), 0, 1
(46,51), 0, 1
(46,53), 0, 1
(46,60), 0, 1
(46,70), 0, 1
(46,74), 0, 1
(46,78), 0, 1
(46,84), 0, 1
(46,92), 0, 1
(47,4), 0, 1
(47,7), 0, 1
(47,20), 0, 1
(47,22), 0, 1
(47,29), 0, 1
(47,32), 0, 1
(47,33), 0, 1
(47,35), 0, 1
(47,86), 0, 1
(48,33), 0, 1
(49,11), 0, 1
(49,12), 0, 1
(49,17), 0, 1
(49,33), 0, 1
(49,39), 0, 1
(49,45), 0, 1
(49,47), 0, 1
(49,48), 0, 1
(49,51), 0, 1
(49,53), 0, 1
(49,60), 0, 1
(49,70), 0, 1
(49,74), 0, 1
(49,78), 0, 1
(49,83), 0, 1
(49,84), 0, 1
(49,91), 0, 1
(49,92), 0, 1
(50,5), 0, 1
(50,10), 0, 1
(50,11), 0, 1
(50,17), 0, 1
(50,23), 0, 1
(50,33), 0, 1
(50,39), 0, 1
(50,43), 0, 1
(50,45), 0, 1
(50,47), 0, 1
(50,48), 0, 1
(50,51), 0, 1
(50,53), 0, 1
(50,60), 0, 1
(50,70), 0, 1
(50,73), 0, 1
(50,74), 0, 1
(50,78), 0, 1
(50,83), 0, 1
(50,84), 0, 1
(50,92), 0, 1
(51,4), 0, 1
(51,7), 0, 1
(51,20), 0, 1
(51,22), 0, 1
(51,29), 0, 1
(51,30), 0, 1
(51,32), 0, 1
(51,33), 0, 1
(51,35), 0, 1
(51,86), 0, 1
(52,11), 0, 1
(52,12), 0, 1
(52,17), 0, 1
(52,23), 0, 1
(52,33), 0, 1
(52,39), 0, 1
(52,45), 0, 1
(52,47), 0, 1
(52,48), 0, 1
(52,51), 0, 1
(52,53), 0, 1
(52,60), 0, 1
(52,70), 0, 1
(52,73), 0, 1
(52,74), 0, 1
(52,78), 0, 1
(52,83), 0, 1
(52,84), 0, 1
(52,92), 0, 1
(53,4), 0, 1
(53,7), 0, 1
(53,20), 0, 1
(53,22), 0, 1
(53,29), 0, 1
(53,30), 0, 1
(53,33), 0, 1
(53,35), 0, 1
(53,86), 0, 1
(54,33), 0, 1
(55,4), 0, 1
(55,7), 0, 1
(55,22), 0, 1
(55,29), 0, 1
(55,32), 0, 1
(55,33), 0, 1
(55,35), 0, 1
(55,62), 0, 1
(55,86), 0, 1
(56,5), 0, 1
(56,11), 0, 1
(56,12), 0, 1
(56,17), 0, 1
(56,23), 0, 1
(56,33), 0, 1
(56,39), 0, 1
(56,45), 0, 1
(56,47), 0, 1
(56,51), 0, 1
(56,53), 0, 1
(56,60), 0, 1
(56,70), 0, 1
(56,74), 0, 1
(56,78), 0, 1
(56,83), 0, 1
(56,84), 0, 1
(56,92), 0, 1
(57,11), 0, 1
(57,12), 0, 1
(57,17), 0, 1
(57,23), 0, 1
(57,33), 0, 1
(57,39), 0, 1
(57,45), 0, 1
(57,47), 0, 1
(57,48), 0, 1
(57,51), 0, 1
(57,53), 0, 1
(57,60), 0, 1
(57,70), 0, 1
(57,74), 0, 1
(57,78), 0, 1
(57,83), 0, 1
(57,84), 0, 1
(57,92), 0, 1
(58,33), 0, 1
(59,33), 0, 1
(60,4), 0, 1
(60,7), 0, 1
(60,20), 0, 1
(60,22), 0, 1
(60,29), 0, 1
(60,30), 0, 1
(60,33), 0, 1
(60,35), 0, 1
(60,86), 0, 1
(61,33), 0, 1
(62,5), 0, 1
(62,10), 0, 1
(62,11), 0, 1
(62,17), 0, 1
(62,23), 0, 1
(62,33), 0, 1
(62,39), 0, 1
(62,45), 0, 1
(62,47), 0, 1
(62,48), 0, 1
(62,51), 0, 1
(62,53), 0, 1
(62,60), 0, 1
(62,70), 0, 1
(62,74), 0, 1
(62,78), 0, 1
(62,83), 0, 1
(62,84), 0, 1
(62,92), 0, 1
(63,0), 0, 1
(63,1), 0, 1
(63,3), 0, 1
(63,4), 0, 1
(63,5), 0, 1
(63,7), 0, 1
(63,8), 0, 1
(63,11), 0, 1
(63,12), 0, 1
(63,13), 0, 1
(63,14), 0, 1
(63,17), 0, 1
(63,18), 0, 1
(63,19), 0, 1
(63,21), 0, 1
(63,22), 0, 1
(63,24), 0, 1
(63,25), 0, 1
(63,26), 0, 1
(63,27), 0, 1
(63,28), 0, 1
(63,29), 0, 1
(63,30), 0, 1
(63,31), 0, 1
(63,32), 0, 1
(63,33), 0, 1
(63,35), 0, 1
(63,36), 0, 1
(63,37), 0, 1
(63,38), 0, 1
(63,39), 0, 1
(63,40), 0, 1
(63,41), 0, 1
(63,42), 0, 1
(63,45), 0, 1
(63,46), 0, 1
(63,47), 0, 1
(63,48), 0, 1
(63,49), 0, 1
(63,51), 0, 1
(63,52), 0, 1
(63,53), 0, 1
(63,54), 0, 1
(63,55), 0, 1
(63,56), 0, 1
(63,57), 0, 1
(63,58), 0, 1
(63,59), 0, 1
(63,60), 0, 1
(63,65), 0, 1
(63,66), 0, 1
(63,67), 0, 1
(63,68), 0, 1
(63,69), 0, 1
(63,70), 0, 1
(63,71), 0, 1
(63,72), 0, 1
(63,74), 0, 1
(63,75), 0, 1
(63,76), 0, 1
(63,77), 0, 1
(63,78), 0, 1
(63,80), 0, 1
(63,81), 0, 1
(63,82), 0, 1
(63,83), 0, 1
(63,84), 0, 1
(63,85), 0, 1
(63,86), 0, 1
(63,87), 0, 1
(63,88), 0, 1
(63,89), 0, 1
(63,90), 0, 1
(64,5), 0, 1
(64,11), 0, 1
(64,17), 0, 1
(64,23), 0, 1
(64,33), 0, 1
(64,39), 0, 1
(64,45), 0, 1
(64,47), 0, 1
(64,48), 0, 1
(64,51), 0, 1
(64,53), 0, 1
(64,60), 0, 1
(64,70), 0, 1
(64,74), 0, 1
(64,78), 0, 1
(64,83), 0, 1
(64,84), 0, 1
(64,92), 0, 1
(65,5), 0, 1
(65,11), 0, 1
(65,17), 0, 1
(65,33), 0, 1
(65,39), 0, 1
(65,43), 0, 1
(65,47), 0, 1
(65,51), 0, 1
(65,53), 0, 1
(65,60), 0, 1
(65,70), 0, 1
(65,74), 0, 1
(65,78), 0, 1
(65,83), 0, 1
(65,84), 0, 1
(65,92), 0, 1
(66,4), 0, 1
(66,7), 0, 1
(66,20), 0, 1
(66,22), 0, 1
(66,30), 0, 1
(66,32), 0, 1
(66,33), 0, 1
(66,35), 0, 1
(66,86), 0, 1
(67,5), 0, 1
(67,11), 0, 1
(67,23), 0, 1
(67,33), 0, 1
(67,39), 0, 1
(67,45), 0, 1
(67,47), 0, 1
(67,48), 0, 1
(67,51), 0, 1
(67,53), 0, 1
(67,70), 0, 1
(67,73), 0, 1
(67,74), 0, 1
(67,78), 0, 1
(67,83), 0, 1
(67,84), 0, 1
(67,92), 0, 1
(68,5), 0, 1
(68,11), 0, 1
(68,17), 0, 1
(68,23), 0, 1
(68,33), 0, 1
(68,39), 0, 1
(68,45), 0, 1
(68,47), 0, 1
(68,48), 0, 1
(68,51), 0, 1
(68,53), 0, 1
(68,60), 0, 1
(68,70), 0, 1
(68,73), 0, 1
(68,74), 0, 1
(68,78), 0, 1
(68,83), 0, 1
(68,84), 0, 1
(68,92), 0, 1
(69,5), 0, 1
(69,11), 0, 1
(69,12), 0, 1
(69,17), 0, 1
(69,23), 0, 1
(69,33), 0, 1
(69,39), 0, 1
(69,45), 0, 1
(69,47), 0, 1
(69,48), 0, 1
(69,51), 0, 1
(69,53), 0, 1
(69,60), 0, 1
(69,70), 0, 1
(69,73), 0, 1
(69,74), 0, 1
(69,78), 0, 1
(69,83), 0, 1
(69,84), 0, 1
(69,92), 0, 1
(70,33), 0, 1
(71,5), 0, 1
(71,11), 0, 1
(71,17), 0, 1
(71,23), 0, 1
(71,33), 0, 1
(71,39), 0, 1
(71,45), 0, 1
(71,47), 0, 1
(71,48), 0, 1
(71,51), 0, 1
(71,53), 0, 1
(71,60), 0, 1
(71,73), 0, 1
(71,74), 0, 1
(71,78), 0, 1
(71,83), 0, 1
(71,84), 0, 1
(71,92), 0, 1
(72,4), 0, 1
(72,7), 0, 1
(72,20), 0, 1
(72,22), 0, 1
(72,32), 0, 1
(72,33), 0, 1
(72,35), 0, 1
(72,86), 0, 1
(73,4), 0, 1
(73,7), 0, 1
(73,20), 0, 1
(73,22), 0, 1
(73,29), 0, 1
(73,32), 0, 1
(73,33), 0, 1
(73,35), 0, 1
(73,86), 0, 1
(74,33), 0, 1
(75,5), 0, 1
(75,11), 0, 1
(75,12), 0, 1
(75,17), 0, 1
(75,23), 0, 1
(75,33), 0, 1
(75,34), 0, 1
(75,39), 0, 1
(75,43), 0, 1
(75,47), 0, 1
(75,48), 0, 1
(75,51), 0, 1
(75,53), 0, 1
(75,60), 0, 1
(75,70), 0, 1
(75,73), 0, 1
(75,78), 0, 1
(75,83), 0, 1
(75,84), 0, 1
(75,92), 0, 1
(76,5), 0, 1
(76,11), 0, 1
(76,12), 0, 1
(76,17), 0, 1
(76,23), 0, 1
(76,33), 0, 1
(76,39), 0, 1
(76,45), 0, 1
(76,47), 0, 1
(76,48), 0, 1
(76,51), 0, 1
(76,53), 0, 1
(76,60), 0, 1
(76,70), 0, 1
(76,73), 0, 1
(76,74), 0, 1
(76,78), 0, 1
(76,83), 0, 1
(76,84), 0, 1
(76,92), 0, 1
(77,11), 0, 1
(77,12), 0, 1
(77,17), 0, 1
(77,23), 0, 1
(77,33), 0, 1
(77,39), 0, 1
(77,45), 0, 1
(77,47), 0, 1
(77,48), 0, 1
(77,51), 0, 1
(77,53), 0, 1
(77,60), 0, 1
(77,70), 0, 1
(77,73), 0, 1
(77,74), 0, 1
(77,78), 0, 1
(77,83), 0, 1
(77,84), 0, 1
(77,92), 0, 1
(78,4), 0, 1
(78,7), 0, 1
(78,20), 0, 1
(78,22), 0, 1
(78,29), 0, 1
(78,30), 0, 1
(78,32), 0, 1
(78,33), 0, 1
(78,35), 0, 1
(78,86), 0, 1
(79,0), 0, 1
(79,1), 0, 1
(79,3), 0, 1
(79,4), 0, 1
(79,5), 0, 1
(79,7), 0, 1
(79,8), 0, 1
(79,12), 0, 1
(79,13), 0, 1
(79,14), 0, 1
(79,16), 0, 1
(79,17), 0, 1
(79,18), 0, 1
(79,19), 0, 1
(79,20), 0, 1
(79,21), 0, 1
(79,22), 0, 1
(79,24), 0, 1
(79,25), 0, 1
(79,27), 0, 1
(79,28), 0, 1
(79,30), 0, 1
(79,31), 0, 1
(79,33), 0, 1
(79,35), 0, 1
(79,36), 0, 1
(79,37), 0, 1
(79,39), 0, 1
(79,40), 0, 1
(79,41), 0, 1
(79,42), 0, 1
(79,44), 0, 1
(79,45), 0, 1
(79,46), 0, 1
(79,47), 0, 1
(79,48), 0, 1
(79,49), 0, 1
(79,51), 0, 1
(79,52), 0, 1
(79,53), 0, 1
(79,54), 0, 1
(79,55), 0, 1
(79,56), 0, 1
(79,57), 0, 1
(79,58), 0, 1
(79,59), 0, 1
(79,60), 0, 1
(79,63), 0, 1
(79,64), 0, 1
(79,65), 0, 1
(79,66), 0, 1
(79,67), 0, 1
(79,68), 0, 1
(79,69), 0, 1
(79,70), 0, 1
(79,71), 0, 1
(79,72), 0, 1
(79,73), 0, 1
(79,74), 0, 1
(79,75), 0, 1
(79,76), 0, 1
(79,77), 0, 1
(79,78), 0, 1
(79,80), 0, 1
(79,81), 0, 1
(79,82), 0, 1
(79,83), 0, 1
(79,84), 0, 1
(79,85), 0, 1
(79,86), 0, 1
(79,87), 0, 1
(79,88), 0, 1
(79,89), 0, 1
(79,90), 0, 1
(79,92), 0, 1
(79,93), 0, 1
(80,5), 0, 1
(80,10), 0, 1
(80,11), 0, 1
(80,12), 0, 1
(80,17), 0, 1
(80,23), 0, 1
(80,33), 0, 1
(80,39), 0, 1
(80,45), 0, 1
(80,47), 0, 1
(80,48), 0, 1
(80,51), 0, 1
(80,53), 0, 1
(80,60), 0, 1
(80,70), 0, 1
(80,78), 0, 1
(80,83), 0, 1
(80,84), 0, 1
(80,92), 0, 1
(81,5), 0, 1
(81,11), 0, 1
(81,12), 0, 1
(81,17), 0, 1
(81,33), 0, 1
(81,39), 0, 1
(81,45), 0, 1
(81,47), 0, 1
(81,51), 0, 1
(81,53), 0, 1
(81,60), 0, 1
(81,70), 0, 1
(81,74), 0, 1
(81,78), 0, 1
(81,83), 0, 1
(81,84), 0, 1
(81,92), 0, 1
(82,4), 0, 1
(82,7), 0, 1
(82,20), 0, 1
(82,22), 0, 1
(82,29), 0, 1
(82,32), 0, 1
(82,33), 0, 1
(82,35), 0, 1
(82,86), 0, 1
(83,4), 0, 1
(83,7), 0, 1
(83,20), 0, 1
(83,22), 0, 1
(83,29), 0, 1
(83,30), 0, 1
(83,32), 0, 1
(83,33), 0, 1
(83,86), 0, 1
(84,10), 0, 1
(84,12), 0, 1
(84,17), 0, 1
(84,23), 0, 1
(84,33), 0, 1
(84,39), 0, 1
(84,45), 0, 1
(84,47), 0, 1
(84,48), 0, 1
(84,51), 0, 1
(84,60), 0, 1
(84,70), 0, 1
(84,73), 0, 1
(84,74), 0, 1
(84,78), 0, 1
(84,91), 0, 1
(84,92), 0, 1
(85,4), 0, 1
(85,7), 0, 1
(85,20), 0, 1
(85,22), 0, 1
(85,29), 0, 1
(85,30), 0, 1
(85,32), 0, 1
(85,33), 0, 1
(85,35), 0, 1
(85,86), 0, 1
(86,5), 0, 1
(86,11), 0, 1
(86,12), 0, 1
(86,17), 0, 1
(86,23), 0, 1
(86,33), 0, 1
(86,45), 0, 1
(86,47), 0, 1
(86,48), 0, 1
(86,51), 0, 1
(86,53), 0, 1
(86,60), 0, 1
(86,70), 0, 1
(86,73), 0, 1
(86,74), 0, 1
(86,78), 0, 1
(86,83), 0, 1
(86,84), 0, 1
(86,92), 0, 1
(87,5), 0, 1
(87,11), 0, 1
(87,12), 0, 1
(87,17), 0, 1
(87,33), 0, 1
(87,39), 0, 1
(87,45), 0, 1
(87,47), 0, 1
(87,48), 0, 1
(87,51), 0, 1
(87,53), 0, 1
(87,60), 0, 1
(87,70), 0, 1
(87,73), 0, 1
(87,74), 0, 1
(87,78), 0, 1
(87,84), 0, 1
(87,92), 0, 1
(88,0), 0, 1
(88,1), 0, 1
(88,3), 0, 1
(88,4), 0, 1
(88,5), 0, 1
(88,7), 0, 1
(88,8), 0, 1
(88,11), 0, 1
(88,12), 0, 1
(88,13), 0, 1
(88,14), 0, 1
(88,16), 0, 1
(88,17), 0, 1
(88,18), 0, 1
(88,19), 0, 1
(88,21), 0, 1
(88,22), 0, 1
(88,23), 0, 1
(88,24), 0, 1
(88,25), 0, 1
(88,27), 0, 1
(88,28), 0, 1
(88,29), 0, 1
(88,30), 0, 1
(88,31), 0, 1
(88,33), 0, 1
(88,36), 0, 1
(88,37), 0, 1
(88,38), 0, 1
(88,39), 0, 1
(88,41), 0, 1
(88,42), 0, 1
(88,45), 0, 1
(88,46), 0, 1
(88,47), 0, 1
(88,48), 0, 1
(88,49), 0, 1
(88,51), 0, 1
(88,53), 0, 1
(88,54), 0, 1
(88,55), 0, 1
(88,56), 0, 1
(88,57), 0, 1
(88,58), 0, 1
(88,59), 0, 1
(88,60), 0, 1
(88,61), 0, 1
(88,63), 0, 1
(88,64), 0, 1
(88,65), 0, 1
(88,66), 0, 1
(88,68), 0, 1
(88,69), 0, 1
(88,70), 0, 1
(88,71), 0, 1
(88,72), 0, 1
(88,73), 0, 1
(88,74), 0, 1
(88,75), 0, 1
(88,76), 0, 1
(88,77), 0, 1
(88,78), 0, 1
(88,80), 0, 1
(88,81), 0, 1
(88,82), 0, 1
(88,83), 0, 1
(88,84), 0, 1
(88,85), 0, 1
(88,86), 0, 1
(88,87), 0, 1
(88,89), 0, 1
(88,90), 0, 1
(88,92), 0, 1
(89,5), 0, 1
(89,11), 0, 1
(89,12), 0, 1
(89,17), 0, 1
(89,23), 0, 1
(89,33), 0, 1
(89,45), 0, 1
(89,47), 0, 1
(89,48), 0, 1
(89,51), 0, 1
(89,53), 0, 1
(89,60), 0, 1
(89,73), 0, 1
(89,74), 0, 1
(89,78), 0, 1
(89,83), 0, 1
(89,84), 0, 1
(89,92), 0, 1
(90,33), 0, 1
(91,0), 0, 1
(91,1), 0, 1
(91,3), 0, 1
(91,4), 0, 1
(91,5), 0, 1
(91,7), 0, 1
(91,8), 0, 1
(91,12), 0, 1
(91,13), 0, 1
(91,14), 0, 1
(91,16), 0, 1
(91,17), 0, 1
(91,18), 0, 1
(91,19), 0, 1
(91,21), 0, 1
(91,22), 0, 1
(91,23), 0, 1
(91,24), 0, 1
(91,25), 0, 1
(91,27), 0, 1
(91,28), 0, 1
(91,29), 0, 1
(91,30), 0, 1
(91,31), 0, 1
(91,32), 0, 1
(91,33), 0, 1
(91,35), 0, 1
(91,36), 0, 1
(91,37), 0, 1
(91,38), 0, 1
(91,40), 0, 1
(91,41), 0, 1
(91,42), 0, 1
(91,45), 0, 1
(91,46), 0, 1
(91,47), 0, 1
(91,48), 0, 1
(91,49), 0, 1
(91,51), 0, 1
(91,52), 0, 1
(91,53), 0, 1
(91,54), 0, 1
(91,55), 0, 1
(91,56), 0, 1
(91,57), 0, 1
(91,59), 0, 1
(91,60), 0, 1
(91,61), 0, 1
(91,63), 0, 1
(91,64), 0, 1
(91,65), 0, 1
(91,66), 0, 1
(91,67), 0, 1
(91,68), 0, 1
(91,69), 0, 1
(91,70), 0, 1
(91,71), 0, 1
(91,72), 0, 1
(91,73), 0, 1
(91,74), 0, 1
(91,75), 0, 1
(91,76), 0, 1
(91,77), 0, 1
(91,78), 0, 1
(91,80), 0, 1
(91,82), 0, 1
(91,83), 0, 1
(91,84), 0, 1
(91,85), 0, 1
(91,86), 0, 1
(91,87), 0, 1
(91,88), 0, 1
(91,89), 0, 1
(91,90), 0, 1
(91,92), 0, 1
(91,93), 0, 1
(92,4), 0, 1
(92,7), 0, 1
(92,20), 0, 1
(92,22), 0, 1
(92,29), 0, 1
(92,30), 0, 1
(92,32), 0, 1
(92,33), 0, 1
(92,35), 0, 1
(92,62), 0, 1
(92,86), 0, 1
(93,4), 0, 1
(93,7), 0, 1
(93,20), 0, 1
(93,22), 0, 1
(93,29), 0, 1
(93,30), 0, 1
(93,32), 0, 1
(93,33), 0, 1
(93,35), 0, 1
(93,86), 0, 1
(94,33), 0, 1
(95,0), 0, 1
(95,3), 0, 1
(95,4), 0, 1
(95,7), 0, 1
(95,8), 0, 1
(95,11), 0, 1
(95,12), 0, 1
(95,13), 0, 1
(95,14), 0, 1
(95,15), 0, 1
(95,17), 0, 1
(95,18), 0, 1
(95,20), 0, 1
(95,21), 0, 1
(95,22), 0, 1
(95,24), 0, 1
(95,27), 0, 1
(95,29), 0, 1
(95,30), 0, 1
(95,33), 0, 1
(95,34), 0, 1
(95,37), 0, 1
(95,38), 0, 1
(95,41), 0, 1
(95,42), 0, 1
(95,45), 0, 1
(95,46), 0, 1
(95,47), 0, 1
(95,48), 0, 1
(95,49), 0, 1
(95,51), 0, 1
(95,52), 0, 1
(95,53), 0, 1
(95,54), 0, 1
(95,55), 0, 1
(95,56), 0, 1
(95,57), 0, 1
(95,58), 0, 1
(95,59), 0, 1
(95,60), 0, 1
(95,64), 0, 1
(95,65), 0, 1
(95,67), 0, 1
(95,68), 0, 1
(95,70), 0, 1
(95,71), 0, 1
(95,72), 0, 1
(95,73), 0, 1
(95,74), 0, 1
(95,75), 0, 1
(95,76), 0, 1
(95,77), 0, 1
(95,78), 0, 1
(95,81), 0, 1
(95,82), 0, 1
(95,83), 0, 1
(95,84), 0, 1
(95,85), 0, 1
(95,86), 0, 1
(95,87), 0, 1
(95,88), 0, 1
(95,89), 0, 1
(95,90), 0, 1
(95,92), 0, 1
(96,0), 0, 1
(96,1), 0, 1
(96,3), 0, 1
(96,4), 0, 1
(96,7), 0, 1
(96,8), 0, 1
(96,13), 0, 1
(96,14), 0, 1
(96,16), 0, 1
(96,17), 0, 1
(96,18), 0, 1
(96,19), 0, 1
(96,20), 0, 1
(96,21), 0, 1
(96,22), 0, 1
(96,24), 0, 1
(96,27), 0, 1
(96,28), 0, 1
(96,29), 0, 1
(96,30), 0, 1
(96,31), 0, 1
(96,32), 0, 1
(96,33), 0, 1
(96,35), 0, 1
(96,36), 0, 1
(96,37), 0, 1
(96,38), 0, 1
(96,39), 0, 1
(96,40), 0, 1
(96,41), 0, 1
(96,42), 0, 1
(96,44), 0, 1
(96,45), 0, 1
(96,46), 0, 1
(96,47), 0, 1
(96,48), 0, 1
(96,49), 0, 1
(96,51), 0, 1
(96,53), 0, 1
(96,54), 0, 1
(96,55), 0, 1
(96,56), 0, 1
(96,58), 0, 1
(96,59), 0, 1
(96,60), 0, 1
(96,63), 0, 1
(96,64), 0, 1
(96,65), 0, 1
(96,67), 0, 1
(96,68), 0, 1
(96,69), 0, 1
(96,70), 0, 1
(96,71), 0, 1
(96,72), 0, 1
(96,74), 0, 1
(96,75), 0, 1
(96,76), 0, 1
(96,77), 0, 1
(96,78), 0, 1
(96,81), 0, 1
(96,82), 0, 1
(96,85), 0, 1
(96,86), 0, 1
(96,87), 0, 1
(96,88), 0, 1
(96,89), 0, 1
(96,90), 0, 1
(96,92), 0, 1
(96,93), 0, 1
(97,11), 0, 1
(97,12), 0, 1
(97,17), 0, 1
(97,23), 0, 1
(97,33), 0, 1
(97,34), 0, 1
(97,39), 0, 1
(97,45), 0, 1
(97,47), 0, 1
(97,48), 0, 1
(97,51), 0, 1
(97,53), 0, 1
(97,60), 0, 1
(97,70), 0, 1
(97,74), 0, 1
(97,78), 0, 1
(97,83), 0, 1
(97,84), 0, 1
(97,92), 0, 1
(98,0), 0, 1
(98,1), 0, 1
(98,3), 0, 1
(98,4), 0, 1
(98,5), 0, 1
(98,7), 0, 1
(98,8), 0, 1
(98,11), 0, 1
(98,12), 0, 1
(98,13), 0, 1
(98,14), 0, 1
(98,16), 0, 1
(98,17), 0, 1
(98,18), 0, 1
(98,19), 0, 1
(98,20), 0, 1
(98,21), 0, 1
(98,22), 0, 1
(98,23), 0, 1
(98,24), 0, 1
(98,25), 0, 1
(98,27), 0, 1
(98,28), 0, 1
(98,29), 0, 1
(98,30), 0, 1
(98,31), 0, 1
(98,32), 0, 1
(98,33), 0, 1
(98,35), 0, 1
(98,36), 0, 1
(98,37), 0, 1
(98,38), 0, 1
(98,39), 0, 1
(98,40), 0, 1
(98,41), 0, 1
(98,42), 0, 1
(98,45), 0, 1
(98,46), 0, 1
(98,47), 0, 1
(98,48), 0, 1
(98,49), 0, 1
(98,51), 0, 1
(98,52), 0, 1
(98,53), 0, 1
(98,54), 0, 1
(98,55), 0, 1
(98,56), 0, 1
(98,58), 0, 1
(98,59), 0, 1
(98,60), 0, 1
(98,63), 0, 1
(98,64), 0, 1
(98,65), 0, 1
(98,66), 0, 1
(98,67), 0, 1
(98,68), 0, 1
(98,69), 0, 1
(98,70), 0, 1
(98,71), 0, 1
(98,72), 0, 1
(98,73), 0, 1
(98,74), 0, 1
(98,75), 0, 1
(98,76), 0, 1
(98,77), 0, 1
(98,78), 0, 1
(98,80), 0, 1
(98,81), 0, 1
(98,82), 0, 1
(98,83), 0, 1
(98,84), 0, 1
(98,85), 0, 1
(98,86), 0, 1
(98,87), 0, 1
(98,88), 0, 1
(98,89), 0, 1
(98,90), 0, 1
(99,0), 0, 1
(99,1), 0, 1
(99,3), 0, 1
(99,4), 0, 1
(99,5), 0, 1
(99,7), 0, 1
(99,8), 0, 1
(99,9), 0, 1
(99,11), 0, 1
(99,13), 0, 1
(99,14), 0, 1
(99,16), 0, 1
(99,17), 0, 1
(99,18), 0, 1
(99,19), 0, 1
(99,20), 0, 1
(99,21), 0, 1
(99,22), 0, 1
(99,24), 0, 1
(99,25), 0, 1
(99,27), 0, 1
(99,28), 0, 1
(99,29), 0, 1
(99,30), 0, 1
(99,31), 0, 1
(99,32), 0, 1
(99,33), 0, 1
(99,35), 0, 1
(99,38), 0, 1
(99,39), 0, 1
(99,40), 0, 1
(99,41), 0, 1
(99,42), 0, 1
(99,45), 0, 1
(99,46), 0, 1
(99,47), 0, 1
(99,48), 0, 1
(99,49), 0, 1
(99,51), 0, 1
(99,52), 0, 1
(99,53), 0, 1
(99,54), 0, 1
(99,55), 0, 1
(99,56), 0, 1
(99,58), 0, 1
(99,60), 0, 1
(99,63), 0, 1
(99,64), 0, 1
(99,65), 0, 1
(99,66), 0, 1
(99,67), 0, 1
(99,68), 0, 1
(99,69), 0, 1
(99,70), 0, 1
(99,71), 0, 1
(99,72), 0, 1
(99,74), 0, 1
(99,75), 0, 1
(99,76), 0, 1
(99,77), 0, 1
(99,78), 0, 1
(99,80), 0, 1
(99,81), 0, 1
(99,82), 0, 1
(99,83), 0, 1
(99,84), 0, 1
(99,85), 0, 1
(99,86), 0, 1
(99,87), 0, 1
(99,88), 0, 1
(99,89), 0, 1
(99,90), 0, 1
(99,91), 0, 1
(99,92), 0, 1
(99,93), 0, 1
