Nr_Pairs = 94
Nr_NDD = 6
Nr_Arcs = 1948
0	0.5
1	0.5
2	0.10
3	0.28
4	0.10
5	0.5
6	0.90
7	0.92
8	0.90
9	0.28
10	0.5
11	0.5
12	0.90
13	0.5
14	0.28
15	0.5
16	0.5
17	0.5
18	0.5
19	0.5
20	0.90
21	0.5
22	0.10
23	0.5
24	0.5
25	0.5
26	0.10
27	0.90
28	0.10
29	0.90
30	0.90
31	0.28
32	0.5
33	0.90
34	0.5
35	0.5
36	0.10
37	0.90
38	0.5
39	0.90
40	0.5
41	0.5
42	0.90
43	0.5
44	0.28
45	0.5
46	0.90
47	0.10
48	0.5
49	0.32
50	0.10
51	0.10
52	0.28
53	0.28
54	0.90
55	0.5
56	0.10
57	0.10
58	0.5
59	0.28
60	0.10
61	0.10
62	0.5
63	0.10
64	0.5
65	0.5
66	0.10
67	0.10
68	0.10
69	0.28
70	0.92
71	0.92
72	0.90
73	0.90
74	0.5
75	0.5
76	0.5
77	0.90
78	0.90
79	0.5
80	0.90
81	0.10
82	0.10
83	0.5
84	0.5
85	0.5
86	0.5
87	0.5
88	0.5
89	0.5
90	0.90
91	0.10
92	0.5
93	0.5
94	0.0
95	0.0
96	0.0
97	0.0
98	0.0
99	0.0
(0,2), 0, 1
(0,9), 0, 1
(0,26), 0, 1
(0,36), 0, 1
(0,65), 0, 1
(0,66), 0, 1
(0,69), 0, 1
(0,79), 0, 1
(0,82), 0, 1
(0,87), 0, 1
(0,90), 0, 1
(1,6), 0, 1
(1,10), 0, 1
(1,13), 0, 1
(1,22), 0, 1
(1,25), 0, 1
(1,28), 0, 1
(1,38), 0, 1
(1,40), 0, 1
(1,44), 0, 1
(1,50), 0, 1
(1,53), 0, 1
(1,55), 0, 1
(1,60), 0, 1
(1,64), 0, 1
(1,68), 0, 1
(1,81), 0, 1
(1,82), 0, 1
(1,93), 0, 1
(2,10), 0, 1
(2,13), 0, 1
(2,22), 0, 1
(2,25), 0, 1
(2,38), 0, 1
(2,40), 0, 1
(2,50), 0, 1
(2,55), 0, 1
(2,60), 0, 1
(2,64), 0, 1
(2,68), 0, 1
(2,81), 0, 1
(2,86), 0, 1
(2,93), 0, 1
(3,2), 0, 1
(3,7), 0, 1
(3,9), 0, 1
(3,26), 0, 1
(3,36), 0, 1
(3,49), 0, 1
(3,59), 0, 1
(3,66), 0, 1
(3,79), 0, 1
(3,82), 0, 1
(3,87), 0, 1
(4,10), 0, 1
(4,13), 0, 1
(4,22), 0, 1
(4,25), 0, 1
(4,28), 0, 1
(4,40), 0, 1
(4,44), 0, 1
(4,50), 0, 1
(4,53), 0, 1
(4,55), 0, 1
(4,60), 0, 1
(4,64), 0, 1
(4,68), 0, 1
(4,81), 0, 1
(4,86), 0, 1
(4,93), 0, 1
(5,6), 0, 1
(5,10), 0, 1
(5,12), 0, 1
(5,13), 0, 1
(5,22), 0, 1
(5,25), 0, 1
(5,28), 0, 1
(5,38), 0, 1
(5,40), 0, 1
(5,44), 0, 1
(5,50), 0, 1
(5,53), 0, 1
(5,55), 0, 1
(5,60), 0, 1
(5,64), 0, 1
(5,68), 0, 1
(5,81), 0, 1
(5,82), 0, 1
(5,86), 0, 1
(5,93), 0, 1
(6,2), 0, 1
(6,9), 0, 1
(6,26), 0, 1
(6,36), 0, 1
(6,37), 0, 1
(6,59), 0, 1
(6,65), 0, 1
(6,66), 0, 1
(6,79), 0, 1
(6,82), 0, 1
(6,87), 0, 1
(7,0), 0, 1
(7,1), 0, 1
(7,2), 0, 1
(7,3), 0, 1
(7,4), 0, 1
(7,5), 0, 1
(7,10), 0, 1
(7,11), 0, 1
(7,13), 0, 1
(7,14), 0, 1
(7,15), 0, 1
(7,16), 0, 1
(7,17), 0, 1
(7,18), 0, 1
(7,19), 0, 1
(7,21), 0, 1
(7,22), 0, 1
(7,23), 0, 1
(7,24), 0, 1
(7,25), 0, 1
(7,26), 0, 1
(7,32), 0, 1
(7,34), 0, 1
(7,35), 0, 1
(7,36), 0, 1
(7,38), 0, 1
(7,40), 0, 1
(7,42), 0, 1
(7,43), 0, 1
(7,44), 0, 1
(7,45), 0, 1
(7,47), 0, 1
(7,50), 0, 1
(7,51), 0, 1
(7,53), 0, 1
(7,55), 0, 1
(7,57), 0, 1
(7,58), 0, 1
(7,59), 0, 1
(7,60), 0, 1
(7,61), 0, 1
(7,62), 0, 1
(7,63), 0, 1
(7,64), 0, 1
(7,65), 0, 1
(7,66), 0, 1
(7,67), 0, 1
(7,68), 0, 1
(7,74), 0, 1
(7,75), 0, 1
(7,76), 0, 1
(7,79), 0, 1
(7,81), 0, 1
(7,83), 0, 1
(7,84), 0, 1
(7,85), 0, 1
(7,86), 0, 1
(7,87), 0, 1
(7,88), 0, 1
(7,91), 0, 1
(7,92), 0, 1
(7,93), 0, 1
(8,10), 0, 1
(8,13), 0, 1
(8,22), 0, 1
(8,25), 0, 1
(8,40), 0, 1
(8,50), 0, 1
(8,53), 0, 1
(8,55), 0, 1
(8,60), 0, 1
(8,64), 0, 1
(8,81), 0, 1
(8,82), 0, 1
(8,86), 0, 1
(8,93), 0, 1
(9,10), 0, 1
(9,12), 0, 1
(9,13), 0, 1
(9,22), 0, 1
(9,25), 0, 1
(9,28), 0, 1
(9,38), 0, 1
(9,40), 0, 1
(9,44), 0, 1
(9,50), 0, 1
(9,55), 0, 1
(9,60), 0, 1
(9,64), 0, 1
(9,68), 0, 1
(9,81), 0, 1
(9,82), 0, 1
(9,86), 0, 1
(9,93), 0, 1
(10,82), 0, 1
(11,2), 0, 1
(11,9), 0, 1
(11,26), 0, 1
(11,36), 0, 1
(11,59), 0, 1
(11,66), 0, 1
(11,69), 0, 1
(11,79), 0, 1
(11,82), 0, 1
(11,87), 0, 1
(12,0), 0, 1
(12,1), 0, 1
(12,2), 0, 1
(12,5), 0, 1
(12,9), 0, 1
(12,10), 0, 1
(12,11), 0, 1
(12,14), 0, 1
(12,15), 0, 1
(12,16), 0, 1
(12,17), 0, 1
(12,18), 0, 1
(12,19), 0, 1
(12,21), 0, 1
(12,22), 0, 1
(12,23), 0, 1
(12,24), 0, 1
(12,25), 0, 1
(12,26), 0, 1
(12,28), 0, 1
(12,31), 0, 1
(12,32), 0, 1
(12,34), 0, 1
(12,35), 0, 1
(12,36), 0, 1
(12,38), 0, 1
(12,40), 0, 1
(12,43), 0, 1
(12,44), 0, 1
(12,45), 0, 1
(12,47), 0, 1
(12,48), 0, 1
(12,50), 0, 1
(12,51), 0, 1
(12,52), 0, 1
(12,55), 0, 1
(12,56), 0, 1
(12,57), 0, 1
(12,58), 0, 1
(12,59), 0, 1
(12,60), 0, 1
(12,61), 0, 1
(12,62), 0, 1
(12,64), 0, 1
(12,65), 0, 1
(12,66), 0, 1
(12,67), 0, 1
(12,68), 0, 1
(12,74), 0, 1
(12,76), 0, 1
(12,79), 0, 1
(12,81), 0, 1
(12,82), 0, 1
(12,83), 0, 1
(12,84), 0, 1
(12,85), 0, 1
(12,86), 0, 1
(12,87), 0, 1
(12,88), 0, 1
(12,89), 0, 1
(12,91), 0, 1
(12,92), 0, 1
(12,93), 0, 1
(13,2), 0, 1
(13,9), 0, 1
(13,26), 0, 1
(13,36), 0, 1
(13,65), 0, 1
(13,66), 0, 1
(13,69), 0, 1
(13,71), 0, 1
(13,79), 0, 1
(13,87), 0, 1
(14,2), 0, 1
(14,9), 0, 1
(14,36), 0, 1
(14,37), 0, 1
(14,59), 0, 1
(14,65), 0, 1
(14,66), 0, 1
(14,70), 0, 1
(14,79), 0, 1
(14,87), 0, 1
(15,10), 0, 1
(15,12), 0, 1
(15,13), 0, 1
(15,22), 0, 1
(15,25), 0, 1
(15,40), 0, 1
(15,44), 0, 1
(15,50), 0, 1
(15,55), 0, 1
(15,60), 0, 1
(15,64), 0, 1
(15,68), 0, 1
(15,81), 0, 1
(15,86), 0, 1
(15,93), 0, 1
(16,2), 0, 1
(16,9), 0, 1
(16,26), 0, 1
(16,36), 0, 1
(16,59), 0, 1
(16,65), 0, 1
(16,66), 0, 1
(16,70), 0, 1
(16,77), 0, 1
(16,79), 0, 1
(16,82), 0, 1
(16,87), 0, 1
(17,82), 0, 1
(18,6), 0, 1
(18,9), 0, 1
(18,26), 0, 1
(18,49), 0, 1
(18,65), 0, 1
(18,66), 0, 1
(18,79), 0, 1
(18,82), 0, 1
(18,87), 0, 1
(18,90), 0, 1
(19,2), 0, 1
(19,9), 0, 1
(19,26), 0, 1
(19,27), 0, 1
(19,36), 0, 1
(19,59), 0, 1
(19,65), 0, 1
(19,66), 0, 1
(19,69), 0, 1
(19,77), 0, 1
(19,82), 0, 1
(19,87), 0, 1
(20,2), 0, 1
(20,9), 0, 1
(20,26), 0, 1
(20,36), 0, 1
(20,59), 0, 1
(20,65), 0, 1
(20,66), 0, 1
(20,69), 0, 1
(20,82), 0, 1
(20,87), 0, 1
(21,2), 0, 1
(21,9), 0, 1
(21,26), 0, 1
(21,36), 0, 1
(21,39), 0, 1
(21,49), 0, 1
(21,54), 0, 1
(21,59), 0, 1
(21,65), 0, 1
(21,66), 0, 1
(21,69), 0, 1
(21,79), 0, 1
(21,82), 0, 1
(21,87), 0, 1
(22,2), 0, 1
(22,9), 0, 1
(22,26), 0, 1
(22,36), 0, 1
(22,49), 0, 1
(22,65), 0, 1
(22,66), 0, 1
(22,79), 0, 1
(22,82), 0, 1
(22,87), 0, 1
(23,82), 0, 1
(24,2), 0, 1
(24,9), 0, 1
(24,26), 0, 1
(24,27), 0, 1
(24,29), 0, 1
(24,36), 0, 1
(24,49), 0, 1
(24,59), 0, 1
(24,65), 0, 1
(24,66), 0, 1
(24,69), 0, 1
(24,70), 0, 1
(24,79), 0, 1
(24,82), 0, 1
(24,87), 0, 1
(24,90), 0, 1
(25,2), 0, 1
(25,9), 0, 1
(25,26), 0, 1
(25,36), 0, 1
(25,59), 0, 1
(25,65), 0, 1
(25,66), 0, 1
(25,69), 0, 1
(25,77), 0, 1
(25,82), 0, 1
(25,87), 0, 1
(26,13), 0, 1
(26,22), 0, 1
(26,25), 0, 1
(26,28), 0, 1
(26,38), 0, 1
(26,40), 0, 1
(26,50), 0, 1
(26,53), 0, 1
(26,55), 0, 1
(26,60), 0, 1
(26,64), 0, 1
(26,68), 0, 1
(26,81), 0, 1
(26,82), 0, 1
(26,86), 0, 1
(26,93), 0, 1
(27,82), 0, 1
(28,2), 0, 1
(28,9), 0, 1
(28,26), 0, 1
(28,36), 0, 1
(28,49), 0, 1
(28,65), 0, 1
(28,66), 0, 1
(28,79), 0, 1
(28,82), 0, 1
(28,87), 0, 1
(29,0), 0, 1
(29,1), 0, 1
(29,3), 0, 1
(29,4), 0, 1
(29,5), 0, 1
(29,6), 0, 1
(29,9), 0, 1
(29,10), 0, 1
(29,11), 0, 1
(29,13), 0, 1
(29,14), 0, 1
(29,15), 0, 1
(29,16), 0, 1
(29,17), 0, 1
(29,18), 0, 1
(29,19), 0, 1
(29,21), 0, 1
(29,22), 0, 1
(29,23), 0, 1
(29,25), 0, 1
(29,26), 0, 1
(29,28), 0, 1
(29,34), 0, 1
(29,35), 0, 1
(29,36), 0, 1
(29,38), 0, 1
(29,39), 0, 1
(29,40), 0, 1
(29,41), 0, 1
(29,43), 0, 1
(29,44), 0, 1
(29,45), 0, 1
(29,47), 0, 1
(29,48), 0, 1
(29,49), 0, 1
(29,50), 0, 1
(29,51), 0, 1
(29,56), 0, 1
(29,57), 0, 1
(29,58), 0, 1
(29,59), 0, 1
(29,60), 0, 1
(29,61), 0, 1
(29,62), 0, 1
(29,63), 0, 1
(29,64), 0, 1
(29,65), 0, 1
(29,67), 0, 1
(29,74), 0, 1
(29,75), 0, 1
(29,76), 0, 1
(29,79), 0, 1
(29,82), 0, 1
(29,83), 0, 1
(29,84), 0, 1
(29,86), 0, 1
(29,87), 0, 1
(29,88), 0, 1
(29,89), 0, 1
(29,90), 0, 1
(29,91), 0, 1
(29,92), 0, 1
(29,93), 0, 1
(30,2), 0, 1
(30,26), 0, 1
(30,29), 0, 1
(30,39), 0, 1
(30,49), 0, 1
(30,54), 0, 1
(30,65), 0, 1
(30,66), 0, 1
(30,79), 0, 1
(30,82), 0, 1
(30,87), 0, 1
(31,2), 0, 1
(31,9), 0, 1
(31,26), 0, 1
(31,36), 0, 1
(31,49), 0, 1
(31,65), 0, 1
(31,66), 0, 1
(31,69), 0, 1
(31,79), 0, 1
(31,82), 0, 1
(31,87), 0, 1
(32,2), 0, 1
(32,9), 0, 1
(32,36), 0, 1
(32,59), 0, 1
(32,65), 0, 1
(32,66), 0, 1
(32,69), 0, 1
(32,79), 0, 1
(32,87), 0, 1
(33,0), 0, 1
(33,1), 0, 1
(33,2), 0, 1
(33,4), 0, 1
(33,5), 0, 1
(33,9), 0, 1
(33,10), 0, 1
(33,11), 0, 1
(33,13), 0, 1
(33,14), 0, 1
(33,15), 0, 1
(33,16), 0, 1
(33,17), 0, 1
(33,18), 0, 1
(33,19), 0, 1
(33,21), 0, 1
(33,22), 0, 1
(33,23), 0, 1
(33,24), 0, 1
(33,25), 0, 1
(33,26), 0, 1
(33,28), 0, 1
(33,30), 0, 1
(33,31), 0, 1
(33,32), 0, 1
(33,35), 0, 1
(33,38), 0, 1
(33,40), 0, 1
(33,41), 0, 1
(33,43), 0, 1
(33,45), 0, 1
(33,47), 0, 1
(33,48), 0, 1
(33,49), 0, 1
(33,51), 0, 1
(33,52), 0, 1
(33,53), 0, 1
(33,55), 0, 1
(33,56), 0, 1
(33,57), 0, 1
(33,58), 0, 1
(33,59), 0, 1
(33,60), 0, 1
(33,61), 0, 1
(33,62), 0, 1
(33,63), 0, 1
(33,64), 0, 1
(33,65), 0, 1
(33,66), 0, 1
(33,68), 0, 1
(33,69), 0, 1
(33,75), 0, 1
(33,76), 0, 1
(33,78), 0, 1
(33,79), 0, 1
(33,81), 0, 1
(33,82), 0, 1
(33,83), 0, 1
(33,84), 0, 1
(33,86), 0, 1
(33,87), 0, 1
(33,88), 0, 1
(33,89), 0, 1
(33,91), 0, 1
(33,92), 0, 1
(33,93), 0, 1
(34,2), 0, 1
(34,26), 0, 1
(34,36), 0, 1
(34,59), 0, 1
(34,65), 0, 1
(34,66), 0, 1
(34,69), 0, 1
(34,79), 0, 1
(34,82), 0, 1
(34,87), 0, 1
(34,90), 0, 1
(35,2), 0, 1
(35,6), 0, 1
(35,9), 0, 1
(35,26), 0, 1
(35,37), 0, 1
(35,59), 0, 1
(35,65), 0, 1
(35,66), 0, 1
(35,69), 0, 1
(35,79), 0, 1
(35,82), 0, 1
(35,87), 0, 1
(36,0), 0, 1
(36,1), 0, 1
(36,2), 0, 1
(36,4), 0, 1
(36,5), 0, 1
(36,9), 0, 1
(36,10), 0, 1
(36,11), 0, 1
(36,13), 0, 1
(36,15), 0, 1
(36,16), 0, 1
(36,17), 0, 1
(36,19), 0, 1
(36,21), 0, 1
(36,22), 0, 1
(36,23), 0, 1
(36,24), 0, 1
(36,25), 0, 1
(36,26), 0, 1
(36,28), 0, 1
(36,31), 0, 1
(36,32), 0, 1
(36,34), 0, 1
(36,35), 0, 1
(36,38), 0, 1
(36,40), 0, 1
(36,41), 0, 1
(36,43), 0, 1
(36,45), 0, 1
(36,46), 0, 1
(36,47), 0, 1
(36,48), 0, 1
(36,49), 0, 1
(36,51), 0, 1
(36,52), 0, 1
(36,53), 0, 1
(36,55), 0, 1
(36,57), 0, 1
(36,58), 0, 1
(36,59), 0, 1
(36,60), 0, 1
(36,61), 0, 1
(36,62), 0, 1
(36,63), 0, 1
(36,64), 0, 1
(36,65), 0, 1
(36,66), 0, 1
(36,67), 0, 1
(36,68), 0, 1
(36,74), 0, 1
(36,75), 0, 1
(36,76), 0, 1
(36,79), 0, 1
(36,81), 0, 1
(36,82), 0, 1
(36,83), 0, 1
(36,84), 0, 1
(36,85), 0, 1
(36,86), 0, 1
(36,87), 0, 1
(36,88), 0, 1
(36,89), 0, 1
(36,90), 0, 1
(36,91), 0, 1
(36,92), 0, 1
(36,93), 0, 1
(37,2), 0, 1
(37,6), 0, 1
(37,9), 0, 1
(37,36), 0, 1
(37,49), 0, 1
(37,59), 0, 1
(37,65), 0, 1
(37,66), 0, 1
(37,79), 0, 1
(37,82), 0, 1
(37,87), 0, 1
(38,2), 0, 1
(38,9), 0, 1
(38,26), 0, 1
(38,36), 0, 1
(38,49), 0, 1
(38,65), 0, 1
(38,66), 0, 1
(38,79), 0, 1
(38,82), 0, 1
(38,87), 0, 1
(39,0), 0, 1
(39,1), 0, 1
(39,2), 0, 1
(39,3), 0, 1
(39,4), 0, 1
(39,5), 0, 1
(39,9), 0, 1
(39,10), 0, 1
(39,11), 0, 1
(39,13), 0, 1
(39,15), 0, 1
(39,16), 0, 1
(39,18), 0, 1
(39,19), 0, 1
(39,21), 0, 1
(39,22), 0, 1
(39,23), 0, 1
(39,24), 0, 1
(39,25), 0, 1
(39,26), 0, 1
(39,28), 0, 1
(39,31), 0, 1
(39,32), 0, 1
(39,34), 0, 1
(39,35), 0, 1
(39,36), 0, 1
(39,38), 0, 1
(39,40), 0, 1
(39,41), 0, 1
(39,42), 0, 1
(39,43), 0, 1
(39,44), 0, 1
(39,45), 0, 1
(39,47), 0, 1
(39,48), 0, 1
(39,51), 0, 1
(39,53), 0, 1
(39,56), 0, 1
(39,58), 0, 1
(39,60), 0, 1
(39,61), 0, 1
(39,62), 0, 1
(39,64), 0, 1
(39,65), 0, 1
(39,66), 0, 1
(39,67), 0, 1
(39,68), 0, 1
(39,69), 0, 1
(39,74), 0, 1
(39,75), 0, 1
(39,76), 0, 1
(39,79), 0, 1
(39,81), 0, 1
(39,82), 0, 1
(39,83), 0, 1
(39,84), 0, 1
(39,85), 0, 1
(39,86), 0, 1
(39,87), 0, 1
(39,88), 0, 1
(39,89), 0, 1
(39,90), 0, 1
(39,91), 0, 1
(39,92), 0, 1
(39,93), 0, 1
(40,26), 0, 1
(40,36), 0, 1
(40,39), 0, 1
(40,49), 0, 1
(40,65), 0, 1
(40,66), 0, 1
(40,69), 0, 1
(40,79), 0, 1
(40,82), 0, 1
(40,87), 0, 1
(41,2), 0, 1
(41,7), 0, 1
(41,9), 0, 1
(41,26), 0, 1
(41,36), 0, 1
(41,59), 0, 1
(41,65), 0, 1
(41,66), 0, 1
(41,69), 0, 1
(41,79), 0, 1
(41,82), 0, 1
(41,87), 0, 1
(42,82), 0, 1
(43,2), 0, 1
(43,9), 0, 1
(43,26), 0, 1
(43,49), 0, 1
(43,54), 0, 1
(43,59), 0, 1
(43,65), 0, 1
(43,66), 0, 1
(43,69), 0, 1
(43,77), 0, 1
(43,79), 0, 1
(43,82), 0, 1
(43,87), 0, 1
(44,2), 0, 1
(44,9), 0, 1
(44,26), 0, 1
(44,36), 0, 1
(44,49), 0, 1
(44,65), 0, 1
(44,66), 0, 1
(44,69), 0, 1
(44,79), 0, 1
(44,82), 0, 1
(44,87), 0, 1
(45,2), 0, 1
(45,7), 0, 1
(45,26), 0, 1
(45,36), 0, 1
(45,37), 0, 1
(45,49), 0, 1
(45,59), 0, 1
(45,65), 0, 1
(45,69), 0, 1
(45,79), 0, 1
(45,82), 0, 1
(45,87), 0, 1
(46,6), 0, 1
(46,82), 0, 1
(47,9), 0, 1
(47,26), 0, 1
(47,36), 0, 1
(47,49), 0, 1
(47,59), 0, 1
(47,65), 0, 1
(47,66), 0, 1
(47,69), 0, 1
(47,79), 0, 1
(47,82), 0, 1
(47,87), 0, 1
(48,10), 0, 1
(48,13), 0, 1
(48,22), 0, 1
(48,25), 0, 1
(48,28), 0, 1
(48,38), 0, 1
(48,40), 0, 1
(48,53), 0, 1
(48,55), 0, 1
(48,60), 0, 1
(48,64), 0, 1
(48,68), 0, 1
(48,73), 0, 1
(48,81), 0, 1
(48,82), 0, 1
(48,86), 0, 1
(48,93), 0, 1
(49,6), 0, 1
(49,10), 0, 1
(49,13), 0, 1
(49,22), 0, 1
(49,25), 0, 1
(49,28), 0, 1
(49,38), 0, 1
(49,40), 0, 1
(49,44), 0, 1
(49,50), 0, 1
(49,53), 0, 1
(49,55), 0, 1
(49,64), 0, 1
(49,68), 0, 1
(49,73), 0, 1
(49,82), 0, 1
(49,93), 0, 1
(50,82), 0, 1
(51,2), 0, 1
(51,9), 0, 1
(51,26), 0, 1
(51,36), 0, 1
(51,49), 0, 1
(51,54), 0, 1
(51,65), 0, 1
(51,66), 0, 1
(51,69), 0, 1
(51,70), 0, 1
(51,79), 0, 1
(51,87), 0, 1
(52,2), 0, 1
(52,26), 0, 1
(52,49), 0, 1
(52,59), 0, 1
(52,65), 0, 1
(52,69), 0, 1
(52,79), 0, 1
(52,82), 0, 1
(52,87), 0, 1
(53,0), 0, 1
(53,1), 0, 1
(53,2), 0, 1
(53,4), 0, 1
(53,10), 0, 1
(53,11), 0, 1
(53,13), 0, 1
(53,14), 0, 1
(53,15), 0, 1
(53,16), 0, 1
(53,17), 0, 1
(53,18), 0, 1
(53,19), 0, 1
(53,20), 0, 1
(53,21), 0, 1
(53,22), 0, 1
(53,23), 0, 1
(53,24), 0, 1
(53,25), 0, 1
(53,26), 0, 1
(53,28), 0, 1
(53,31), 0, 1
(53,32), 0, 1
(53,34), 0, 1
(53,35), 0, 1
(53,36), 0, 1
(53,38), 0, 1
(53,40), 0, 1
(53,41), 0, 1
(53,43), 0, 1
(53,44), 0, 1
(53,45), 0, 1
(53,47), 0, 1
(53,48), 0, 1
(53,49), 0, 1
(53,50), 0, 1
(53,51), 0, 1
(53,52), 0, 1
(53,55), 0, 1
(53,56), 0, 1
(53,57), 0, 1
(53,59), 0, 1
(53,60), 0, 1
(53,61), 0, 1
(53,62), 0, 1
(53,63), 0, 1
(53,64), 0, 1
(53,65), 0, 1
(53,66), 0, 1
(53,67), 0, 1
(53,68), 0, 1
(53,70), 0, 1
(53,74), 0, 1
(53,75), 0, 1
(53,76), 0, 1
(53,77), 0, 1
(53,79), 0, 1
(53,81), 0, 1
(53,82), 0, 1
(53,83), 0, 1
(53,84), 0, 1
(53,85), 0, 1
(53,86), 0, 1
(53,87), 0, 1
(53,88), 0, 1
(53,89), 0, 1
(53,90), 0, 1
(53,91), 0, 1
(53,92), 0, 1
(53,93), 0, 1
(54,10), 0, 1
(54,13), 0, 1
(54,22), 0, 1
(54,25), 0, 1
(54,28), 0, 1
(54,38), 0, 1
(54,40), 0, 1
(54,50), 0, 1
(54,55), 0, 1
(54,60), 0, 1
(54,64), 0, 1
(54,68), 0, 1
(54,82), 0, 1
(54,86), 0, 1
(54,93), 0, 1
(55,2), 0, 1
(55,7), 0, 1
(55,9), 0, 1
(55,26), 0, 1
(55,36), 0, 1
(55,59), 0, 1
(55,65), 0, 1
(55,69), 0, 1
(55,87), 0, 1
(56,2), 0, 1
(56,9), 0, 1
(56,26), 0, 1
(56,36), 0, 1
(56,65), 0, 1
(56,69), 0, 1
(56,71), 0, 1
(56,79), 0, 1
(56,82), 0, 1
(56,87), 0, 1
(57,82), 0, 1
(58,2), 0, 1
(58,7), 0, 1
(58,9), 0, 1
(58,26), 0, 1
(58,36), 0, 1
(58,39), 0, 1
(58,49), 0, 1
(58,65), 0, 1
(58,66), 0, 1
(58,69), 0, 1
(58,79), 0, 1
(58,82), 0, 1
(58,87), 0, 1
(59,10), 0, 1
(59,13), 0, 1
(59,22), 0, 1
(59,25), 0, 1
(59,28), 0, 1
(59,38), 0, 1
(59,40), 0, 1
(59,50), 0, 1
(59,53), 0, 1
(59,55), 0, 1
(59,60), 0, 1
(59,64), 0, 1
(59,68), 0, 1
(59,81), 0, 1
(59,82), 0, 1
(59,86), 0, 1
(59,93), 0, 1
(60,2), 0, 1
(60,9), 0, 1
(60,26), 0, 1
(60,36), 0, 1
(60,59), 0, 1
(60,65), 0, 1
(60,66), 0, 1
(60,69), 0, 1
(60,71), 0, 1
(60,79), 0, 1
(60,82), 0, 1
(60,87), 0, 1
(61,2), 0, 1
(61,26), 0, 1
(61,39), 0, 1
(61,65), 0, 1
(61,66), 0, 1
(61,69), 0, 1
(61,79), 0, 1
(61,82), 0, 1
(61,87), 0, 1
(62,10), 0, 1
(62,12), 0, 1
(62,13), 0, 1
(62,22), 0, 1
(62,25), 0, 1
(62,28), 0, 1
(62,38), 0, 1
(62,40), 0, 1
(62,44), 0, 1
(62,50), 0, 1
(62,53), 0, 1
(62,55), 0, 1
(62,60), 0, 1
(62,64), 0, 1
(62,68), 0, 1
(62,81), 0, 1
(62,82), 0, 1
(62,86), 0, 1
(62,93), 0, 1
(63,2), 0, 1
(63,26), 0, 1
(63,36), 0, 1
(63,39), 0, 1
(63,59), 0, 1
(63,65), 0, 1
(63,66), 0, 1
(63,79), 0, 1
(63,87), 0, 1
(64,2), 0, 1
(64,9), 0, 1
(64,26), 0, 1
(64,36), 0, 1
(64,49), 0, 1
(64,59), 0, 1
(64,65), 0, 1
(64,66), 0, 1
(64,69), 0, 1
(64,79), 0, 1
(64,82), 0, 1
(64,87), 0, 1
(65,0), 0, 1
(65,1), 0, 1
(65,2), 0, 1
(65,3), 0, 1
(65,4), 0, 1
(65,5), 0, 1
(65,9), 0, 1
(65,10), 0, 1
(65,11), 0, 1
(65,13), 0, 1
(65,15), 0, 1
(65,16), 0, 1
(65,17), 0, 1
(65,19), 0, 1
(65,21), 0, 1
(65,22), 0, 1
(65,23), 0, 1
(65,24), 0, 1
(65,25), 0, 1
(65,26), 0, 1
(65,28), 0, 1
(65,31), 0, 1
(65,32), 0, 1
(65,34), 0, 1
(65,35), 0, 1
(65,36), 0, 1
(65,38), 0, 1
(65,40), 0, 1
(65,41), 0, 1
(65,44), 0, 1
(65,45), 0, 1
(65,47), 0, 1
(65,48), 0, 1
(65,49), 0, 1
(65,51), 0, 1
(65,53), 0, 1
(65,55), 0, 1
(65,57), 0, 1
(65,58), 0, 1
(65,59), 0, 1
(65,60), 0, 1
(65,61), 0, 1
(65,62), 0, 1
(65,63), 0, 1
(65,64), 0, 1
(65,66), 0, 1
(65,67), 0, 1
(65,68), 0, 1
(65,73), 0, 1
(65,74), 0, 1
(65,75), 0, 1
(65,76), 0, 1
(65,79), 0, 1
(65,81), 0, 1
(65,82), 0, 1
(65,83), 0, 1
(65,84), 0, 1
(65,85), 0, 1
(65,86), 0, 1
(65,87), 0, 1
(65,88), 0, 1
(65,89), 0, 1
(65,91), 0, 1
(65,92), 0, 1
(66,2), 0, 1
(66,9), 0, 1
(66,26), 0, 1
(66,36), 0, 1
(66,37), 0, 1
(66,49), 0, 1
(66,59), 0, 1
(66,65), 0, 1
(66,79), 0, 1
(66,82), 0, 1
(66,87), 0, 1
(67,2), 0, 1
(67,9), 0, 1
(67,26), 0, 1
(67,36), 0, 1
(67,65), 0, 1
(67,66), 0, 1
(67,69), 0, 1
(67,70), 0, 1
(67,79), 0, 1
(67,87), 0, 1
(68,2), 0, 1
(68,26), 0, 1
(68,36), 0, 1
(68,59), 0, 1
(68,65), 0, 1
(68,66), 0, 1
(68,69), 0, 1
(68,70), 0, 1
(68,79), 0, 1
(68,82), 0, 1
(68,87), 0, 1
(69,0), 0, 1
(69,1), 0, 1
(69,2), 0, 1
(69,3), 0, 1
(69,4), 0, 1
(69,5), 0, 1
(69,9), 0, 1
(69,10), 0, 1
(69,11), 0, 1
(69,13), 0, 1
(69,14), 0, 1
(69,15), 0, 1
(69,16), 0, 1
(69,17), 0, 1
(69,18), 0, 1
(69,19), 0, 1
(69,21), 0, 1
(69,22), 0, 1
(69,23), 0, 1
(69,24), 0, 1
(69,25), 0, 1
(69,26), 0, 1
(69,28), 0, 1
(69,31), 0, 1
(69,32), 0, 1
(69,34), 0, 1
(69,35), 0, 1
(69,36), 0, 1
(69,38), 0, 1
(69,40), 0, 1
(69,41), 0, 1
(69,43), 0, 1
(69,45), 0, 1
(69,47), 0, 1
(69,48), 0, 1
(69,49), 0, 1
(69,50), 0, 1
(69,56), 0, 1
(69,57), 0, 1
(69,58), 0, 1
(69,59), 0, 1
(69,60), 0, 1
(69,61), 0, 1
(69,62), 0, 1
(69,63), 0, 1
(69,64), 0, 1
(69,65), 0, 1
(69,66), 0, 1
(69,67), 0, 1
(69,68), 0, 1
(69,74), 0, 1
(69,75), 0, 1
(69,79), 0, 1
(69,82), 0, 1
(69,83), 0, 1
(69,84), 0, 1
(69,85), 0, 1
(69,86), 0, 1
(69,87), 0, 1
(69,88), 0, 1
(69,89), 0, 1
(69,91), 0, 1
(69,92), 0, 1
(69,93), 0, 1
(70,2), 0, 1
(70,9), 0, 1
(70,26), 0, 1
(70,36), 0, 1
(70,59), 0, 1
(70,65), 0, 1
(70,66), 0, 1
(70,69), 0, 1
(70,79), 0, 1
(70,82), 0, 1
(70,87), 0, 1
(71,2), 0, 1
(71,9), 0, 1
(71,26), 0, 1
(71,36), 0, 1
(71,65), 0, 1
(71,66), 0, 1
(71,77), 0, 1
(71,79), 0, 1
(71,82), 0, 1
(71,87), 0, 1
(72,0), 0, 1
(72,1), 0, 1
(72,2), 0, 1
(72,4), 0, 1
(72,5), 0, 1
(72,7), 0, 1
(72,9), 0, 1
(72,10), 0, 1
(72,11), 0, 1
(72,13), 0, 1
(72,15), 0, 1
(72,16), 0, 1
(72,17), 0, 1
(72,18), 0, 1
(72,19), 0, 1
(72,21), 0, 1
(72,22), 0, 1
(72,23), 0, 1
(72,24), 0, 1
(72,25), 0, 1
(72,26), 0, 1
(72,28), 0, 1
(72,31), 0, 1
(72,32), 0, 1
(72,34), 0, 1
(72,35), 0, 1
(72,38), 0, 1
(72,40), 0, 1
(72,41), 0, 1
(72,43), 0, 1
(72,44), 0, 1
(72,45), 0, 1
(72,47), 0, 1
(72,48), 0, 1
(72,49), 0, 1
(72,50), 0, 1
(72,51), 0, 1
(72,53), 0, 1
(72,55), 0, 1
(72,56), 0, 1
(72,57), 0, 1
(72,58), 0, 1
(72,59), 0, 1
(72,60), 0, 1
(72,61), 0, 1
(72,62), 0, 1
(72,63), 0, 1
(72,64), 0, 1
(72,65), 0, 1
(72,66), 0, 1
(72,67), 0, 1
(72,68), 0, 1
(72,69), 0, 1
(72,74), 0, 1
(72,75), 0, 1
(72,76), 0, 1
(72,79), 0, 1
(72,81), 0, 1
(72,82), 0, 1
(72,83), 0, 1
(72,84), 0, 1
(72,85), 0, 1
(72,86), 0, 1
(72,87), 0, 1
(72,88), 0, 1
(72,89), 0, 1
(72,91), 0, 1
(72,92), 0, 1
(72,93), 0, 1
(73,2), 0, 1
(73,9), 0, 1
(73,26), 0, 1
(73,29), 0, 1
(73,36), 0, 1
(73,49), 0, 1
(73,59), 0, 1
(73,65), 0, 1
(73,66), 0, 1
(73,69), 0, 1
(73,79), 0, 1
(73,82), 0, 1
(73,87), 0, 1
(74,2), 0, 1
(74,9), 0, 1
(74,26), 0, 1
(74,36), 0, 1
(74,49), 0, 1
(74,59), 0, 1
(74,65), 0, 1
(74,66), 0, 1
(74,70), 0, 1
(74,79), 0, 1
(74,82), 0, 1
(74,87), 0, 1
(75,10), 0, 1
(75,13), 0, 1
(75,22), 0, 1
(75,25), 0, 1
(75,28), 0, 1
(75,38), 0, 1
(75,40), 0, 1
(75,44), 0, 1
(75,50), 0, 1
(75,55), 0, 1
(75,60), 0, 1
(75,64), 0, 1
(75,68), 0, 1
(75,82), 0, 1
(75,86), 0, 1
(75,93), 0, 1
(76,2), 0, 1
(76,9), 0, 1
(76,27), 0, 1
(76,49), 0, 1
(76,54), 0, 1
(76,59), 0, 1
(76,65), 0, 1
(76,66), 0, 1
(76,69), 0, 1
(76,79), 0, 1
(76,82), 0, 1
(76,87), 0, 1
(77,82), 0, 1
(78,0), 0, 1
(78,1), 0, 1
(78,2), 0, 1
(78,3), 0, 1
(78,4), 0, 1
(78,5), 0, 1
(78,9), 0, 1
(78,10), 0, 1
(78,11), 0, 1
(78,13), 0, 1
(78,14), 0, 1
(78,15), 0, 1
(78,16), 0, 1
(78,17), 0, 1
(78,18), 0, 1
(78,19), 0, 1
(78,21), 0, 1
(78,22), 0, 1
(78,23), 0, 1
(78,24), 0, 1
(78,25), 0, 1
(78,26), 0, 1
(78,28), 0, 1
(78,31), 0, 1
(78,32), 0, 1
(78,34), 0, 1
(78,35), 0, 1
(78,36), 0, 1
(78,38), 0, 1
(78,39), 0, 1
(78,40), 0, 1
(78,41), 0, 1
(78,42), 0, 1
(78,44), 0, 1
(78,45), 0, 1
(78,47), 0, 1
(78,48), 0, 1
(78,50), 0, 1
(78,51), 0, 1
(78,52), 0, 1
(78,53), 0, 1
(78,55), 0, 1
(78,56), 0, 1
(78,57), 0, 1
(78,58), 0, 1
(78,60), 0, 1
(78,61), 0, 1
(78,62), 0, 1
(78,63), 0, 1
(78,64), 0, 1
(78,65), 0, 1
(78,66), 0, 1
(78,67), 0, 1
(78,68), 0, 1
(78,69), 0, 1
(78,74), 0, 1
(78,75), 0, 1
(78,76), 0, 1
(78,79), 0, 1
(78,81), 0, 1
(78,82), 0, 1
(78,83), 0, 1
(78,84), 0, 1
(78,85), 0, 1
(78,86), 0, 1
(78,87), 0, 1
(78,88), 0, 1
(78,89), 0, 1
(78,90), 0, 1
(78,91), 0, 1
(78,92), 0, 1
(78,93), 0, 1
(79,6), 0, 1
(79,10), 0, 1
(79,13), 0, 1
(79,22), 0, 1
(79,25), 0, 1
(79,28), 0, 1
(79,38), 0, 1
(79,40), 0, 1
(79,44), 0, 1
(79,50), 0, 1
(79,55), 0, 1
(79,64), 0, 1
(79,68), 0, 1
(79,81), 0, 1
(79,82), 0, 1
(79,86), 0, 1
(79,93), 0, 1
(80,2), 0, 1
(80,9), 0, 1
(80,26), 0, 1
(80,36), 0, 1
(80,59), 0, 1
(80,65), 0, 1
(80,69), 0, 1
(80,79), 0, 1
(80,82), 0, 1
(80,87), 0, 1
(81,2), 0, 1
(81,26), 0, 1
(81,36), 0, 1
(81,49), 0, 1
(81,59), 0, 1
(81,65), 0, 1
(81,66), 0, 1
(81,69), 0, 1
(81,79), 0, 1
(81,87), 0, 1
(82,0), 0, 1
(82,1), 0, 1
(82,2), 0, 1
(82,4), 0, 1
(82,5), 0, 1
(82,8), 0, 1
(82,9), 0, 1
(82,10), 0, 1
(82,11), 0, 1
(82,13), 0, 1
(82,14), 0, 1
(82,15), 0, 1
(82,16), 0, 1
(82,17), 0, 1
(82,18), 0, 1
(82,19), 0, 1
(82,21), 0, 1
(82,23), 0, 1
(82,24), 0, 1
(82,25), 0, 1
(82,26), 0, 1
(82,27), 0, 1
(82,28), 0, 1
(82,31), 0, 1
(82,32), 0, 1
(82,34), 0, 1
(82,35), 0, 1
(82,36), 0, 1
(82,38), 0, 1
(82,40), 0, 1
(82,43), 0, 1
(82,44), 0, 1
(82,45), 0, 1
(82,47), 0, 1
(82,49), 0, 1
(82,51), 0, 1
(82,53), 0, 1
(82,55), 0, 1
(82,56), 0, 1
(82,57), 0, 1
(82,58), 0, 1
(82,59), 0, 1
(82,60), 0, 1
(82,61), 0, 1
(82,62), 0, 1
(82,63), 0, 1
(82,64), 0, 1
(82,65), 0, 1
(82,66), 0, 1
(82,67), 0, 1
(82,68), 0, 1
(82,69), 0, 1
(82,74), 0, 1
(82,75), 0, 1
(82,79), 0, 1
(82,80), 0, 1
(82,81), 0, 1
(82,83), 0, 1
(82,84), 0, 1
(82,85), 0, 1
(82,86), 0, 1
(82,87), 0, 1
(82,88), 0, 1
(82,89), 0, 1
(82,91), 0, 1
(82,92), 0, 1
(82,93), 0, 1
(83,2), 0, 1
(83,9), 0, 1
(83,26), 0, 1
(83,59), 0, 1
(83,65), 0, 1
(83,66), 0, 1
(83,79), 0, 1
(83,82), 0, 1
(83,87), 0, 1
(84,2), 0, 1
(84,9), 0, 1
(84,26), 0, 1
(84,36), 0, 1
(84,49), 0, 1
(84,59), 0, 1
(84,65), 0, 1
(84,66), 0, 1
(84,69), 0, 1
(84,70), 0, 1
(84,79), 0, 1
(84,82), 0, 1
(84,87), 0, 1
(86,2), 0, 1
(86,7), 0, 1
(86,9), 0, 1
(86,26), 0, 1
(86,36), 0, 1
(86,39), 0, 1
(86,59), 0, 1
(86,65), 0, 1
(86,66), 0, 1
(86,69), 0, 1
(86,79), 0, 1
(86,82), 0, 1
(86,87), 0, 1
(87,10), 0, 1
(87,13), 0, 1
(87,22), 0, 1
(87,25), 0, 1
(87,28), 0, 1
(87,38), 0, 1
(87,40), 0, 1
(87,44), 0, 1
(87,50), 0, 1
(87,55), 0, 1
(87,60), 0, 1
(87,64), 0, 1
(87,68), 0, 1
(87,81), 0, 1
(87,82), 0, 1
(87,86), 0, 1
(87,93), 0, 1
(88,6), 0, 1
(88,10), 0, 1
(88,13), 0, 1
(88,22), 0, 1
(88,25), 0, 1
(88,28), 0, 1
(88,38), 0, 1
(88,40), 0, 1
(88,44), 0, 1
(88,53), 0, 1
(88,55), 0, 1
(88,60), 0, 1
(88,64), 0, 1
(88,68), 0, 1
(88,81), 0, 1
(88,82), 0, 1
(88,86), 0, 1
(88,93), 0, 1
(89,2), 0, 1
(89,9), 0, 1
(89,26), 0, 1
(89,27), 0, 1
(89,49), 0, 1
(89,65), 0, 1
(89,66), 0, 1
(89,69), 0, 1
(89,71), 0, 1
(89,79), 0, 1
(89,82), 0, 1
(89,87), 0, 1
(90,0), 0, 1
(90,1), 0, 1
(90,2), 0, 1
(90,3), 0, 1
(90,4), 0, 1
(90,5), 0, 1
(90,9), 0, 1
(90,10), 0, 1
(90,13), 0, 1
(90,14), 0, 1
(90,15), 0, 1
(90,16), 0, 1
(90,17), 0, 1
(90,18), 0, 1
(90,19), 0, 1
(90,21), 0, 1
(90,22), 0, 1
(90,23), 0, 1
(90,24), 0, 1
(90,25), 0, 1
(90,26), 0, 1
(90,28), 0, 1
(90,31), 0, 1
(90,32), 0, 1
(90,34), 0, 1
(90,35), 0, 1
(90,37), 0, 1
(90,38), 0, 1
(90,40), 0, 1
(90,41), 0, 1
(90,43), 0, 1
(90,45), 0, 1
(90,47), 0, 1
(90,48), 0, 1
(90,49), 0, 1
(90,50), 0, 1
(90,51), 0, 1
(90,52), 0, 1
(90,53), 0, 1
(90,55), 0, 1
(90,56), 0, 1
(90,57), 0, 1
(90,58), 0, 1
(90,60), 0, 1
(90,61), 0, 1
(90,62), 0, 1
(90,63), 0, 1
(90,64), 0, 1
(90,66), 0, 1
(90,67), 0, 1
(90,68), 0, 1
(90,69), 0, 1
(90,74), 0, 1
(90,75), 0, 1
(90,76), 0, 1
(90,77), 0, 1
(90,79), 0, 1
(90,80), 0, 1
(90,81), 0, 1
(90,82), 0, 1
(90,83), 0, 1
(90,84), 0, 1
(90,85), 0, 1
(90,87), 0, 1
(90,88), 0, 1
(90,89), 0, 1
(90,91), 0, 1
(90,92), 0, 1
(90,93), 0, 1
(91,2), 0, 1
(91,9), 0, 1
(91,26), 0, 1
(91,36), 0, 1
(91,49), 0, 1
(91,65), 0, 1
(91,66), 0, 1
(91,69), 0, 1
(91,79), 0, 1
(91,87), 0, 1
(92,10), 0, 1
(92,13), 0, 1
(92,22), 0, 1
(92,25), 0, 1
(92,28), 0, 1
(92,38), 0, 1
(92,40), 0, 1
(92,44), 0, 1
(92,50), 0, 1
(92,53), 0, 1
(92,55), 0, 1
(92,60), 0, 1
(92,64), 0, 1
(92,68), 0, 1
(92,81), 0, 1
(92,82), 0, 1
(92,86), 0, 1
(92,93), 0, 1
(93,9), 0, 1
(93,26), 0, 1
(93,36), 0, 1
(93,54), 0, 1
(93,59), 0, 1
(93,65), 0, 1
(93,66), 0, 1
(93,79), 0, 1
(93,82), 0, 1
(93,87), 0, 1
(94,2), 0, 1
(94,9), 0, 1
(94,26), 0, 1
(94,49), 0, 1
(94,65), 0, 1
(94,66), 0, 1
(94,69), 0, 1
(94,79), 0, 1
(94,82), 0, 1
(94,87), 0, 1
(95,0), 0, 1
(95,1), 0, 1
(95,2), 0, 1
(95,3), 0, 1
(95,4), 0, 1
(95,5), 0, 1
(95,9), 0, 1
(95,10), 0, 1
(95,11), 0, 1
(95,12), 0, 1
(95,14), 0, 1
(95,15), 0, 1
(95,16), 0, 1
(95,17), 0, 1
(95,18), 0, 1
(95,19), 0, 1
(95,21), 0, 1
(95,22), 0, 1
(95,23), 0, 1
(95,24), 0, 1
(95,25), 0, 1
(95,26), 0, 1
(95,28), 0, 1
(95,31), 0, 1
(95,32), 0, 1
(95,33), 0, 1
(95,34), 0, 1
(95,35), 0, 1
(95,36), 0, 1
(95,38), 0, 1
(95,39), 0, 1
(95,40), 0, 1
(95,43), 0, 1
(95,44), 0, 1
(95,45), 0, 1
(95,47), 0, 1
(95,48), 0, 1
(95,50), 0, 1
(95,51), 0, 1
(95,52), 0, 1
(95,55), 0, 1
(95,56), 0, 1
(95,57), 0, 1
(95,58), 0, 1
(95,60), 0, 1
(95,61), 0, 1
(95,62), 0, 1
(95,63), 0, 1
(95,64), 0, 1
(95,65), 0, 1
(95,66), 0, 1
(95,67), 0, 1
(95,68), 0, 1
(95,69), 0, 1
(95,70), 0, 1
(95,74), 0, 1
(95,75), 0, 1
(95,76), 0, 1
(95,79), 0, 1
(95,81), 0, 1
(95,82), 0, 1
(95,83), 0, 1
(95,84), 0, 1
(95,85), 0, 1
(95,86), 0, 1
(95,87), 0, 1
(95,88), 0, 1
(95,89), 0, 1
(95,91), 0, 1
(95,92), 0, 1
(95,93), 0, 1
(96,10), 0, 1
(96,13), 0, 1
(96,22), 0, 1
(96,25), 0, 1
(96,28), 0, 1
(96,38), 0, 1
(96,40), 0, 1
(96,44), 0, 1
(96,50), 0, 1
(96,53), 0, 1
(96,55), 0, 1
(96,60), 0, 1
(96,68), 0, 1
(96,81), 0, 1
(96,82), 0, 1
(96,86), 0, 1
(96,93), 0, 1
(97,10), 0, 1
(97,13), 0, 1
(97,22), 0, 1
(97,25), 0, 1
(97,28), 0, 1
(97,38), 0, 1
(97,40), 0, 1
(97,44), 0, 1
(97,50), 0, 1
(97,55), 0, 1
(97,60), 0, 1
(97,64), 0, 1
(97,68), 0, 1
(97,82), 0, 1
(97,86), 0, 1
(97,93), 0, 1
(98,2), 0, 1
(98,9), 0, 1
(98,26), 0, 1
(98,36), 0, 1
(98,49), 0, 1
(98,65), 0, 1
(98,66), 0, 1
(98,69), 0, 1
(98,79), 0, 1
(98,82), 0, 1
(98,87), 0, 1
(99,0), 0, 1
(99,1), 0, 1
(99,2), 0, 1
(99,3), 0, 1
(99,5), 0, 1
(99,9), 0, 1
(99,10), 0, 1
(99,11), 0, 1
(99,13), 0, 1
(99,14), 0, 1
(99,15), 0, 1
(99,16), 0, 1
(99,17), 0, 1
(99,18), 0, 1
(99,19), 0, 1
(99,21), 0, 1
(99,22), 0, 1
(99,23), 0, 1
(99,24), 0, 1
(99,25), 0, 1
(99,26), 0, 1
(99,28), 0, 1
(99,31), 0, 1
(99,32), 0, 1
(99,34), 0, 1
(99,35), 0, 1
(99,36), 0, 1
(99,38), 0, 1
(99,39), 0, 1
(99,40), 0, 1
(99,41), 0, 1
(99,43), 0, 1
(99,45), 0, 1
(99,47), 0, 1
(99,48), 0, 1
(99,49), 0, 1
(99,50), 0, 1
(99,51), 0, 1
(99,52), 0, 1
(99,53), 0, 1
(99,56), 0, 1
(99,57), 0, 1
(99,59), 0, 1
(99,60), 0, 1
(99,61), 0, 1
(99,63), 0, 1
(99,64), 0, 1
(99,65), 0, 1
(99,66), 0, 1
(99,68), 0, 1
(99,69), 0, 1
(99,74), 0, 1
(99,75), 0, 1
(99,76), 0, 1
(99,79), 0, 1
(99,80), 0, 1
(99,81), 0, 1
(99,83), 0, 1
(99,84), 0, 1
(99,85), 0, 1
(99,86), 0, 1
(99,87), 0, 1
(99,88), 0, 1
(99,89), 0, 1
(99,91), 0, 1
(99,92), 0, 1
(99,93), 0, 1
