Nr_Pairs = 97
Nr_NDD = 3
Nr_Arcs = 2016
0	0.90
1	0.90
2	0.92
3	0.5
4	0.5
5	0.28
6	0.5
7	0.5
8	0.5
9	0.5
10	0.5
11	0.5
12	0.5
13	0.28
14	0.92
15	0.28
16	0.5
17	0.5
18	0.5
19	0.5
20	0.5
21	0.5
22	0.10
23	0.90
24	0.10
25	0.90
26	0.5
27	0.90
28	0.5
29	0.5
30	0.28
31	0.28
32	0.5
33	0.5
34	0.5
35	0.5
36	0.5
37	0.5
38	0.90
39	0.90
40	0.32
41	0.5
42	0.28
43	0.90
44	0.90
45	0.28
46	0.5
47	0.5
48	0.92
49	0.10
50	0.10
51	0.5
52	0.5
53	0.28
54	0.28
55	0.5
56	0.5
57	0.90
58	0.28
59	0.28
60	0.5
61	0.5
62	0.90
63	0.5
64	0.5
65	0.10
66	0.5
67	0.5
68	0.28
69	0.5
70	0.5
71	0.5
72	0.10
73	0.5
74	0.28
75	0.90
76	0.32
77	0.5
78	0.10
79	0.5
80	0.28
81	0.28
82	0.5
83	0.28
84	0.5
85	0.10
86	0.28
87	0.32
88	0.92
89	0.28
90	0.5
91	0.10
92	0.10
93	0.5
94	0.5
95	0.32
96	0.5
97	0.0
98	0.0
99	0.0
(0,4), 0, 1
(0,10), 0, 1
(0,16), 0, 1
(0,20), 0, 1
(0,28), 0, 1
(0,31), 0, 1
(0,34), 0, 1
(0,46), 0, 1
(0,50), 0, 1
(0,54), 0, 1
(0,59), 0, 1
(0,83), 0, 1
(0,90), 0, 1
(0,91), 0, 1
(0,95), 0, 1
(0,96), 0, 1
(1,4), 0, 1
(1,10), 0, 1
(1,16), 0, 1
(1,20), 0, 1
(1,27), 0, 1
(1,28), 0, 1
(1,30), 0, 1
(1,31), 0, 1
(1,34), 0, 1
(1,46), 0, 1
(1,50), 0, 1
(1,59), 0, 1
(1,83), 0, 1
(1,90), 0, 1
(1,91), 0, 1
(1,96), 0, 1
(2,4), 0, 1
(2,16), 0, 1
(2,20), 0, 1
(2,28), 0, 1
(2,30), 0, 1
(2,34), 0, 1
(2,46), 0, 1
(2,89), 0, 1
(2,90), 0, 1
(2,91), 0, 1
(2,96), 0, 1
(3,4), 0, 1
(3,10), 0, 1
(3,14), 0, 1
(3,16), 0, 1
(3,20), 0, 1
(3,27), 0, 1
(3,28), 0, 1
(3,30), 0, 1
(3,31), 0, 1
(3,34), 0, 1
(3,46), 0, 1
(3,50), 0, 1
(3,54), 0, 1
(3,83), 0, 1
(3,89), 0, 1
(3,90), 0, 1
(3,91), 0, 1
(3,96), 0, 1
(4,3), 0, 1
(4,18), 0, 1
(4,26), 0, 1
(4,35), 0, 1
(4,40), 0, 1
(4,43), 0, 1
(4,51), 0, 1
(4,65), 0, 1
(4,79), 0, 1
(5,3), 0, 1
(5,18), 0, 1
(5,26), 0, 1
(5,35), 0, 1
(5,40), 0, 1
(5,51), 0, 1
(5,65), 0, 1
(5,68), 0, 1
(5,79), 0, 1
(6,3), 0, 1
(6,18), 0, 1
(6,26), 0, 1
(6,35), 0, 1
(6,51), 0, 1
(6,53), 0, 1
(6,65), 0, 1
(6,79), 0, 1
(7,10), 0, 1
(7,16), 0, 1
(7,20), 0, 1
(7,28), 0, 1
(7,31), 0, 1
(7,34), 0, 1
(7,46), 0, 1
(7,50), 0, 1
(7,54), 0, 1
(7,59), 0, 1
(7,89), 0, 1
(7,90), 0, 1
(7,91), 0, 1
(7,95), 0, 1
(7,96), 0, 1
(8,2), 0, 1
(8,4), 0, 1
(8,10), 0, 1
(8,16), 0, 1
(8,20), 0, 1
(8,28), 0, 1
(8,30), 0, 1
(8,34), 0, 1
(8,43), 0, 1
(8,46), 0, 1
(8,50), 0, 1
(8,54), 0, 1
(8,59), 0, 1
(8,83), 0, 1
(8,90), 0, 1
(8,91), 0, 1
(8,95), 0, 1
(8,96), 0, 1
(9,4), 0, 1
(9,10), 0, 1
(9,14), 0, 1
(9,16), 0, 1
(9,20), 0, 1
(9,28), 0, 1
(9,30), 0, 1
(9,34), 0, 1
(9,46), 0, 1
(9,50), 0, 1
(9,59), 0, 1
(9,89), 0, 1
(9,90), 0, 1
(9,91), 0, 1
(9,95), 0, 1
(9,96), 0, 1
(10,3), 0, 1
(10,18), 0, 1
(10,26), 0, 1
(10,35), 0, 1
(10,51), 0, 1
(10,53), 0, 1
(10,65), 0, 1
(10,68), 0, 1
(10,79), 0, 1
(11,4), 0, 1
(11,16), 0, 1
(11,20), 0, 1
(11,28), 0, 1
(11,30), 0, 1
(11,34), 0, 1
(11,46), 0, 1
(11,50), 0, 1
(11,54), 0, 1
(11,83), 0, 1
(11,89), 0, 1
(11,90), 0, 1
(11,91), 0, 1
(11,96), 0, 1
(12,3), 0, 1
(12,26), 0, 1
(12,35), 0, 1
(12,40), 0, 1
(12,51), 0, 1
(12,65), 0, 1
(12,68), 0, 1
(12,79), 0, 1
(13,4), 0, 1
(13,6), 0, 1
(13,7), 0, 1
(13,8), 0, 1
(13,9), 0, 1
(13,10), 0, 1
(13,11), 0, 1
(13,12), 0, 1
(13,15), 0, 1
(13,16), 0, 1
(13,17), 0, 1
(13,18), 0, 1
(13,19), 0, 1
(13,20), 0, 1
(13,21), 0, 1
(13,22), 0, 1
(13,23), 0, 1
(13,24), 0, 1
(13,26), 0, 1
(13,28), 0, 1
(13,29), 0, 1
(13,31), 0, 1
(13,33), 0, 1
(13,34), 0, 1
(13,35), 0, 1
(13,36), 0, 1
(13,37), 0, 1
(13,41), 0, 1
(13,42), 0, 1
(13,45), 0, 1
(13,46), 0, 1
(13,47), 0, 1
(13,49), 0, 1
(13,50), 0, 1
(13,51), 0, 1
(13,52), 0, 1
(13,53), 0, 1
(13,54), 0, 1
(13,55), 0, 1
(13,56), 0, 1
(13,58), 0, 1
(13,60), 0, 1
(13,61), 0, 1
(13,63), 0, 1
(13,64), 0, 1
(13,65), 0, 1
(13,66), 0, 1
(13,67), 0, 1
(13,68), 0, 1
(13,69), 0, 1
(13,70), 0, 1
(13,71), 0, 1
(13,72), 0, 1
(13,73), 0, 1
(13,76), 0, 1
(13,77), 0, 1
(13,78), 0, 1
(13,79), 0, 1
(13,80), 0, 1
(13,81), 0, 1
(13,82), 0, 1
(13,83), 0, 1
(13,84), 0, 1
(13,85), 0, 1
(13,89), 0, 1
(13,90), 0, 1
(13,91), 0, 1
(13,92), 0, 1
(13,93), 0, 1
(13,94), 0, 1
(13,95), 0, 1
(13,96), 0, 1
(14,4), 0, 1
(14,10), 0, 1
(14,16), 0, 1
(14,20), 0, 1
(14,28), 0, 1
(14,30), 0, 1
(14,31), 0, 1
(14,34), 0, 1
(14,46), 0, 1
(14,50), 0, 1
(14,57), 0, 1
(14,59), 0, 1
(14,83), 0, 1
(14,90), 0, 1
(14,91), 0, 1
(14,95), 0, 1
(14,96), 0, 1
(15,10), 0, 1
(15,16), 0, 1
(15,20), 0, 1
(15,28), 0, 1
(15,30), 0, 1
(15,46), 0, 1
(15,50), 0, 1
(15,54), 0, 1
(15,59), 0, 1
(15,83), 0, 1
(15,89), 0, 1
(15,90), 0, 1
(15,91), 0, 1
(15,95), 0, 1
(15,96), 0, 1
(16,3), 0, 1
(16,18), 0, 1
(16,26), 0, 1
(16,35), 0, 1
(16,40), 0, 1
(16,51), 0, 1
(16,65), 0, 1
(16,79), 0, 1
(17,3), 0, 1
(17,4), 0, 1
(17,5), 0, 1
(17,6), 0, 1
(17,7), 0, 1
(17,8), 0, 1
(17,9), 0, 1
(17,10), 0, 1
(17,11), 0, 1
(17,12), 0, 1
(17,13), 0, 1
(17,15), 0, 1
(17,16), 0, 1
(17,18), 0, 1
(17,19), 0, 1
(17,21), 0, 1
(17,22), 0, 1
(17,24), 0, 1
(17,26), 0, 1
(17,28), 0, 1
(17,29), 0, 1
(17,30), 0, 1
(17,31), 0, 1
(17,32), 0, 1
(17,33), 0, 1
(17,34), 0, 1
(17,35), 0, 1
(17,36), 0, 1
(17,37), 0, 1
(17,39), 0, 1
(17,40), 0, 1
(17,41), 0, 1
(17,42), 0, 1
(17,46), 0, 1
(17,47), 0, 1
(17,50), 0, 1
(17,54), 0, 1
(17,55), 0, 1
(17,56), 0, 1
(17,59), 0, 1
(17,60), 0, 1
(17,61), 0, 1
(17,63), 0, 1
(17,64), 0, 1
(17,66), 0, 1
(17,67), 0, 1
(17,68), 0, 1
(17,69), 0, 1
(17,70), 0, 1
(17,71), 0, 1
(17,72), 0, 1
(17,73), 0, 1
(17,74), 0, 1
(17,77), 0, 1
(17,78), 0, 1
(17,79), 0, 1
(17,80), 0, 1
(17,81), 0, 1
(17,82), 0, 1
(17,83), 0, 1
(17,84), 0, 1
(17,85), 0, 1
(17,86), 0, 1
(17,87), 0, 1
(17,89), 0, 1
(17,90), 0, 1
(17,91), 0, 1
(17,92), 0, 1
(17,93), 0, 1
(17,94), 0, 1
(17,96), 0, 1
(18,4), 0, 1
(18,10), 0, 1
(18,16), 0, 1
(18,20), 0, 1
(18,28), 0, 1
(18,31), 0, 1
(18,34), 0, 1
(18,46), 0, 1
(18,50), 0, 1
(18,54), 0, 1
(18,57), 0, 1
(18,59), 0, 1
(18,91), 0, 1
(18,96), 0, 1
(19,4), 0, 1
(19,10), 0, 1
(19,16), 0, 1
(19,20), 0, 1
(19,28), 0, 1
(19,30), 0, 1
(19,31), 0, 1
(19,34), 0, 1
(19,46), 0, 1
(19,50), 0, 1
(19,54), 0, 1
(19,83), 0, 1
(19,90), 0, 1
(19,91), 0, 1
(19,95), 0, 1
(21,4), 0, 1
(21,10), 0, 1
(21,16), 0, 1
(21,20), 0, 1
(21,28), 0, 1
(21,30), 0, 1
(21,31), 0, 1
(21,34), 0, 1
(21,46), 0, 1
(21,50), 0, 1
(21,54), 0, 1
(21,59), 0, 1
(21,89), 0, 1
(21,90), 0, 1
(21,91), 0, 1
(21,95), 0, 1
(21,96), 0, 1
(22,4), 0, 1
(22,10), 0, 1
(22,16), 0, 1
(22,20), 0, 1
(22,28), 0, 1
(22,30), 0, 1
(22,31), 0, 1
(22,34), 0, 1
(22,46), 0, 1
(22,48), 0, 1
(22,50), 0, 1
(22,59), 0, 1
(22,83), 0, 1
(22,89), 0, 1
(22,90), 0, 1
(22,91), 0, 1
(22,95), 0, 1
(22,96), 0, 1
(23,4), 0, 1
(23,10), 0, 1
(23,20), 0, 1
(23,28), 0, 1
(23,30), 0, 1
(23,31), 0, 1
(23,46), 0, 1
(23,50), 0, 1
(23,54), 0, 1
(23,59), 0, 1
(23,89), 0, 1
(23,90), 0, 1
(23,91), 0, 1
(23,95), 0, 1
(23,96), 0, 1
(24,18), 0, 1
(24,26), 0, 1
(24,35), 0, 1
(24,51), 0, 1
(24,53), 0, 1
(24,65), 0, 1
(24,68), 0, 1
(24,79), 0, 1
(25,2), 0, 1
(25,4), 0, 1
(25,10), 0, 1
(25,16), 0, 1
(25,20), 0, 1
(25,28), 0, 1
(25,31), 0, 1
(25,34), 0, 1
(25,43), 0, 1
(25,46), 0, 1
(25,50), 0, 1
(25,54), 0, 1
(25,83), 0, 1
(25,89), 0, 1
(25,90), 0, 1
(25,91), 0, 1
(25,96), 0, 1
(26,4), 0, 1
(26,10), 0, 1
(26,16), 0, 1
(26,20), 0, 1
(26,27), 0, 1
(26,28), 0, 1
(26,30), 0, 1
(26,34), 0, 1
(26,46), 0, 1
(26,50), 0, 1
(26,59), 0, 1
(26,83), 0, 1
(26,89), 0, 1
(26,90), 0, 1
(26,91), 0, 1
(26,95), 0, 1
(26,96), 0, 1
(27,4), 0, 1
(27,10), 0, 1
(27,16), 0, 1
(27,20), 0, 1
(27,28), 0, 1
(27,30), 0, 1
(27,31), 0, 1
(27,34), 0, 1
(27,43), 0, 1
(27,46), 0, 1
(27,50), 0, 1
(27,54), 0, 1
(27,83), 0, 1
(27,89), 0, 1
(27,90), 0, 1
(27,91), 0, 1
(27,96), 0, 1
(28,18), 0, 1
(28,26), 0, 1
(28,35), 0, 1
(28,40), 0, 1
(28,51), 0, 1
(28,65), 0, 1
(28,79), 0, 1
(29,4), 0, 1
(29,10), 0, 1
(29,16), 0, 1
(29,20), 0, 1
(29,28), 0, 1
(29,30), 0, 1
(29,34), 0, 1
(29,46), 0, 1
(29,54), 0, 1
(29,59), 0, 1
(29,83), 0, 1
(29,89), 0, 1
(29,90), 0, 1
(29,91), 0, 1
(29,95), 0, 1
(29,96), 0, 1
(31,18), 0, 1
(31,26), 0, 1
(31,35), 0, 1
(31,38), 0, 1
(31,53), 0, 1
(31,65), 0, 1
(31,68), 0, 1
(31,79), 0, 1
(32,10), 0, 1
(32,16), 0, 1
(32,20), 0, 1
(32,28), 0, 1
(32,30), 0, 1
(32,31), 0, 1
(32,34), 0, 1
(32,46), 0, 1
(32,50), 0, 1
(32,54), 0, 1
(32,59), 0, 1
(32,83), 0, 1
(32,89), 0, 1
(32,90), 0, 1
(32,91), 0, 1
(32,95), 0, 1
(32,96), 0, 1
(33,4), 0, 1
(33,20), 0, 1
(33,28), 0, 1
(33,30), 0, 1
(33,31), 0, 1
(33,34), 0, 1
(33,46), 0, 1
(33,50), 0, 1
(33,54), 0, 1
(33,59), 0, 1
(33,89), 0, 1
(33,90), 0, 1
(33,96), 0, 1
(34,3), 0, 1
(34,18), 0, 1
(34,26), 0, 1
(34,35), 0, 1
(34,51), 0, 1
(34,53), 0, 1
(34,65), 0, 1
(34,68), 0, 1
(34,79), 0, 1
(35,4), 0, 1
(35,10), 0, 1
(35,16), 0, 1
(35,20), 0, 1
(35,28), 0, 1
(35,30), 0, 1
(35,31), 0, 1
(35,34), 0, 1
(35,46), 0, 1
(35,50), 0, 1
(35,54), 0, 1
(35,59), 0, 1
(35,89), 0, 1
(35,90), 0, 1
(35,91), 0, 1
(35,95), 0, 1
(35,96), 0, 1
(36,3), 0, 1
(36,18), 0, 1
(36,26), 0, 1
(36,35), 0, 1
(36,40), 0, 1
(36,53), 0, 1
(36,65), 0, 1
(36,79), 0, 1
(37,10), 0, 1
(37,14), 0, 1
(37,16), 0, 1
(37,20), 0, 1
(37,28), 0, 1
(37,30), 0, 1
(37,34), 0, 1
(37,46), 0, 1
(37,48), 0, 1
(37,50), 0, 1
(37,54), 0, 1
(37,59), 0, 1
(37,89), 0, 1
(37,90), 0, 1
(37,91), 0, 1
(37,96), 0, 1
(38,3), 0, 1
(38,18), 0, 1
(38,26), 0, 1
(38,35), 0, 1
(38,51), 0, 1
(38,53), 0, 1
(38,65), 0, 1
(38,68), 0, 1
(38,79), 0, 1
(39,3), 0, 1
(39,4), 0, 1
(39,5), 0, 1
(39,6), 0, 1
(39,7), 0, 1
(39,8), 0, 1
(39,9), 0, 1
(39,10), 0, 1
(39,11), 0, 1
(39,12), 0, 1
(39,15), 0, 1
(39,17), 0, 1
(39,18), 0, 1
(39,19), 0, 1
(39,20), 0, 1
(39,21), 0, 1
(39,22), 0, 1
(39,24), 0, 1
(39,26), 0, 1
(39,27), 0, 1
(39,28), 0, 1
(39,29), 0, 1
(39,30), 0, 1
(39,32), 0, 1
(39,33), 0, 1
(39,34), 0, 1
(39,35), 0, 1
(39,36), 0, 1
(39,37), 0, 1
(39,40), 0, 1
(39,41), 0, 1
(39,45), 0, 1
(39,46), 0, 1
(39,47), 0, 1
(39,48), 0, 1
(39,49), 0, 1
(39,50), 0, 1
(39,51), 0, 1
(39,52), 0, 1
(39,53), 0, 1
(39,54), 0, 1
(39,55), 0, 1
(39,56), 0, 1
(39,59), 0, 1
(39,60), 0, 1
(39,61), 0, 1
(39,63), 0, 1
(39,65), 0, 1
(39,66), 0, 1
(39,67), 0, 1
(39,69), 0, 1
(39,70), 0, 1
(39,71), 0, 1
(39,72), 0, 1
(39,73), 0, 1
(39,74), 0, 1
(39,77), 0, 1
(39,79), 0, 1
(39,80), 0, 1
(39,82), 0, 1
(39,83), 0, 1
(39,84), 0, 1
(39,85), 0, 1
(39,86), 0, 1
(39,87), 0, 1
(39,90), 0, 1
(39,91), 0, 1
(39,92), 0, 1
(39,93), 0, 1
(39,94), 0, 1
(39,95), 0, 1
(39,96), 0, 1
(40,2), 0, 1
(40,4), 0, 1
(40,10), 0, 1
(40,16), 0, 1
(40,20), 0, 1
(40,28), 0, 1
(40,30), 0, 1
(40,31), 0, 1
(40,34), 0, 1
(40,46), 0, 1
(40,50), 0, 1
(40,59), 0, 1
(40,83), 0, 1
(40,89), 0, 1
(40,90), 0, 1
(40,91), 0, 1
(40,95), 0, 1
(40,96), 0, 1
(41,4), 0, 1
(41,10), 0, 1
(41,16), 0, 1
(41,20), 0, 1
(41,28), 0, 1
(41,30), 0, 1
(41,31), 0, 1
(41,46), 0, 1
(41,50), 0, 1
(41,54), 0, 1
(41,59), 0, 1
(41,83), 0, 1
(41,90), 0, 1
(41,91), 0, 1
(41,95), 0, 1
(41,96), 0, 1
(42,3), 0, 1
(42,4), 0, 1
(42,5), 0, 1
(42,6), 0, 1
(42,7), 0, 1
(42,8), 0, 1
(42,9), 0, 1
(42,10), 0, 1
(42,11), 0, 1
(42,12), 0, 1
(42,15), 0, 1
(42,16), 0, 1
(42,17), 0, 1
(42,18), 0, 1
(42,19), 0, 1
(42,20), 0, 1
(42,22), 0, 1
(42,24), 0, 1
(42,26), 0, 1
(42,28), 0, 1
(42,29), 0, 1
(42,30), 0, 1
(42,31), 0, 1
(42,32), 0, 1
(42,33), 0, 1
(42,34), 0, 1
(42,35), 0, 1
(42,36), 0, 1
(42,40), 0, 1
(42,41), 0, 1
(42,45), 0, 1
(42,46), 0, 1
(42,47), 0, 1
(42,48), 0, 1
(42,49), 0, 1
(42,50), 0, 1
(42,51), 0, 1
(42,52), 0, 1
(42,53), 0, 1
(42,54), 0, 1
(42,55), 0, 1
(42,56), 0, 1
(42,58), 0, 1
(42,59), 0, 1
(42,60), 0, 1
(42,61), 0, 1
(42,64), 0, 1
(42,65), 0, 1
(42,66), 0, 1
(42,67), 0, 1
(42,68), 0, 1
(42,69), 0, 1
(42,70), 0, 1
(42,71), 0, 1
(42,72), 0, 1
(42,73), 0, 1
(42,74), 0, 1
(42,76), 0, 1
(42,77), 0, 1
(42,78), 0, 1
(42,79), 0, 1
(42,80), 0, 1
(42,81), 0, 1
(42,82), 0, 1
(42,83), 0, 1
(42,84), 0, 1
(42,85), 0, 1
(42,86), 0, 1
(42,87), 0, 1
(42,89), 0, 1
(42,90), 0, 1
(42,91), 0, 1
(42,92), 0, 1
(42,93), 0, 1
(42,94), 0, 1
(42,95), 0, 1
(42,96), 0, 1
(43,3), 0, 1
(43,4), 0, 1
(43,5), 0, 1
(43,6), 0, 1
(43,7), 0, 1
(43,8), 0, 1
(43,9), 0, 1
(43,10), 0, 1
(43,11), 0, 1
(43,12), 0, 1
(43,13), 0, 1
(43,15), 0, 1
(43,16), 0, 1
(43,17), 0, 1
(43,18), 0, 1
(43,19), 0, 1
(43,20), 0, 1
(43,21), 0, 1
(43,22), 0, 1
(43,24), 0, 1
(43,26), 0, 1
(43,28), 0, 1
(43,29), 0, 1
(43,30), 0, 1
(43,31), 0, 1
(43,32), 0, 1
(43,33), 0, 1
(43,34), 0, 1
(43,35), 0, 1
(43,36), 0, 1
(43,37), 0, 1
(43,40), 0, 1
(43,41), 0, 1
(43,42), 0, 1
(43,45), 0, 1
(43,46), 0, 1
(43,49), 0, 1
(43,50), 0, 1
(43,51), 0, 1
(43,52), 0, 1
(43,53), 0, 1
(43,54), 0, 1
(43,55), 0, 1
(43,60), 0, 1
(43,61), 0, 1
(43,63), 0, 1
(43,64), 0, 1
(43,65), 0, 1
(43,66), 0, 1
(43,67), 0, 1
(43,68), 0, 1
(43,69), 0, 1
(43,70), 0, 1
(43,71), 0, 1
(43,73), 0, 1
(43,76), 0, 1
(43,77), 0, 1
(43,78), 0, 1
(43,79), 0, 1
(43,80), 0, 1
(43,81), 0, 1
(43,82), 0, 1
(43,84), 0, 1
(43,85), 0, 1
(43,86), 0, 1
(43,89), 0, 1
(43,91), 0, 1
(43,92), 0, 1
(43,93), 0, 1
(43,94), 0, 1
(43,95), 0, 1
(43,96), 0, 1
(44,3), 0, 1
(44,18), 0, 1
(44,26), 0, 1
(44,40), 0, 1
(44,51), 0, 1
(44,65), 0, 1
(44,68), 0, 1
(44,79), 0, 1
(45,4), 0, 1
(45,10), 0, 1
(45,16), 0, 1
(45,20), 0, 1
(45,28), 0, 1
(45,34), 0, 1
(45,46), 0, 1
(45,50), 0, 1
(45,57), 0, 1
(45,59), 0, 1
(45,90), 0, 1
(45,91), 0, 1
(45,95), 0, 1
(45,96), 0, 1
(46,3), 0, 1
(46,18), 0, 1
(46,26), 0, 1
(46,35), 0, 1
(46,51), 0, 1
(46,53), 0, 1
(46,65), 0, 1
(46,68), 0, 1
(46,79), 0, 1
(47,4), 0, 1
(47,10), 0, 1
(47,16), 0, 1
(47,20), 0, 1
(47,28), 0, 1
(47,31), 0, 1
(47,34), 0, 1
(47,46), 0, 1
(47,50), 0, 1
(47,83), 0, 1
(47,89), 0, 1
(47,90), 0, 1
(47,91), 0, 1
(47,96), 0, 1
(48,0), 0, 1
(48,3), 0, 1
(48,4), 0, 1
(48,5), 0, 1
(48,7), 0, 1
(48,8), 0, 1
(48,9), 0, 1
(48,11), 0, 1
(48,13), 0, 1
(48,15), 0, 1
(48,16), 0, 1
(48,17), 0, 1
(48,18), 0, 1
(48,19), 0, 1
(48,20), 0, 1
(48,21), 0, 1
(48,24), 0, 1
(48,26), 0, 1
(48,28), 0, 1
(48,29), 0, 1
(48,30), 0, 1
(48,32), 0, 1
(48,33), 0, 1
(48,34), 0, 1
(48,35), 0, 1
(48,36), 0, 1
(48,37), 0, 1
(48,41), 0, 1
(48,42), 0, 1
(48,45), 0, 1
(48,46), 0, 1
(48,47), 0, 1
(48,49), 0, 1
(48,50), 0, 1
(48,51), 0, 1
(48,52), 0, 1
(48,53), 0, 1
(48,55), 0, 1
(48,56), 0, 1
(48,58), 0, 1
(48,59), 0, 1
(48,60), 0, 1
(48,61), 0, 1
(48,64), 0, 1
(48,65), 0, 1
(48,66), 0, 1
(48,67), 0, 1
(48,69), 0, 1
(48,70), 0, 1
(48,71), 0, 1
(48,72), 0, 1
(48,73), 0, 1
(48,76), 0, 1
(48,77), 0, 1
(48,78), 0, 1
(48,79), 0, 1
(48,81), 0, 1
(48,82), 0, 1
(48,83), 0, 1
(48,84), 0, 1
(48,85), 0, 1
(48,86), 0, 1
(48,87), 0, 1
(48,89), 0, 1
(48,90), 0, 1
(48,91), 0, 1
(48,93), 0, 1
(48,94), 0, 1
(48,95), 0, 1
(48,96), 0, 1
(49,4), 0, 1
(49,10), 0, 1
(49,14), 0, 1
(49,16), 0, 1
(49,20), 0, 1
(49,28), 0, 1
(49,30), 0, 1
(49,34), 0, 1
(49,46), 0, 1
(49,50), 0, 1
(49,54), 0, 1
(49,83), 0, 1
(49,90), 0, 1
(49,91), 0, 1
(49,95), 0, 1
(49,96), 0, 1
(51,4), 0, 1
(51,10), 0, 1
(51,16), 0, 1
(51,20), 0, 1
(51,28), 0, 1
(51,31), 0, 1
(51,34), 0, 1
(51,38), 0, 1
(51,46), 0, 1
(51,50), 0, 1
(51,54), 0, 1
(51,57), 0, 1
(51,59), 0, 1
(51,83), 0, 1
(51,89), 0, 1
(51,90), 0, 1
(51,91), 0, 1
(51,95), 0, 1
(51,96), 0, 1
(52,3), 0, 1
(52,18), 0, 1
(52,26), 0, 1
(52,35), 0, 1
(52,43), 0, 1
(52,51), 0, 1
(52,53), 0, 1
(52,65), 0, 1
(52,68), 0, 1
(52,79), 0, 1
(53,3), 0, 1
(53,4), 0, 1
(53,5), 0, 1
(53,6), 0, 1
(53,7), 0, 1
(53,8), 0, 1
(53,9), 0, 1
(53,10), 0, 1
(53,11), 0, 1
(53,12), 0, 1
(53,13), 0, 1
(53,14), 0, 1
(53,15), 0, 1
(53,17), 0, 1
(53,18), 0, 1
(53,19), 0, 1
(53,21), 0, 1
(53,22), 0, 1
(53,24), 0, 1
(53,26), 0, 1
(53,28), 0, 1
(53,29), 0, 1
(53,30), 0, 1
(53,31), 0, 1
(53,32), 0, 1
(53,33), 0, 1
(53,34), 0, 1
(53,35), 0, 1
(53,36), 0, 1
(53,37), 0, 1
(53,40), 0, 1
(53,41), 0, 1
(53,42), 0, 1
(53,45), 0, 1
(53,46), 0, 1
(53,47), 0, 1
(53,49), 0, 1
(53,50), 0, 1
(53,51), 0, 1
(53,52), 0, 1
(53,55), 0, 1
(53,56), 0, 1
(53,58), 0, 1
(53,59), 0, 1
(53,60), 0, 1
(53,61), 0, 1
(53,63), 0, 1
(53,64), 0, 1
(53,66), 0, 1
(53,67), 0, 1
(53,68), 0, 1
(53,69), 0, 1
(53,70), 0, 1
(53,71), 0, 1
(53,72), 0, 1
(53,73), 0, 1
(53,76), 0, 1
(53,77), 0, 1
(53,78), 0, 1
(53,79), 0, 1
(53,80), 0, 1
(53,81), 0, 1
(53,82), 0, 1
(53,84), 0, 1
(53,85), 0, 1
(53,86), 0, 1
(53,89), 0, 1
(53,90), 0, 1
(53,91), 0, 1
(53,92), 0, 1
(53,93), 0, 1
(53,94), 0, 1
(53,95), 0, 1
(54,3), 0, 1
(54,18), 0, 1
(54,26), 0, 1
(54,35), 0, 1
(54,40), 0, 1
(54,65), 0, 1
(54,68), 0, 1
(55,4), 0, 1
(55,10), 0, 1
(55,16), 0, 1
(55,20), 0, 1
(55,28), 0, 1
(55,30), 0, 1
(55,34), 0, 1
(55,46), 0, 1
(55,50), 0, 1
(55,54), 0, 1
(55,83), 0, 1
(55,89), 0, 1
(55,90), 0, 1
(55,91), 0, 1
(55,95), 0, 1
(55,96), 0, 1
(56,4), 0, 1
(56,10), 0, 1
(56,16), 0, 1
(56,28), 0, 1
(56,30), 0, 1
(56,31), 0, 1
(56,34), 0, 1
(56,46), 0, 1
(56,50), 0, 1
(56,54), 0, 1
(56,59), 0, 1
(56,83), 0, 1
(56,89), 0, 1
(56,90), 0, 1
(56,91), 0, 1
(56,95), 0, 1
(56,96), 0, 1
(57,3), 0, 1
(57,18), 0, 1
(57,26), 0, 1
(57,35), 0, 1
(57,40), 0, 1
(57,51), 0, 1
(57,53), 0, 1
(57,65), 0, 1
(57,68), 0, 1
(57,79), 0, 1
(58,3), 0, 1
(58,4), 0, 1
(58,5), 0, 1
(58,6), 0, 1
(58,7), 0, 1
(58,8), 0, 1
(58,9), 0, 1
(58,10), 0, 1
(58,11), 0, 1
(58,12), 0, 1
(58,13), 0, 1
(58,15), 0, 1
(58,16), 0, 1
(58,17), 0, 1
(58,19), 0, 1
(58,20), 0, 1
(58,21), 0, 1
(58,22), 0, 1
(58,26), 0, 1
(58,28), 0, 1
(58,29), 0, 1
(58,30), 0, 1
(58,31), 0, 1
(58,32), 0, 1
(58,33), 0, 1
(58,35), 0, 1
(58,36), 0, 1
(58,37), 0, 1
(58,40), 0, 1
(58,41), 0, 1
(58,42), 0, 1
(58,45), 0, 1
(58,46), 0, 1
(58,47), 0, 1
(58,49), 0, 1
(58,50), 0, 1
(58,51), 0, 1
(58,54), 0, 1
(58,55), 0, 1
(58,56), 0, 1
(58,60), 0, 1
(58,61), 0, 1
(58,63), 0, 1
(58,64), 0, 1
(58,65), 0, 1
(58,66), 0, 1
(58,67), 0, 1
(58,68), 0, 1
(58,69), 0, 1
(58,70), 0, 1
(58,71), 0, 1
(58,72), 0, 1
(58,73), 0, 1
(58,74), 0, 1
(58,76), 0, 1
(58,77), 0, 1
(58,78), 0, 1
(58,79), 0, 1
(58,80), 0, 1
(58,81), 0, 1
(58,82), 0, 1
(58,83), 0, 1
(58,84), 0, 1
(58,85), 0, 1
(58,86), 0, 1
(58,87), 0, 1
(58,89), 0, 1
(58,90), 0, 1
(58,91), 0, 1
(58,92), 0, 1
(58,93), 0, 1
(58,94), 0, 1
(58,95), 0, 1
(58,96), 0, 1
(59,3), 0, 1
(59,4), 0, 1
(59,6), 0, 1
(59,7), 0, 1
(59,8), 0, 1
(59,9), 0, 1
(59,10), 0, 1
(59,11), 0, 1
(59,12), 0, 1
(59,13), 0, 1
(59,15), 0, 1
(59,16), 0, 1
(59,17), 0, 1
(59,18), 0, 1
(59,20), 0, 1
(59,21), 0, 1
(59,22), 0, 1
(59,24), 0, 1
(59,26), 0, 1
(59,28), 0, 1
(59,29), 0, 1
(59,32), 0, 1
(59,33), 0, 1
(59,34), 0, 1
(59,36), 0, 1
(59,37), 0, 1
(59,40), 0, 1
(59,41), 0, 1
(59,42), 0, 1
(59,46), 0, 1
(59,47), 0, 1
(59,49), 0, 1
(59,51), 0, 1
(59,52), 0, 1
(59,53), 0, 1
(59,54), 0, 1
(59,55), 0, 1
(59,56), 0, 1
(59,60), 0, 1
(59,61), 0, 1
(59,64), 0, 1
(59,66), 0, 1
(59,67), 0, 1
(59,69), 0, 1
(59,71), 0, 1
(59,72), 0, 1
(59,73), 0, 1
(59,74), 0, 1
(59,77), 0, 1
(59,78), 0, 1
(59,79), 0, 1
(59,80), 0, 1
(59,81), 0, 1
(59,82), 0, 1
(59,84), 0, 1
(59,85), 0, 1
(59,86), 0, 1
(59,88), 0, 1
(59,89), 0, 1
(59,90), 0, 1
(59,91), 0, 1
(59,92), 0, 1
(59,93), 0, 1
(59,94), 0, 1
(59,95), 0, 1
(59,96), 0, 1
(60,4), 0, 1
(60,10), 0, 1
(60,16), 0, 1
(60,20), 0, 1
(60,28), 0, 1
(60,30), 0, 1
(60,31), 0, 1
(60,34), 0, 1
(60,46), 0, 1
(60,50), 0, 1
(60,83), 0, 1
(60,89), 0, 1
(60,91), 0, 1
(60,95), 0, 1
(60,96), 0, 1
(61,4), 0, 1
(61,10), 0, 1
(61,16), 0, 1
(61,20), 0, 1
(61,28), 0, 1
(61,30), 0, 1
(61,31), 0, 1
(61,34), 0, 1
(61,46), 0, 1
(61,50), 0, 1
(61,54), 0, 1
(61,59), 0, 1
(61,83), 0, 1
(61,89), 0, 1
(61,90), 0, 1
(61,91), 0, 1
(61,95), 0, 1
(61,96), 0, 1
(62,0), 0, 1
(62,3), 0, 1
(62,4), 0, 1
(62,5), 0, 1
(62,6), 0, 1
(62,7), 0, 1
(62,8), 0, 1
(62,9), 0, 1
(62,11), 0, 1
(62,12), 0, 1
(62,13), 0, 1
(62,16), 0, 1
(62,17), 0, 1
(62,18), 0, 1
(62,19), 0, 1
(62,20), 0, 1
(62,21), 0, 1
(62,22), 0, 1
(62,24), 0, 1
(62,25), 0, 1
(62,28), 0, 1
(62,29), 0, 1
(62,31), 0, 1
(62,32), 0, 1
(62,33), 0, 1
(62,34), 0, 1
(62,35), 0, 1
(62,36), 0, 1
(62,37), 0, 1
(62,40), 0, 1
(62,41), 0, 1
(62,42), 0, 1
(62,46), 0, 1
(62,47), 0, 1
(62,49), 0, 1
(62,50), 0, 1
(62,51), 0, 1
(62,52), 0, 1
(62,55), 0, 1
(62,56), 0, 1
(62,58), 0, 1
(62,60), 0, 1
(62,61), 0, 1
(62,63), 0, 1
(62,64), 0, 1
(62,65), 0, 1
(62,66), 0, 1
(62,67), 0, 1
(62,68), 0, 1
(62,69), 0, 1
(62,70), 0, 1
(62,71), 0, 1
(62,72), 0, 1
(62,73), 0, 1
(62,74), 0, 1
(62,76), 0, 1
(62,77), 0, 1
(62,78), 0, 1
(62,79), 0, 1
(62,80), 0, 1
(62,81), 0, 1
(62,82), 0, 1
(62,83), 0, 1
(62,84), 0, 1
(62,85), 0, 1
(62,90), 0, 1
(62,92), 0, 1
(62,93), 0, 1
(62,94), 0, 1
(62,95), 0, 1
(62,96), 0, 1
(63,3), 0, 1
(63,18), 0, 1
(63,26), 0, 1
(63,35), 0, 1
(63,40), 0, 1
(63,51), 0, 1
(63,65), 0, 1
(63,68), 0, 1
(63,79), 0, 1
(64,4), 0, 1
(64,10), 0, 1
(64,16), 0, 1
(64,20), 0, 1
(64,28), 0, 1
(64,31), 0, 1
(64,34), 0, 1
(64,46), 0, 1
(64,50), 0, 1
(64,54), 0, 1
(64,83), 0, 1
(64,89), 0, 1
(64,90), 0, 1
(64,91), 0, 1
(64,95), 0, 1
(64,96), 0, 1
(65,4), 0, 1
(65,10), 0, 1
(65,16), 0, 1
(65,20), 0, 1
(65,27), 0, 1
(65,28), 0, 1
(65,30), 0, 1
(65,31), 0, 1
(65,34), 0, 1
(65,46), 0, 1
(65,50), 0, 1
(65,57), 0, 1
(65,59), 0, 1
(65,89), 0, 1
(65,90), 0, 1
(65,91), 0, 1
(65,95), 0, 1
(65,96), 0, 1
(66,4), 0, 1
(66,10), 0, 1
(66,16), 0, 1
(66,20), 0, 1
(66,28), 0, 1
(66,30), 0, 1
(66,34), 0, 1
(66,46), 0, 1
(66,50), 0, 1
(66,54), 0, 1
(66,59), 0, 1
(66,83), 0, 1
(66,89), 0, 1
(66,90), 0, 1
(66,91), 0, 1
(66,95), 0, 1
(66,96), 0, 1
(67,3), 0, 1
(67,18), 0, 1
(67,26), 0, 1
(67,35), 0, 1
(67,40), 0, 1
(67,51), 0, 1
(67,65), 0, 1
(67,79), 0, 1
(68,4), 0, 1
(68,10), 0, 1
(68,16), 0, 1
(68,20), 0, 1
(68,31), 0, 1
(68,34), 0, 1
(68,38), 0, 1
(68,46), 0, 1
(68,50), 0, 1
(68,54), 0, 1
(68,90), 0, 1
(68,91), 0, 1
(68,95), 0, 1
(69,4), 0, 1
(69,10), 0, 1
(69,16), 0, 1
(69,20), 0, 1
(69,28), 0, 1
(69,30), 0, 1
(69,31), 0, 1
(69,34), 0, 1
(69,46), 0, 1
(69,50), 0, 1
(69,59), 0, 1
(69,83), 0, 1
(69,89), 0, 1
(69,90), 0, 1
(69,91), 0, 1
(69,96), 0, 1
(70,3), 0, 1
(70,18), 0, 1
(70,26), 0, 1
(70,35), 0, 1
(70,40), 0, 1
(70,51), 0, 1
(70,65), 0, 1
(70,68), 0, 1
(70,79), 0, 1
(71,3), 0, 1
(71,4), 0, 1
(71,5), 0, 1
(71,6), 0, 1
(71,7), 0, 1
(71,8), 0, 1
(71,9), 0, 1
(71,10), 0, 1
(71,11), 0, 1
(71,12), 0, 1
(71,16), 0, 1
(71,17), 0, 1
(71,18), 0, 1
(71,19), 0, 1
(71,20), 0, 1
(71,22), 0, 1
(71,26), 0, 1
(71,27), 0, 1
(71,28), 0, 1
(71,29), 0, 1
(71,30), 0, 1
(71,32), 0, 1
(71,33), 0, 1
(71,34), 0, 1
(71,35), 0, 1
(71,36), 0, 1
(71,37), 0, 1
(71,40), 0, 1
(71,41), 0, 1
(71,42), 0, 1
(71,45), 0, 1
(71,46), 0, 1
(71,47), 0, 1
(71,49), 0, 1
(71,51), 0, 1
(71,52), 0, 1
(71,53), 0, 1
(71,54), 0, 1
(71,55), 0, 1
(71,56), 0, 1
(71,58), 0, 1
(71,59), 0, 1
(71,61), 0, 1
(71,63), 0, 1
(71,64), 0, 1
(71,66), 0, 1
(71,67), 0, 1
(71,68), 0, 1
(71,69), 0, 1
(71,70), 0, 1
(71,72), 0, 1
(71,73), 0, 1
(71,76), 0, 1
(71,78), 0, 1
(71,79), 0, 1
(71,80), 0, 1
(71,82), 0, 1
(71,84), 0, 1
(71,85), 0, 1
(71,86), 0, 1
(71,87), 0, 1
(71,90), 0, 1
(71,91), 0, 1
(71,92), 0, 1
(71,93), 0, 1
(71,94), 0, 1
(71,95), 0, 1
(71,96), 0, 1
(72,4), 0, 1
(72,10), 0, 1
(72,16), 0, 1
(72,20), 0, 1
(72,28), 0, 1
(72,30), 0, 1
(72,31), 0, 1
(72,34), 0, 1
(72,46), 0, 1
(72,50), 0, 1
(72,54), 0, 1
(72,59), 0, 1
(72,83), 0, 1
(72,89), 0, 1
(72,90), 0, 1
(72,91), 0, 1
(72,95), 0, 1
(72,96), 0, 1
(73,4), 0, 1
(73,10), 0, 1
(73,16), 0, 1
(73,20), 0, 1
(73,27), 0, 1
(73,28), 0, 1
(73,30), 0, 1
(73,31), 0, 1
(73,34), 0, 1
(73,46), 0, 1
(73,50), 0, 1
(73,54), 0, 1
(73,59), 0, 1
(73,89), 0, 1
(73,91), 0, 1
(73,95), 0, 1
(73,96), 0, 1
(74,2), 0, 1
(74,4), 0, 1
(74,10), 0, 1
(74,16), 0, 1
(74,20), 0, 1
(74,28), 0, 1
(74,30), 0, 1
(74,31), 0, 1
(74,34), 0, 1
(74,38), 0, 1
(74,46), 0, 1
(74,50), 0, 1
(74,83), 0, 1
(74,89), 0, 1
(74,90), 0, 1
(74,95), 0, 1
(74,96), 0, 1
(75,4), 0, 1
(75,10), 0, 1
(75,16), 0, 1
(75,28), 0, 1
(75,30), 0, 1
(75,31), 0, 1
(75,34), 0, 1
(75,46), 0, 1
(75,50), 0, 1
(75,54), 0, 1
(75,59), 0, 1
(75,83), 0, 1
(75,89), 0, 1
(75,90), 0, 1
(75,91), 0, 1
(75,95), 0, 1
(75,96), 0, 1
(76,4), 0, 1
(76,10), 0, 1
(76,16), 0, 1
(76,20), 0, 1
(76,27), 0, 1
(76,28), 0, 1
(76,31), 0, 1
(76,34), 0, 1
(76,46), 0, 1
(76,50), 0, 1
(76,54), 0, 1
(76,83), 0, 1
(76,89), 0, 1
(76,90), 0, 1
(76,95), 0, 1
(76,96), 0, 1
(77,4), 0, 1
(77,10), 0, 1
(77,16), 0, 1
(77,20), 0, 1
(77,28), 0, 1
(77,31), 0, 1
(77,46), 0, 1
(77,50), 0, 1
(77,54), 0, 1
(77,59), 0, 1
(77,83), 0, 1
(77,89), 0, 1
(77,90), 0, 1
(77,91), 0, 1
(77,95), 0, 1
(77,96), 0, 1
(78,4), 0, 1
(78,10), 0, 1
(78,14), 0, 1
(78,16), 0, 1
(78,20), 0, 1
(78,28), 0, 1
(78,34), 0, 1
(78,46), 0, 1
(78,50), 0, 1
(78,54), 0, 1
(78,59), 0, 1
(78,83), 0, 1
(78,89), 0, 1
(78,90), 0, 1
(78,91), 0, 1
(78,95), 0, 1
(78,96), 0, 1
(79,4), 0, 1
(79,10), 0, 1
(79,16), 0, 1
(79,20), 0, 1
(79,28), 0, 1
(79,30), 0, 1
(79,31), 0, 1
(79,34), 0, 1
(79,46), 0, 1
(79,50), 0, 1
(79,83), 0, 1
(79,89), 0, 1
(79,90), 0, 1
(79,91), 0, 1
(79,96), 0, 1
(81,2), 0, 1
(81,10), 0, 1
(81,16), 0, 1
(81,20), 0, 1
(81,28), 0, 1
(81,34), 0, 1
(81,38), 0, 1
(81,43), 0, 1
(81,46), 0, 1
(81,50), 0, 1
(81,54), 0, 1
(81,59), 0, 1
(81,89), 0, 1
(81,90), 0, 1
(81,91), 0, 1
(81,95), 0, 1
(81,96), 0, 1
(82,26), 0, 1
(82,35), 0, 1
(82,51), 0, 1
(82,53), 0, 1
(82,65), 0, 1
(82,68), 0, 1
(82,79), 0, 1
(83,3), 0, 1
(83,4), 0, 1
(83,5), 0, 1
(83,6), 0, 1
(83,7), 0, 1
(83,8), 0, 1
(83,9), 0, 1
(83,10), 0, 1
(83,11), 0, 1
(83,12), 0, 1
(83,13), 0, 1
(83,15), 0, 1
(83,16), 0, 1
(83,17), 0, 1
(83,18), 0, 1
(83,19), 0, 1
(83,20), 0, 1
(83,21), 0, 1
(83,22), 0, 1
(83,24), 0, 1
(83,26), 0, 1
(83,27), 0, 1
(83,28), 0, 1
(83,29), 0, 1
(83,30), 0, 1
(83,31), 0, 1
(83,33), 0, 1
(83,34), 0, 1
(83,35), 0, 1
(83,36), 0, 1
(83,37), 0, 1
(83,41), 0, 1
(83,42), 0, 1
(83,45), 0, 1
(83,46), 0, 1
(83,47), 0, 1
(83,49), 0, 1
(83,50), 0, 1
(83,51), 0, 1
(83,52), 0, 1
(83,55), 0, 1
(83,58), 0, 1
(83,59), 0, 1
(83,60), 0, 1
(83,61), 0, 1
(83,63), 0, 1
(83,64), 0, 1
(83,65), 0, 1
(83,66), 0, 1
(83,67), 0, 1
(83,68), 0, 1
(83,69), 0, 1
(83,70), 0, 1
(83,71), 0, 1
(83,72), 0, 1
(83,73), 0, 1
(83,74), 0, 1
(83,77), 0, 1
(83,81), 0, 1
(83,82), 0, 1
(83,84), 0, 1
(83,85), 0, 1
(83,86), 0, 1
(83,87), 0, 1
(83,89), 0, 1
(83,90), 0, 1
(83,91), 0, 1
(83,92), 0, 1
(83,93), 0, 1
(83,94), 0, 1
(83,96), 0, 1
(84,10), 0, 1
(84,16), 0, 1
(84,20), 0, 1
(84,28), 0, 1
(84,31), 0, 1
(84,34), 0, 1
(84,46), 0, 1
(84,50), 0, 1
(84,54), 0, 1
(84,59), 0, 1
(84,83), 0, 1
(84,89), 0, 1
(84,90), 0, 1
(84,91), 0, 1
(84,96), 0, 1
(85,3), 0, 1
(85,18), 0, 1
(85,26), 0, 1
(85,35), 0, 1
(85,40), 0, 1
(85,51), 0, 1
(85,53), 0, 1
(85,65), 0, 1
(85,68), 0, 1
(85,79), 0, 1
(86,3), 0, 1
(86,18), 0, 1
(86,26), 0, 1
(86,35), 0, 1
(86,43), 0, 1
(86,51), 0, 1
(86,65), 0, 1
(86,79), 0, 1
(87,4), 0, 1
(87,10), 0, 1
(87,16), 0, 1
(87,20), 0, 1
(87,27), 0, 1
(87,28), 0, 1
(87,30), 0, 1
(87,31), 0, 1
(87,34), 0, 1
(87,46), 0, 1
(87,50), 0, 1
(87,54), 0, 1
(87,59), 0, 1
(87,90), 0, 1
(87,91), 0, 1
(87,96), 0, 1
(88,4), 0, 1
(88,10), 0, 1
(88,16), 0, 1
(88,20), 0, 1
(88,27), 0, 1
(88,28), 0, 1
(88,30), 0, 1
(88,31), 0, 1
(88,34), 0, 1
(88,46), 0, 1
(88,50), 0, 1
(88,54), 0, 1
(88,83), 0, 1
(88,90), 0, 1
(88,91), 0, 1
(88,95), 0, 1
(88,96), 0, 1
(89,3), 0, 1
(89,18), 0, 1
(89,26), 0, 1
(89,35), 0, 1
(89,51), 0, 1
(89,53), 0, 1
(89,65), 0, 1
(89,68), 0, 1
(89,79), 0, 1
(90,3), 0, 1
(90,18), 0, 1
(90,26), 0, 1
(90,35), 0, 1
(90,38), 0, 1
(90,40), 0, 1
(90,51), 0, 1
(90,53), 0, 1
(90,65), 0, 1
(90,68), 0, 1
(91,3), 0, 1
(91,18), 0, 1
(91,26), 0, 1
(91,35), 0, 1
(91,53), 0, 1
(91,65), 0, 1
(91,68), 0, 1
(92,4), 0, 1
(92,10), 0, 1
(92,16), 0, 1
(92,20), 0, 1
(92,28), 0, 1
(92,30), 0, 1
(92,34), 0, 1
(92,46), 0, 1
(92,48), 0, 1
(92,50), 0, 1
(92,59), 0, 1
(92,90), 0, 1
(92,91), 0, 1
(92,95), 0, 1
(92,96), 0, 1
(93,18), 0, 1
(93,26), 0, 1
(93,35), 0, 1
(93,40), 0, 1
(93,51), 0, 1
(93,65), 0, 1
(93,79), 0, 1
(94,3), 0, 1
(94,18), 0, 1
(94,26), 0, 1
(94,35), 0, 1
(94,38), 0, 1
(94,40), 0, 1
(94,51), 0, 1
(94,53), 0, 1
(94,65), 0, 1
(94,68), 0, 1
(94,79), 0, 1
(96,43), 0, 1
(97,3), 0, 1
(97,18), 0, 1
(97,26), 0, 1
(97,35), 0, 1
(97,40), 0, 1
(97,51), 0, 1
(97,68), 0, 1
(97,79), 0, 1
(98,3), 0, 1
(98,4), 0, 1
(98,5), 0, 1
(98,6), 0, 1
(98,7), 0, 1
(98,8), 0, 1
(98,9), 0, 1
(98,10), 0, 1
(98,11), 0, 1
(98,12), 0, 1
(98,13), 0, 1
(98,15), 0, 1
(98,16), 0, 1
(98,17), 0, 1
(98,18), 0, 1
(98,19), 0, 1
(98,20), 0, 1
(98,21), 0, 1
(98,22), 0, 1
(98,26), 0, 1
(98,28), 0, 1
(98,29), 0, 1
(98,30), 0, 1
(98,32), 0, 1
(98,33), 0, 1
(98,34), 0, 1
(98,35), 0, 1
(98,36), 0, 1
(98,37), 0, 1
(98,40), 0, 1
(98,41), 0, 1
(98,42), 0, 1
(98,44), 0, 1
(98,45), 0, 1
(98,46), 0, 1
(98,47), 0, 1
(98,49), 0, 1
(98,50), 0, 1
(98,51), 0, 1
(98,52), 0, 1
(98,53), 0, 1
(98,54), 0, 1
(98,55), 0, 1
(98,59), 0, 1
(98,60), 0, 1
(98,61), 0, 1
(98,63), 0, 1
(98,64), 0, 1
(98,65), 0, 1
(98,66), 0, 1
(98,67), 0, 1
(98,69), 0, 1
(98,70), 0, 1
(98,71), 0, 1
(98,72), 0, 1
(98,73), 0, 1
(98,76), 0, 1
(98,77), 0, 1
(98,79), 0, 1
(98,80), 0, 1
(98,81), 0, 1
(98,82), 0, 1
(98,83), 0, 1
(98,84), 0, 1
(98,85), 0, 1
(98,86), 0, 1
(98,87), 0, 1
(98,89), 0, 1
(98,90), 0, 1
(98,91), 0, 1
(98,92), 0, 1
(98,93), 0, 1
(98,94), 0, 1
(98,96), 0, 1
(99,4), 0, 1
(99,10), 0, 1
(99,16), 0, 1
(99,20), 0, 1
(99,27), 0, 1
(99,28), 0, 1
(99,34), 0, 1
(99,46), 0, 1
(99,50), 0, 1
(99,54), 0, 1
(99,57), 0, 1
(99,59), 0, 1
(99,83), 0, 1
(99,90), 0, 1
(99,91), 0, 1
(99,95), 0, 1
