Nr_Pairs = 98
Nr_NDD = 2
Nr_Arcs = 1662
0	0.90
1	0.5
2	0.5
3	0.28
4	0.32
5	0.90
6	0.5
7	0.5
8	0.5
9	0.5
10	0.90
11	0.5
12	0.28
13	0.28
14	0.10
15	0.28
16	0.5
17	0.28
18	0.92
19	0.5
20	0.92
21	0.90
22	0.28
23	0.90
24	0.5
25	0.5
26	0.10
27	0.90
28	0.5
29	0.5
30	0.5
31	0.28
32	0.10
33	0.5
34	0.90
35	0.5
36	0.10
37	0.5
38	0.92
39	0.10
40	0.28
41	0.90
42	0.10
43	0.5
44	0.5
45	0.5
46	0.5
47	0.90
48	0.5
49	0.5
50	0.28
51	0.5
52	0.28
53	0.5
54	0.90
55	0.10
56	0.5
57	0.90
58	0.5
59	0.10
60	0.90
61	0.90
62	0.92
63	0.28
64	0.90
65	0.5
66	0.32
67	0.90
68	0.5
69	0.90
70	0.90
71	0.5
72	0.5
73	0.32
74	0.5
75	0.28
76	0.5
77	0.28
78	0.10
79	0.10
80	0.5
81	0.28
82	0.5
83	0.90
84	0.28
85	0.10
86	0.5
87	0.28
88	0.90
89	0.10
90	0.10
91	0.5
92	0.10
93	0.5
94	0.90
95	0.5
96	0.28
97	0.92
98	0.0
99	0.0
(1,8), 0, 1
(1,12), 0, 1
(1,32), 0, 1
(1,39), 0, 1
(1,40), 0, 1
(1,50), 0, 1
(1,75), 0, 1
(1,82), 0, 1
(1,84), 0, 1
(1,85), 0, 1
(1,87), 0, 1
(1,92), 0, 1
(2,8), 0, 1
(2,12), 0, 1
(2,32), 0, 1
(2,39), 0, 1
(2,40), 0, 1
(2,50), 0, 1
(2,64), 0, 1
(2,75), 0, 1
(2,82), 0, 1
(2,84), 0, 1
(2,85), 0, 1
(2,92), 0, 1
(3,1), 0, 1
(3,2), 0, 1
(3,6), 0, 1
(3,7), 0, 1
(3,8), 0, 1
(3,9), 0, 1
(3,11), 0, 1
(3,12), 0, 1
(3,13), 0, 1
(3,14), 0, 1
(3,15), 0, 1
(3,16), 0, 1
(3,17), 0, 1
(3,19), 0, 1
(3,20), 0, 1
(3,22), 0, 1
(3,24), 0, 1
(3,25), 0, 1
(3,26), 0, 1
(3,28), 0, 1
(3,29), 0, 1
(3,30), 0, 1
(3,32), 0, 1
(3,33), 0, 1
(3,35), 0, 1
(3,36), 0, 1
(3,37), 0, 1
(3,39), 0, 1
(3,42), 0, 1
(3,44), 0, 1
(3,45), 0, 1
(3,46), 0, 1
(3,48), 0, 1
(3,49), 0, 1
(3,50), 0, 1
(3,51), 0, 1
(3,52), 0, 1
(3,53), 0, 1
(3,56), 0, 1
(3,58), 0, 1
(3,63), 0, 1
(3,65), 0, 1
(3,66), 0, 1
(3,68), 0, 1
(3,71), 0, 1
(3,72), 0, 1
(3,73), 0, 1
(3,75), 0, 1
(3,76), 0, 1
(3,78), 0, 1
(3,79), 0, 1
(3,80), 0, 1
(3,81), 0, 1
(3,82), 0, 1
(3,84), 0, 1
(3,85), 0, 1
(3,86), 0, 1
(3,87), 0, 1
(3,89), 0, 1
(3,90), 0, 1
(3,91), 0, 1
(3,92), 0, 1
(3,93), 0, 1
(3,95), 0, 1
(4,11), 0, 1
(4,22), 0, 1
(4,28), 0, 1
(4,36), 0, 1
(4,57), 0, 1
(4,89), 0, 1
(4,91), 0, 1
(4,96), 0, 1
(5,1), 0, 1
(5,6), 0, 1
(5,7), 0, 1
(5,8), 0, 1
(5,9), 0, 1
(5,11), 0, 1
(5,12), 0, 1
(5,13), 0, 1
(5,14), 0, 1
(5,15), 0, 1
(5,16), 0, 1
(5,17), 0, 1
(5,19), 0, 1
(5,22), 0, 1
(5,24), 0, 1
(5,25), 0, 1
(5,26), 0, 1
(5,28), 0, 1
(5,29), 0, 1
(5,30), 0, 1
(5,31), 0, 1
(5,33), 0, 1
(5,35), 0, 1
(5,37), 0, 1
(5,39), 0, 1
(5,43), 0, 1
(5,44), 0, 1
(5,45), 0, 1
(5,46), 0, 1
(5,48), 0, 1
(5,49), 0, 1
(5,50), 0, 1
(5,51), 0, 1
(5,52), 0, 1
(5,53), 0, 1
(5,55), 0, 1
(5,56), 0, 1
(5,58), 0, 1
(5,59), 0, 1
(5,61), 0, 1
(5,64), 0, 1
(5,65), 0, 1
(5,66), 0, 1
(5,68), 0, 1
(5,71), 0, 1
(5,72), 0, 1
(5,73), 0, 1
(5,74), 0, 1
(5,75), 0, 1
(5,76), 0, 1
(5,77), 0, 1
(5,78), 0, 1
(5,79), 0, 1
(5,80), 0, 1
(5,82), 0, 1
(5,84), 0, 1
(5,85), 0, 1
(5,87), 0, 1
(5,89), 0, 1
(5,90), 0, 1
(5,91), 0, 1
(5,92), 0, 1
(5,93), 0, 1
(5,95), 0, 1
(5,96), 0, 1
(6,8), 0, 1
(6,12), 0, 1
(6,39), 0, 1
(6,75), 0, 1
(6,82), 0, 1
(6,84), 0, 1
(6,85), 0, 1
(6,92), 0, 1
(8,11), 0, 1
(8,22), 0, 1
(8,28), 0, 1
(8,31), 0, 1
(8,89), 0, 1
(8,96), 0, 1
(9,8), 0, 1
(9,32), 0, 1
(9,39), 0, 1
(9,40), 0, 1
(9,69), 0, 1
(9,75), 0, 1
(9,82), 0, 1
(9,85), 0, 1
(9,87), 0, 1
(9,92), 0, 1
(10,1), 0, 1
(10,2), 0, 1
(10,3), 0, 1
(10,6), 0, 1
(10,7), 0, 1
(10,8), 0, 1
(10,9), 0, 1
(10,11), 0, 1
(10,12), 0, 1
(10,14), 0, 1
(10,22), 0, 1
(10,24), 0, 1
(10,25), 0, 1
(10,26), 0, 1
(10,28), 0, 1
(10,29), 0, 1
(10,32), 0, 1
(10,33), 0, 1
(10,35), 0, 1
(10,36), 0, 1
(10,37), 0, 1
(10,39), 0, 1
(10,40), 0, 1
(10,41), 0, 1
(10,42), 0, 1
(10,43), 0, 1
(10,44), 0, 1
(10,45), 0, 1
(10,46), 0, 1
(10,48), 0, 1
(10,49), 0, 1
(10,50), 0, 1
(10,51), 0, 1
(10,52), 0, 1
(10,53), 0, 1
(10,55), 0, 1
(10,56), 0, 1
(10,58), 0, 1
(10,65), 0, 1
(10,67), 0, 1
(10,68), 0, 1
(10,71), 0, 1
(10,72), 0, 1
(10,73), 0, 1
(10,74), 0, 1
(10,75), 0, 1
(10,76), 0, 1
(10,78), 0, 1
(10,79), 0, 1
(10,80), 0, 1
(10,82), 0, 1
(10,84), 0, 1
(10,85), 0, 1
(10,87), 0, 1
(10,89), 0, 1
(10,90), 0, 1
(10,91), 0, 1
(10,92), 0, 1
(10,93), 0, 1
(10,94), 0, 1
(10,95), 0, 1
(10,96), 0, 1
(11,8), 0, 1
(11,32), 0, 1
(11,39), 0, 1
(11,40), 0, 1
(11,50), 0, 1
(11,75), 0, 1
(11,82), 0, 1
(11,85), 0, 1
(11,87), 0, 1
(11,92), 0, 1
(12,1), 0, 1
(12,2), 0, 1
(12,3), 0, 1
(12,4), 0, 1
(12,7), 0, 1
(12,8), 0, 1
(12,9), 0, 1
(12,11), 0, 1
(12,13), 0, 1
(12,14), 0, 1
(12,15), 0, 1
(12,16), 0, 1
(12,17), 0, 1
(12,19), 0, 1
(12,22), 0, 1
(12,24), 0, 1
(12,25), 0, 1
(12,26), 0, 1
(12,28), 0, 1
(12,29), 0, 1
(12,30), 0, 1
(12,31), 0, 1
(12,32), 0, 1
(12,33), 0, 1
(12,35), 0, 1
(12,36), 0, 1
(12,37), 0, 1
(12,39), 0, 1
(12,40), 0, 1
(12,42), 0, 1
(12,43), 0, 1
(12,44), 0, 1
(12,46), 0, 1
(12,48), 0, 1
(12,49), 0, 1
(12,50), 0, 1
(12,51), 0, 1
(12,53), 0, 1
(12,56), 0, 1
(12,58), 0, 1
(12,59), 0, 1
(12,63), 0, 1
(12,64), 0, 1
(12,65), 0, 1
(12,66), 0, 1
(12,68), 0, 1
(12,71), 0, 1
(12,72), 0, 1
(12,73), 0, 1
(12,74), 0, 1
(12,75), 0, 1
(12,76), 0, 1
(12,78), 0, 1
(12,79), 0, 1
(12,80), 0, 1
(12,81), 0, 1
(12,82), 0, 1
(12,84), 0, 1
(12,85), 0, 1
(12,86), 0, 1
(12,87), 0, 1
(12,88), 0, 1
(12,89), 0, 1
(12,91), 0, 1
(12,92), 0, 1
(12,93), 0, 1
(12,95), 0, 1
(12,96), 0, 1
(13,0), 0, 1
(13,8), 0, 1
(13,12), 0, 1
(13,32), 0, 1
(13,39), 0, 1
(13,40), 0, 1
(13,50), 0, 1
(13,75), 0, 1
(13,82), 0, 1
(13,84), 0, 1
(13,85), 0, 1
(13,87), 0, 1
(13,88), 0, 1
(13,92), 0, 1
(14,11), 0, 1
(14,22), 0, 1
(14,28), 0, 1
(14,31), 0, 1
(14,36), 0, 1
(14,89), 0, 1
(14,91), 0, 1
(14,96), 0, 1
(15,8), 0, 1
(15,12), 0, 1
(15,32), 0, 1
(15,39), 0, 1
(15,40), 0, 1
(15,75), 0, 1
(15,82), 0, 1
(15,84), 0, 1
(15,85), 0, 1
(15,87), 0, 1
(15,92), 0, 1
(16,11), 0, 1
(16,22), 0, 1
(16,28), 0, 1
(16,31), 0, 1
(16,36), 0, 1
(16,89), 0, 1
(16,91), 0, 1
(16,96), 0, 1
(17,8), 0, 1
(17,12), 0, 1
(17,32), 0, 1
(17,39), 0, 1
(17,40), 0, 1
(17,50), 0, 1
(17,61), 0, 1
(17,75), 0, 1
(17,82), 0, 1
(17,85), 0, 1
(17,87), 0, 1
(17,92), 0, 1
(18,8), 0, 1
(18,12), 0, 1
(18,32), 0, 1
(18,39), 0, 1
(18,40), 0, 1
(18,75), 0, 1
(18,82), 0, 1
(18,84), 0, 1
(18,85), 0, 1
(18,92), 0, 1
(19,0), 0, 1
(19,8), 0, 1
(19,12), 0, 1
(19,32), 0, 1
(19,39), 0, 1
(19,40), 0, 1
(19,50), 0, 1
(19,61), 0, 1
(19,69), 0, 1
(19,75), 0, 1
(19,82), 0, 1
(19,92), 0, 1
(20,1), 0, 1
(20,2), 0, 1
(20,3), 0, 1
(20,6), 0, 1
(20,7), 0, 1
(20,8), 0, 1
(20,9), 0, 1
(20,11), 0, 1
(20,13), 0, 1
(20,14), 0, 1
(20,15), 0, 1
(20,16), 0, 1
(20,17), 0, 1
(20,19), 0, 1
(20,22), 0, 1
(20,24), 0, 1
(20,25), 0, 1
(20,26), 0, 1
(20,28), 0, 1
(20,29), 0, 1
(20,30), 0, 1
(20,31), 0, 1
(20,32), 0, 1
(20,33), 0, 1
(20,35), 0, 1
(20,36), 0, 1
(20,37), 0, 1
(20,39), 0, 1
(20,40), 0, 1
(20,42), 0, 1
(20,44), 0, 1
(20,45), 0, 1
(20,46), 0, 1
(20,48), 0, 1
(20,49), 0, 1
(20,50), 0, 1
(20,51), 0, 1
(20,52), 0, 1
(20,53), 0, 1
(20,54), 0, 1
(20,55), 0, 1
(20,56), 0, 1
(20,58), 0, 1
(20,63), 0, 1
(20,65), 0, 1
(20,66), 0, 1
(20,71), 0, 1
(20,72), 0, 1
(20,74), 0, 1
(20,75), 0, 1
(20,76), 0, 1
(20,77), 0, 1
(20,78), 0, 1
(20,79), 0, 1
(20,80), 0, 1
(20,81), 0, 1
(20,84), 0, 1
(20,86), 0, 1
(20,87), 0, 1
(20,89), 0, 1
(20,90), 0, 1
(20,91), 0, 1
(20,92), 0, 1
(20,93), 0, 1
(20,95), 0, 1
(20,96), 0, 1
(21,8), 0, 1
(21,12), 0, 1
(21,32), 0, 1
(21,39), 0, 1
(21,40), 0, 1
(21,50), 0, 1
(21,64), 0, 1
(21,75), 0, 1
(21,82), 0, 1
(21,84), 0, 1
(21,85), 0, 1
(21,87), 0, 1
(21,92), 0, 1
(22,8), 0, 1
(22,10), 0, 1
(22,12), 0, 1
(22,32), 0, 1
(22,39), 0, 1
(22,40), 0, 1
(22,75), 0, 1
(22,82), 0, 1
(22,84), 0, 1
(22,92), 0, 1
(23,11), 0, 1
(23,22), 0, 1
(23,28), 0, 1
(23,31), 0, 1
(23,36), 0, 1
(23,89), 0, 1
(23,91), 0, 1
(23,96), 0, 1
(24,8), 0, 1
(24,12), 0, 1
(24,32), 0, 1
(24,39), 0, 1
(24,50), 0, 1
(24,75), 0, 1
(24,82), 0, 1
(24,84), 0, 1
(24,85), 0, 1
(24,87), 0, 1
(24,92), 0, 1
(25,11), 0, 1
(25,22), 0, 1
(25,28), 0, 1
(25,31), 0, 1
(25,36), 0, 1
(25,69), 0, 1
(25,89), 0, 1
(25,91), 0, 1
(25,96), 0, 1
(26,0), 0, 1
(26,8), 0, 1
(26,12), 0, 1
(26,32), 0, 1
(26,39), 0, 1
(26,40), 0, 1
(26,50), 0, 1
(26,75), 0, 1
(26,84), 0, 1
(26,85), 0, 1
(26,87), 0, 1
(26,92), 0, 1
(27,8), 0, 1
(27,12), 0, 1
(27,32), 0, 1
(27,39), 0, 1
(27,40), 0, 1
(27,75), 0, 1
(27,82), 0, 1
(27,84), 0, 1
(27,92), 0, 1
(29,8), 0, 1
(29,32), 0, 1
(29,39), 0, 1
(29,40), 0, 1
(29,50), 0, 1
(29,75), 0, 1
(29,82), 0, 1
(29,84), 0, 1
(29,85), 0, 1
(29,87), 0, 1
(29,92), 0, 1
(30,12), 0, 1
(30,32), 0, 1
(30,39), 0, 1
(30,40), 0, 1
(30,50), 0, 1
(30,75), 0, 1
(30,82), 0, 1
(30,84), 0, 1
(30,85), 0, 1
(30,87), 0, 1
(30,92), 0, 1
(31,8), 0, 1
(31,12), 0, 1
(31,32), 0, 1
(31,38), 0, 1
(31,50), 0, 1
(31,82), 0, 1
(31,84), 0, 1
(31,85), 0, 1
(31,87), 0, 1
(31,92), 0, 1
(32,11), 0, 1
(32,22), 0, 1
(32,28), 0, 1
(32,31), 0, 1
(32,36), 0, 1
(32,89), 0, 1
(32,91), 0, 1
(33,8), 0, 1
(33,12), 0, 1
(33,32), 0, 1
(33,39), 0, 1
(33,50), 0, 1
(33,75), 0, 1
(33,82), 0, 1
(33,84), 0, 1
(33,85), 0, 1
(33,87), 0, 1
(36,10), 0, 1
(36,12), 0, 1
(36,32), 0, 1
(36,39), 0, 1
(36,40), 0, 1
(36,75), 0, 1
(36,82), 0, 1
(36,84), 0, 1
(36,92), 0, 1
(37,11), 0, 1
(37,28), 0, 1
(37,31), 0, 1
(37,36), 0, 1
(37,89), 0, 1
(37,91), 0, 1
(37,96), 0, 1
(38,11), 0, 1
(38,21), 0, 1
(38,22), 0, 1
(38,28), 0, 1
(38,31), 0, 1
(38,36), 0, 1
(38,89), 0, 1
(38,91), 0, 1
(38,96), 0, 1
(39,8), 0, 1
(39,12), 0, 1
(39,32), 0, 1
(39,38), 0, 1
(39,40), 0, 1
(39,82), 0, 1
(39,85), 0, 1
(39,87), 0, 1
(39,88), 0, 1
(39,92), 0, 1
(40,11), 0, 1
(40,28), 0, 1
(40,31), 0, 1
(40,36), 0, 1
(40,57), 0, 1
(40,89), 0, 1
(40,91), 0, 1
(40,96), 0, 1
(40,97), 0, 1
(41,1), 0, 1
(41,2), 0, 1
(41,3), 0, 1
(41,4), 0, 1
(41,6), 0, 1
(41,7), 0, 1
(41,8), 0, 1
(41,9), 0, 1
(41,11), 0, 1
(41,12), 0, 1
(41,13), 0, 1
(41,14), 0, 1
(41,15), 0, 1
(41,16), 0, 1
(41,17), 0, 1
(41,19), 0, 1
(41,22), 0, 1
(41,24), 0, 1
(41,25), 0, 1
(41,26), 0, 1
(41,28), 0, 1
(41,29), 0, 1
(41,30), 0, 1
(41,32), 0, 1
(41,33), 0, 1
(41,35), 0, 1
(41,36), 0, 1
(41,37), 0, 1
(41,39), 0, 1
(41,42), 0, 1
(41,43), 0, 1
(41,44), 0, 1
(41,45), 0, 1
(41,46), 0, 1
(41,48), 0, 1
(41,49), 0, 1
(41,51), 0, 1
(41,53), 0, 1
(41,55), 0, 1
(41,56), 0, 1
(41,58), 0, 1
(41,63), 0, 1
(41,64), 0, 1
(41,65), 0, 1
(41,66), 0, 1
(41,68), 0, 1
(41,70), 0, 1
(41,71), 0, 1
(41,72), 0, 1
(41,73), 0, 1
(41,74), 0, 1
(41,76), 0, 1
(41,77), 0, 1
(41,78), 0, 1
(41,79), 0, 1
(41,80), 0, 1
(41,81), 0, 1
(41,82), 0, 1
(41,83), 0, 1
(41,85), 0, 1
(41,86), 0, 1
(41,89), 0, 1
(41,90), 0, 1
(41,91), 0, 1
(41,92), 0, 1
(41,93), 0, 1
(41,95), 0, 1
(41,96), 0, 1
(42,0), 0, 1
(42,8), 0, 1
(42,32), 0, 1
(42,75), 0, 1
(42,82), 0, 1
(42,84), 0, 1
(42,85), 0, 1
(42,87), 0, 1
(42,92), 0, 1
(43,8), 0, 1
(43,12), 0, 1
(43,32), 0, 1
(43,39), 0, 1
(43,40), 0, 1
(43,82), 0, 1
(43,84), 0, 1
(43,85), 0, 1
(43,92), 0, 1
(44,11), 0, 1
(44,28), 0, 1
(44,31), 0, 1
(44,36), 0, 1
(44,89), 0, 1
(44,91), 0, 1
(44,96), 0, 1
(45,11), 0, 1
(45,22), 0, 1
(45,28), 0, 1
(45,36), 0, 1
(45,89), 0, 1
(45,91), 0, 1
(45,96), 0, 1
(46,8), 0, 1
(46,12), 0, 1
(46,39), 0, 1
(46,40), 0, 1
(46,50), 0, 1
(46,69), 0, 1
(46,75), 0, 1
(46,82), 0, 1
(46,85), 0, 1
(46,87), 0, 1
(46,92), 0, 1
(47,8), 0, 1
(47,12), 0, 1
(47,32), 0, 1
(47,39), 0, 1
(47,50), 0, 1
(47,82), 0, 1
(47,84), 0, 1
(47,85), 0, 1
(47,87), 0, 1
(47,92), 0, 1
(48,0), 0, 1
(48,8), 0, 1
(48,12), 0, 1
(48,39), 0, 1
(48,40), 0, 1
(48,50), 0, 1
(48,75), 0, 1
(48,82), 0, 1
(48,84), 0, 1
(48,85), 0, 1
(48,92), 0, 1
(49,8), 0, 1
(49,12), 0, 1
(49,39), 0, 1
(49,40), 0, 1
(49,50), 0, 1
(49,82), 0, 1
(49,84), 0, 1
(49,85), 0, 1
(49,87), 0, 1
(49,92), 0, 1
(50,11), 0, 1
(50,22), 0, 1
(50,28), 0, 1
(50,31), 0, 1
(50,36), 0, 1
(50,89), 0, 1
(50,91), 0, 1
(51,8), 0, 1
(51,32), 0, 1
(51,39), 0, 1
(51,40), 0, 1
(51,50), 0, 1
(51,75), 0, 1
(51,82), 0, 1
(51,84), 0, 1
(51,85), 0, 1
(51,92), 0, 1
(52,32), 0, 1
(52,39), 0, 1
(52,40), 0, 1
(52,50), 0, 1
(52,85), 0, 1
(52,87), 0, 1
(52,92), 0, 1
(53,11), 0, 1
(53,21), 0, 1
(53,22), 0, 1
(53,28), 0, 1
(53,31), 0, 1
(53,36), 0, 1
(53,89), 0, 1
(53,91), 0, 1
(54,8), 0, 1
(54,12), 0, 1
(54,32), 0, 1
(54,39), 0, 1
(54,40), 0, 1
(54,64), 0, 1
(54,69), 0, 1
(54,75), 0, 1
(54,82), 0, 1
(54,85), 0, 1
(54,87), 0, 1
(54,92), 0, 1
(55,8), 0, 1
(55,32), 0, 1
(55,39), 0, 1
(55,40), 0, 1
(55,50), 0, 1
(55,82), 0, 1
(55,85), 0, 1
(55,87), 0, 1
(55,92), 0, 1
(56,12), 0, 1
(56,32), 0, 1
(56,39), 0, 1
(56,40), 0, 1
(56,82), 0, 1
(56,87), 0, 1
(56,88), 0, 1
(56,92), 0, 1
(57,8), 0, 1
(57,12), 0, 1
(57,39), 0, 1
(57,40), 0, 1
(57,75), 0, 1
(57,82), 0, 1
(57,87), 0, 1
(57,92), 0, 1
(58,8), 0, 1
(58,10), 0, 1
(58,39), 0, 1
(58,40), 0, 1
(58,50), 0, 1
(58,75), 0, 1
(58,82), 0, 1
(58,84), 0, 1
(58,87), 0, 1
(58,92), 0, 1
(59,8), 0, 1
(59,32), 0, 1
(59,39), 0, 1
(59,75), 0, 1
(59,82), 0, 1
(59,84), 0, 1
(59,85), 0, 1
(59,87), 0, 1
(59,92), 0, 1
(60,8), 0, 1
(60,10), 0, 1
(60,32), 0, 1
(60,39), 0, 1
(60,50), 0, 1
(60,75), 0, 1
(60,82), 0, 1
(60,84), 0, 1
(60,85), 0, 1
(60,87), 0, 1
(61,8), 0, 1
(61,12), 0, 1
(61,32), 0, 1
(61,39), 0, 1
(61,40), 0, 1
(61,50), 0, 1
(61,75), 0, 1
(61,84), 0, 1
(61,85), 0, 1
(61,87), 0, 1
(61,92), 0, 1
(62,0), 0, 1
(62,1), 0, 1
(62,2), 0, 1
(62,3), 0, 1
(62,6), 0, 1
(62,7), 0, 1
(62,8), 0, 1
(62,9), 0, 1
(62,12), 0, 1
(62,13), 0, 1
(62,14), 0, 1
(62,15), 0, 1
(62,16), 0, 1
(62,17), 0, 1
(62,19), 0, 1
(62,22), 0, 1
(62,24), 0, 1
(62,25), 0, 1
(62,26), 0, 1
(62,28), 0, 1
(62,29), 0, 1
(62,30), 0, 1
(62,31), 0, 1
(62,32), 0, 1
(62,33), 0, 1
(62,35), 0, 1
(62,36), 0, 1
(62,37), 0, 1
(62,39), 0, 1
(62,41), 0, 1
(62,42), 0, 1
(62,43), 0, 1
(62,44), 0, 1
(62,45), 0, 1
(62,46), 0, 1
(62,48), 0, 1
(62,49), 0, 1
(62,50), 0, 1
(62,51), 0, 1
(62,52), 0, 1
(62,53), 0, 1
(62,55), 0, 1
(62,56), 0, 1
(62,58), 0, 1
(62,59), 0, 1
(62,63), 0, 1
(62,65), 0, 1
(62,67), 0, 1
(62,68), 0, 1
(62,71), 0, 1
(62,72), 0, 1
(62,73), 0, 1
(62,74), 0, 1
(62,75), 0, 1
(62,76), 0, 1
(62,77), 0, 1
(62,78), 0, 1
(62,79), 0, 1
(62,80), 0, 1
(62,81), 0, 1
(62,82), 0, 1
(62,85), 0, 1
(62,86), 0, 1
(62,87), 0, 1
(62,89), 0, 1
(62,90), 0, 1
(62,91), 0, 1
(62,92), 0, 1
(62,93), 0, 1
(62,95), 0, 1
(62,96), 0, 1
(63,28), 0, 1
(63,36), 0, 1
(63,57), 0, 1
(63,89), 0, 1
(63,91), 0, 1
(63,96), 0, 1
(63,97), 0, 1
(64,8), 0, 1
(64,12), 0, 1
(64,32), 0, 1
(64,39), 0, 1
(64,40), 0, 1
(64,82), 0, 1
(64,84), 0, 1
(64,85), 0, 1
(64,87), 0, 1
(64,92), 0, 1
(66,11), 0, 1
(66,22), 0, 1
(66,28), 0, 1
(66,31), 0, 1
(66,36), 0, 1
(66,89), 0, 1
(66,91), 0, 1
(66,96), 0, 1
(67,1), 0, 1
(67,2), 0, 1
(67,3), 0, 1
(67,6), 0, 1
(67,7), 0, 1
(67,8), 0, 1
(67,9), 0, 1
(67,12), 0, 1
(67,13), 0, 1
(67,14), 0, 1
(67,15), 0, 1
(67,16), 0, 1
(67,17), 0, 1
(67,19), 0, 1
(67,20), 0, 1
(67,24), 0, 1
(67,25), 0, 1
(67,26), 0, 1
(67,27), 0, 1
(67,28), 0, 1
(67,29), 0, 1
(67,30), 0, 1
(67,31), 0, 1
(67,32), 0, 1
(67,33), 0, 1
(67,35), 0, 1
(67,36), 0, 1
(67,37), 0, 1
(67,39), 0, 1
(67,40), 0, 1
(67,43), 0, 1
(67,44), 0, 1
(67,45), 0, 1
(67,46), 0, 1
(67,47), 0, 1
(67,48), 0, 1
(67,49), 0, 1
(67,51), 0, 1
(67,52), 0, 1
(67,53), 0, 1
(67,55), 0, 1
(67,56), 0, 1
(67,59), 0, 1
(67,61), 0, 1
(67,63), 0, 1
(67,65), 0, 1
(67,68), 0, 1
(67,71), 0, 1
(67,72), 0, 1
(67,73), 0, 1
(67,74), 0, 1
(67,78), 0, 1
(67,79), 0, 1
(67,80), 0, 1
(67,81), 0, 1
(67,82), 0, 1
(67,84), 0, 1
(67,85), 0, 1
(67,86), 0, 1
(67,87), 0, 1
(67,88), 0, 1
(67,89), 0, 1
(67,90), 0, 1
(67,91), 0, 1
(67,92), 0, 1
(67,93), 0, 1
(67,95), 0, 1
(68,8), 0, 1
(68,10), 0, 1
(68,12), 0, 1
(68,32), 0, 1
(68,39), 0, 1
(68,50), 0, 1
(68,75), 0, 1
(68,82), 0, 1
(68,85), 0, 1
(68,87), 0, 1
(68,92), 0, 1
(69,1), 0, 1
(69,2), 0, 1
(69,4), 0, 1
(69,6), 0, 1
(69,7), 0, 1
(69,8), 0, 1
(69,9), 0, 1
(69,11), 0, 1
(69,12), 0, 1
(69,13), 0, 1
(69,14), 0, 1
(69,16), 0, 1
(69,17), 0, 1
(69,19), 0, 1
(69,21), 0, 1
(69,22), 0, 1
(69,24), 0, 1
(69,25), 0, 1
(69,26), 0, 1
(69,28), 0, 1
(69,29), 0, 1
(69,30), 0, 1
(69,32), 0, 1
(69,33), 0, 1
(69,35), 0, 1
(69,36), 0, 1
(69,37), 0, 1
(69,42), 0, 1
(69,43), 0, 1
(69,44), 0, 1
(69,45), 0, 1
(69,46), 0, 1
(69,48), 0, 1
(69,49), 0, 1
(69,51), 0, 1
(69,52), 0, 1
(69,53), 0, 1
(69,55), 0, 1
(69,56), 0, 1
(69,58), 0, 1
(69,59), 0, 1
(69,63), 0, 1
(69,65), 0, 1
(69,68), 0, 1
(69,70), 0, 1
(69,71), 0, 1
(69,72), 0, 1
(69,73), 0, 1
(69,74), 0, 1
(69,76), 0, 1
(69,77), 0, 1
(69,78), 0, 1
(69,79), 0, 1
(69,80), 0, 1
(69,81), 0, 1
(69,82), 0, 1
(69,84), 0, 1
(69,85), 0, 1
(69,86), 0, 1
(69,87), 0, 1
(69,88), 0, 1
(69,89), 0, 1
(69,90), 0, 1
(69,91), 0, 1
(69,92), 0, 1
(69,93), 0, 1
(69,96), 0, 1
(70,0), 0, 1
(70,2), 0, 1
(70,3), 0, 1
(70,4), 0, 1
(70,6), 0, 1
(70,7), 0, 1
(70,8), 0, 1
(70,9), 0, 1
(70,11), 0, 1
(70,13), 0, 1
(70,14), 0, 1
(70,15), 0, 1
(70,16), 0, 1
(70,17), 0, 1
(70,19), 0, 1
(70,24), 0, 1
(70,25), 0, 1
(70,28), 0, 1
(70,29), 0, 1
(70,30), 0, 1
(70,32), 0, 1
(70,35), 0, 1
(70,36), 0, 1
(70,37), 0, 1
(70,39), 0, 1
(70,41), 0, 1
(70,42), 0, 1
(70,43), 0, 1
(70,44), 0, 1
(70,45), 0, 1
(70,46), 0, 1
(70,49), 0, 1
(70,51), 0, 1
(70,52), 0, 1
(70,53), 0, 1
(70,54), 0, 1
(70,55), 0, 1
(70,56), 0, 1
(70,58), 0, 1
(70,59), 0, 1
(70,65), 0, 1
(70,66), 0, 1
(70,68), 0, 1
(70,71), 0, 1
(70,72), 0, 1
(70,73), 0, 1
(70,74), 0, 1
(70,76), 0, 1
(70,78), 0, 1
(70,79), 0, 1
(70,80), 0, 1
(70,81), 0, 1
(70,82), 0, 1
(70,84), 0, 1
(70,85), 0, 1
(70,86), 0, 1
(70,87), 0, 1
(70,89), 0, 1
(70,90), 0, 1
(70,91), 0, 1
(70,92), 0, 1
(70,93), 0, 1
(70,95), 0, 1
(71,8), 0, 1
(71,12), 0, 1
(71,32), 0, 1
(71,39), 0, 1
(71,40), 0, 1
(71,75), 0, 1
(71,82), 0, 1
(71,84), 0, 1
(71,92), 0, 1
(72,8), 0, 1
(72,32), 0, 1
(72,39), 0, 1
(72,50), 0, 1
(72,69), 0, 1
(72,82), 0, 1
(72,84), 0, 1
(72,85), 0, 1
(72,87), 0, 1
(72,88), 0, 1
(73,11), 0, 1
(73,28), 0, 1
(73,31), 0, 1
(73,36), 0, 1
(73,89), 0, 1
(73,91), 0, 1
(74,8), 0, 1
(74,32), 0, 1
(74,38), 0, 1
(74,39), 0, 1
(74,75), 0, 1
(74,82), 0, 1
(74,85), 0, 1
(74,87), 0, 1
(74,92), 0, 1
(75,8), 0, 1
(75,32), 0, 1
(75,39), 0, 1
(75,40), 0, 1
(75,82), 0, 1
(75,85), 0, 1
(75,92), 0, 1
(76,8), 0, 1
(76,12), 0, 1
(76,32), 0, 1
(76,39), 0, 1
(76,40), 0, 1
(76,50), 0, 1
(76,82), 0, 1
(76,84), 0, 1
(76,85), 0, 1
(76,87), 0, 1
(76,92), 0, 1
(77,12), 0, 1
(77,39), 0, 1
(77,40), 0, 1
(77,50), 0, 1
(77,61), 0, 1
(77,75), 0, 1
(77,84), 0, 1
(77,85), 0, 1
(77,87), 0, 1
(77,92), 0, 1
(78,8), 0, 1
(78,32), 0, 1
(78,39), 0, 1
(78,40), 0, 1
(78,41), 0, 1
(78,50), 0, 1
(78,75), 0, 1
(78,82), 0, 1
(78,85), 0, 1
(78,92), 0, 1
(79,8), 0, 1
(79,12), 0, 1
(79,32), 0, 1
(79,39), 0, 1
(79,40), 0, 1
(79,50), 0, 1
(79,82), 0, 1
(79,84), 0, 1
(79,85), 0, 1
(79,87), 0, 1
(80,8), 0, 1
(80,12), 0, 1
(80,32), 0, 1
(80,38), 0, 1
(80,39), 0, 1
(80,40), 0, 1
(80,50), 0, 1
(80,82), 0, 1
(80,85), 0, 1
(80,87), 0, 1
(80,92), 0, 1
(81,8), 0, 1
(81,12), 0, 1
(81,32), 0, 1
(81,39), 0, 1
(81,40), 0, 1
(81,50), 0, 1
(81,69), 0, 1
(81,82), 0, 1
(81,84), 0, 1
(81,85), 0, 1
(81,87), 0, 1
(82,11), 0, 1
(82,28), 0, 1
(82,31), 0, 1
(82,36), 0, 1
(82,89), 0, 1
(82,91), 0, 1
(83,1), 0, 1
(83,2), 0, 1
(83,4), 0, 1
(83,6), 0, 1
(83,7), 0, 1
(83,8), 0, 1
(83,9), 0, 1
(83,11), 0, 1
(83,12), 0, 1
(83,13), 0, 1
(83,14), 0, 1
(83,16), 0, 1
(83,17), 0, 1
(83,19), 0, 1
(83,24), 0, 1
(83,25), 0, 1
(83,26), 0, 1
(83,28), 0, 1
(83,29), 0, 1
(83,30), 0, 1
(83,31), 0, 1
(83,32), 0, 1
(83,33), 0, 1
(83,35), 0, 1
(83,36), 0, 1
(83,37), 0, 1
(83,39), 0, 1
(83,42), 0, 1
(83,43), 0, 1
(83,44), 0, 1
(83,45), 0, 1
(83,46), 0, 1
(83,48), 0, 1
(83,49), 0, 1
(83,50), 0, 1
(83,51), 0, 1
(83,53), 0, 1
(83,54), 0, 1
(83,55), 0, 1
(83,56), 0, 1
(83,58), 0, 1
(83,63), 0, 1
(83,65), 0, 1
(83,66), 0, 1
(83,68), 0, 1
(83,72), 0, 1
(83,73), 0, 1
(83,74), 0, 1
(83,75), 0, 1
(83,76), 0, 1
(83,79), 0, 1
(83,80), 0, 1
(83,81), 0, 1
(83,82), 0, 1
(83,84), 0, 1
(83,85), 0, 1
(83,86), 0, 1
(83,87), 0, 1
(83,89), 0, 1
(83,90), 0, 1
(83,91), 0, 1
(83,92), 0, 1
(83,93), 0, 1
(83,94), 0, 1
(83,95), 0, 1
(83,96), 0, 1
(83,97), 0, 1
(84,11), 0, 1
(84,22), 0, 1
(84,28), 0, 1
(84,31), 0, 1
(84,36), 0, 1
(84,89), 0, 1
(84,91), 0, 1
(84,96), 0, 1
(85,11), 0, 1
(85,22), 0, 1
(85,28), 0, 1
(85,31), 0, 1
(85,69), 0, 1
(85,89), 0, 1
(85,91), 0, 1
(85,96), 0, 1
(86,8), 0, 1
(86,10), 0, 1
(86,12), 0, 1
(86,32), 0, 1
(86,38), 0, 1
(86,39), 0, 1
(86,40), 0, 1
(86,82), 0, 1
(86,85), 0, 1
(86,92), 0, 1
(87,11), 0, 1
(87,22), 0, 1
(87,28), 0, 1
(87,31), 0, 1
(87,36), 0, 1
(87,89), 0, 1
(87,91), 0, 1
(87,96), 0, 1
(88,1), 0, 1
(88,2), 0, 1
(88,3), 0, 1
(88,4), 0, 1
(88,6), 0, 1
(88,7), 0, 1
(88,8), 0, 1
(88,9), 0, 1
(88,11), 0, 1
(88,12), 0, 1
(88,13), 0, 1
(88,14), 0, 1
(88,15), 0, 1
(88,16), 0, 1
(88,17), 0, 1
(88,19), 0, 1
(88,24), 0, 1
(88,25), 0, 1
(88,26), 0, 1
(88,28), 0, 1
(88,29), 0, 1
(88,30), 0, 1
(88,31), 0, 1
(88,33), 0, 1
(88,35), 0, 1
(88,36), 0, 1
(88,37), 0, 1
(88,39), 0, 1
(88,42), 0, 1
(88,43), 0, 1
(88,44), 0, 1
(88,45), 0, 1
(88,46), 0, 1
(88,48), 0, 1
(88,49), 0, 1
(88,50), 0, 1
(88,51), 0, 1
(88,52), 0, 1
(88,53), 0, 1
(88,55), 0, 1
(88,56), 0, 1
(88,58), 0, 1
(88,59), 0, 1
(88,65), 0, 1
(88,66), 0, 1
(88,67), 0, 1
(88,68), 0, 1
(88,69), 0, 1
(88,71), 0, 1
(88,72), 0, 1
(88,74), 0, 1
(88,75), 0, 1
(88,76), 0, 1
(88,77), 0, 1
(88,78), 0, 1
(88,79), 0, 1
(88,80), 0, 1
(88,81), 0, 1
(88,82), 0, 1
(88,83), 0, 1
(88,84), 0, 1
(88,85), 0, 1
(88,86), 0, 1
(88,87), 0, 1
(88,90), 0, 1
(88,91), 0, 1
(88,93), 0, 1
(88,95), 0, 1
(88,96), 0, 1
(89,8), 0, 1
(89,12), 0, 1
(89,32), 0, 1
(89,38), 0, 1
(89,39), 0, 1
(89,50), 0, 1
(89,75), 0, 1
(89,82), 0, 1
(89,84), 0, 1
(89,85), 0, 1
(89,87), 0, 1
(89,88), 0, 1
(89,92), 0, 1
(90,11), 0, 1
(90,22), 0, 1
(90,28), 0, 1
(90,36), 0, 1
(90,91), 0, 1
(93,11), 0, 1
(93,22), 0, 1
(93,28), 0, 1
(93,31), 0, 1
(93,36), 0, 1
(93,89), 0, 1
(93,91), 0, 1
(93,96), 0, 1
(94,1), 0, 1
(94,2), 0, 1
(94,3), 0, 1
(94,4), 0, 1
(94,6), 0, 1
(94,7), 0, 1
(94,8), 0, 1
(94,9), 0, 1
(94,11), 0, 1
(94,12), 0, 1
(94,13), 0, 1
(94,14), 0, 1
(94,15), 0, 1
(94,16), 0, 1
(94,19), 0, 1
(94,20), 0, 1
(94,24), 0, 1
(94,25), 0, 1
(94,26), 0, 1
(94,28), 0, 1
(94,29), 0, 1
(94,30), 0, 1
(94,31), 0, 1
(94,33), 0, 1
(94,35), 0, 1
(94,36), 0, 1
(94,37), 0, 1
(94,39), 0, 1
(94,42), 0, 1
(94,44), 0, 1
(94,45), 0, 1
(94,46), 0, 1
(94,48), 0, 1
(94,49), 0, 1
(94,51), 0, 1
(94,52), 0, 1
(94,53), 0, 1
(94,55), 0, 1
(94,56), 0, 1
(94,58), 0, 1
(94,59), 0, 1
(94,65), 0, 1
(94,68), 0, 1
(94,71), 0, 1
(94,72), 0, 1
(94,73), 0, 1
(94,74), 0, 1
(94,75), 0, 1
(94,76), 0, 1
(94,77), 0, 1
(94,78), 0, 1
(94,79), 0, 1
(94,80), 0, 1
(94,82), 0, 1
(94,85), 0, 1
(94,86), 0, 1
(94,87), 0, 1
(94,88), 0, 1
(94,89), 0, 1
(94,90), 0, 1
(94,91), 0, 1
(94,93), 0, 1
(94,95), 0, 1
(95,11), 0, 1
(95,22), 0, 1
(95,28), 0, 1
(95,36), 0, 1
(95,89), 0, 1
(95,91), 0, 1
(95,96), 0, 1
(96,1), 0, 1
(96,2), 0, 1
(96,6), 0, 1
(96,7), 0, 1
(96,8), 0, 1
(96,9), 0, 1
(96,11), 0, 1
(96,12), 0, 1
(96,14), 0, 1
(96,15), 0, 1
(96,16), 0, 1
(96,17), 0, 1
(96,19), 0, 1
(96,22), 0, 1
(96,24), 0, 1
(96,25), 0, 1
(96,26), 0, 1
(96,28), 0, 1
(96,29), 0, 1
(96,30), 0, 1
(96,31), 0, 1
(96,32), 0, 1
(96,33), 0, 1
(96,35), 0, 1
(96,36), 0, 1
(96,37), 0, 1
(96,39), 0, 1
(96,40), 0, 1
(96,41), 0, 1
(96,42), 0, 1
(96,43), 0, 1
(96,45), 0, 1
(96,46), 0, 1
(96,47), 0, 1
(96,48), 0, 1
(96,49), 0, 1
(96,50), 0, 1
(96,52), 0, 1
(96,53), 0, 1
(96,54), 0, 1
(96,55), 0, 1
(96,56), 0, 1
(96,57), 0, 1
(96,58), 0, 1
(96,59), 0, 1
(96,63), 0, 1
(96,65), 0, 1
(96,66), 0, 1
(96,71), 0, 1
(96,72), 0, 1
(96,73), 0, 1
(96,74), 0, 1
(96,76), 0, 1
(96,77), 0, 1
(96,78), 0, 1
(96,79), 0, 1
(96,80), 0, 1
(96,81), 0, 1
(96,82), 0, 1
(96,84), 0, 1
(96,85), 0, 1
(96,86), 0, 1
(96,87), 0, 1
(96,89), 0, 1
(96,90), 0, 1
(96,91), 0, 1
(96,92), 0, 1
(96,93), 0, 1
(96,95), 0, 1
(97,8), 0, 1
(97,32), 0, 1
(97,39), 0, 1
(97,50), 0, 1
(97,75), 0, 1
(97,82), 0, 1
(97,84), 0, 1
(97,85), 0, 1
(97,87), 0, 1
(97,92), 0, 1
(98,8), 0, 1
(98,10), 0, 1
(98,12), 0, 1
(98,32), 0, 1
(98,39), 0, 1
(98,75), 0, 1
(98,82), 0, 1
(98,84), 0, 1
(98,85), 0, 1
(98,87), 0, 1
(98,92), 0, 1
(99,8), 0, 1
(99,12), 0, 1
(99,32), 0, 1
(99,39), 0, 1
(99,50), 0, 1
(99,75), 0, 1
(99,82), 0, 1
(99,84), 0, 1
(99,85), 0, 1
(99,87), 0, 1
