Nr_Pairs = 98
Nr_NDD = 2
Nr_Arcs = 2391
0	0.5
1	0.10
2	0.10
3	0.32
4	0.92
5	0.92
6	0.5
7	0.28
8	0.28
9	0.90
10	0.90
11	0.28
12	0.90
13	0.5
14	0.5
15	0.5
16	0.5
17	0.90
18	0.90
19	0.5
20	0.5
21	0.5
22	0.5
23	0.5
24	0.28
25	0.28
26	0.32
27	0.92
28	0.5
29	0.5
30	0.5
31	0.90
32	0.28
33	0.32
34	0.92
35	0.28
36	0.5
37	0.28
38	0.90
39	0.32
40	0.5
41	0.5
42	0.5
43	0.5
44	0.5
45	0.10
46	0.5
47	0.90
48	0.5
49	0.5
50	0.10
51	0.28
52	0.28
53	0.5
54	0.10
55	0.90
56	0.5
57	0.5
58	0.5
59	0.90
60	0.90
61	0.5
62	0.92
63	0.5
64	0.5
65	0.5
66	0.90
67	0.5
68	0.5
69	0.5
70	0.5
71	0.92
72	0.10
73	0.5
74	0.5
75	0.5
76	0.5
77	0.90
78	0.90
79	0.92
80	0.28
81	0.28
82	0.28
83	0.10
84	0.32
85	0.10
86	0.10
87	0.5
88	0.5
89	0.5
90	0.28
91	0.10
92	0.28
93	0.5
94	0.10
95	0.90
96	0.5
97	0.5
98	0.0
99	0.0
(0,14), 0, 1
(0,26), 0, 1
(0,35), 0, 1
(0,40), 0, 1
(0,44), 0, 1
(0,46), 0, 1
(0,54), 0, 1
(0,59), 0, 1
(0,65), 0, 1
(0,67), 0, 1
(0,69), 0, 1
(0,70), 0, 1
(0,86), 0, 1
(0,89), 0, 1
(0,91), 0, 1
(1,86), 0, 1
(2,0), 0, 1
(2,5), 0, 1
(2,8), 0, 1
(2,15), 0, 1
(2,16), 0, 1
(2,23), 0, 1
(2,30), 0, 1
(2,42), 0, 1
(2,43), 0, 1
(2,49), 0, 1
(2,50), 0, 1
(2,52), 0, 1
(2,64), 0, 1
(2,82), 0, 1
(2,83), 0, 1
(2,86), 0, 1
(2,93), 0, 1
(3,0), 0, 1
(3,1), 0, 1
(3,2), 0, 1
(3,6), 0, 1
(3,8), 0, 1
(3,13), 0, 1
(3,14), 0, 1
(3,15), 0, 1
(3,16), 0, 1
(3,19), 0, 1
(3,20), 0, 1
(3,21), 0, 1
(3,22), 0, 1
(3,23), 0, 1
(3,24), 0, 1
(3,25), 0, 1
(3,26), 0, 1
(3,28), 0, 1
(3,29), 0, 1
(3,30), 0, 1
(3,33), 0, 1
(3,35), 0, 1
(3,36), 0, 1
(3,37), 0, 1
(3,39), 0, 1
(3,40), 0, 1
(3,41), 0, 1
(3,42), 0, 1
(3,43), 0, 1
(3,44), 0, 1
(3,45), 0, 1
(3,46), 0, 1
(3,47), 0, 1
(3,48), 0, 1
(3,49), 0, 1
(3,50), 0, 1
(3,52), 0, 1
(3,53), 0, 1
(3,56), 0, 1
(3,57), 0, 1
(3,58), 0, 1
(3,61), 0, 1
(3,63), 0, 1
(3,64), 0, 1
(3,65), 0, 1
(3,67), 0, 1
(3,68), 0, 1
(3,70), 0, 1
(3,72), 0, 1
(3,73), 0, 1
(3,74), 0, 1
(3,75), 0, 1
(3,76), 0, 1
(3,81), 0, 1
(3,83), 0, 1
(3,84), 0, 1
(3,85), 0, 1
(3,86), 0, 1
(3,87), 0, 1
(3,88), 0, 1
(3,89), 0, 1
(3,90), 0, 1
(3,91), 0, 1
(3,92), 0, 1
(3,94), 0, 1
(3,96), 0, 1
(3,97), 0, 1
(4,0), 0, 1
(4,1), 0, 1
(4,2), 0, 1
(4,6), 0, 1
(4,11), 0, 1
(4,13), 0, 1
(4,14), 0, 1
(4,15), 0, 1
(4,16), 0, 1
(4,18), 0, 1
(4,19), 0, 1
(4,20), 0, 1
(4,21), 0, 1
(4,23), 0, 1
(4,24), 0, 1
(4,26), 0, 1
(4,28), 0, 1
(4,29), 0, 1
(4,30), 0, 1
(4,32), 0, 1
(4,35), 0, 1
(4,36), 0, 1
(4,37), 0, 1
(4,39), 0, 1
(4,40), 0, 1
(4,41), 0, 1
(4,42), 0, 1
(4,43), 0, 1
(4,44), 0, 1
(4,45), 0, 1
(4,46), 0, 1
(4,48), 0, 1
(4,49), 0, 1
(4,50), 0, 1
(4,51), 0, 1
(4,56), 0, 1
(4,57), 0, 1
(4,58), 0, 1
(4,61), 0, 1
(4,63), 0, 1
(4,64), 0, 1
(4,65), 0, 1
(4,67), 0, 1
(4,68), 0, 1
(4,69), 0, 1
(4,70), 0, 1
(4,73), 0, 1
(4,74), 0, 1
(4,75), 0, 1
(4,80), 0, 1
(4,81), 0, 1
(4,83), 0, 1
(4,85), 0, 1
(4,87), 0, 1
(4,88), 0, 1
(4,89), 0, 1
(4,90), 0, 1
(4,91), 0, 1
(4,92), 0, 1
(4,93), 0, 1
(4,94), 0, 1
(4,96), 0, 1
(4,97), 0, 1
(5,0), 0, 1
(5,1), 0, 1
(5,2), 0, 1
(5,3), 0, 1
(5,6), 0, 1
(5,8), 0, 1
(5,13), 0, 1
(5,14), 0, 1
(5,15), 0, 1
(5,16), 0, 1
(5,19), 0, 1
(5,20), 0, 1
(5,21), 0, 1
(5,23), 0, 1
(5,24), 0, 1
(5,25), 0, 1
(5,26), 0, 1
(5,28), 0, 1
(5,29), 0, 1
(5,30), 0, 1
(5,32), 0, 1
(5,34), 0, 1
(5,36), 0, 1
(5,37), 0, 1
(5,38), 0, 1
(5,40), 0, 1
(5,41), 0, 1
(5,42), 0, 1
(5,43), 0, 1
(5,44), 0, 1
(5,45), 0, 1
(5,46), 0, 1
(5,48), 0, 1
(5,49), 0, 1
(5,50), 0, 1
(5,51), 0, 1
(5,53), 0, 1
(5,54), 0, 1
(5,56), 0, 1
(5,57), 0, 1
(5,58), 0, 1
(5,61), 0, 1
(5,62), 0, 1
(5,63), 0, 1
(5,64), 0, 1
(5,65), 0, 1
(5,67), 0, 1
(5,68), 0, 1
(5,69), 0, 1
(5,70), 0, 1
(5,72), 0, 1
(5,73), 0, 1
(5,74), 0, 1
(5,75), 0, 1
(5,76), 0, 1
(5,80), 0, 1
(5,81), 0, 1
(5,82), 0, 1
(5,83), 0, 1
(5,86), 0, 1
(5,87), 0, 1
(5,88), 0, 1
(5,89), 0, 1
(5,91), 0, 1
(5,92), 0, 1
(5,93), 0, 1
(5,94), 0, 1
(5,96), 0, 1
(5,97), 0, 1
(6,0), 0, 1
(6,12), 0, 1
(6,15), 0, 1
(6,16), 0, 1
(6,21), 0, 1
(6,23), 0, 1
(6,30), 0, 1
(6,42), 0, 1
(6,43), 0, 1
(6,49), 0, 1
(6,50), 0, 1
(6,52), 0, 1
(6,64), 0, 1
(6,82), 0, 1
(6,83), 0, 1
(6,86), 0, 1
(6,93), 0, 1
(7,0), 0, 1
(7,1), 0, 1
(7,2), 0, 1
(7,3), 0, 1
(7,6), 0, 1
(7,10), 0, 1
(7,11), 0, 1
(7,13), 0, 1
(7,14), 0, 1
(7,15), 0, 1
(7,16), 0, 1
(7,19), 0, 1
(7,20), 0, 1
(7,21), 0, 1
(7,22), 0, 1
(7,23), 0, 1
(7,24), 0, 1
(7,26), 0, 1
(7,28), 0, 1
(7,29), 0, 1
(7,30), 0, 1
(7,32), 0, 1
(7,33), 0, 1
(7,35), 0, 1
(7,36), 0, 1
(7,40), 0, 1
(7,41), 0, 1
(7,42), 0, 1
(7,43), 0, 1
(7,44), 0, 1
(7,45), 0, 1
(7,46), 0, 1
(7,47), 0, 1
(7,48), 0, 1
(7,49), 0, 1
(7,50), 0, 1
(7,51), 0, 1
(7,53), 0, 1
(7,54), 0, 1
(7,56), 0, 1
(7,57), 0, 1
(7,58), 0, 1
(7,59), 0, 1
(7,61), 0, 1
(7,63), 0, 1
(7,64), 0, 1
(7,65), 0, 1
(7,67), 0, 1
(7,68), 0, 1
(7,69), 0, 1
(7,70), 0, 1
(7,72), 0, 1
(7,75), 0, 1
(7,76), 0, 1
(7,80), 0, 1
(7,82), 0, 1
(7,83), 0, 1
(7,84), 0, 1
(7,86), 0, 1
(7,87), 0, 1
(7,88), 0, 1
(7,89), 0, 1
(7,90), 0, 1
(7,91), 0, 1
(7,93), 0, 1
(7,94), 0, 1
(7,96), 0, 1
(7,97), 0, 1
(8,0), 0, 1
(8,1), 0, 1
(8,2), 0, 1
(8,3), 0, 1
(8,6), 0, 1
(8,7), 0, 1
(8,11), 0, 1
(8,13), 0, 1
(8,14), 0, 1
(8,15), 0, 1
(8,16), 0, 1
(8,18), 0, 1
(8,19), 0, 1
(8,20), 0, 1
(8,21), 0, 1
(8,22), 0, 1
(8,23), 0, 1
(8,25), 0, 1
(8,26), 0, 1
(8,28), 0, 1
(8,29), 0, 1
(8,30), 0, 1
(8,32), 0, 1
(8,33), 0, 1
(8,36), 0, 1
(8,40), 0, 1
(8,41), 0, 1
(8,43), 0, 1
(8,44), 0, 1
(8,45), 0, 1
(8,46), 0, 1
(8,48), 0, 1
(8,49), 0, 1
(8,50), 0, 1
(8,53), 0, 1
(8,54), 0, 1
(8,56), 0, 1
(8,57), 0, 1
(8,58), 0, 1
(8,61), 0, 1
(8,63), 0, 1
(8,64), 0, 1
(8,65), 0, 1
(8,67), 0, 1
(8,68), 0, 1
(8,69), 0, 1
(8,70), 0, 1
(8,72), 0, 1
(8,73), 0, 1
(8,74), 0, 1
(8,75), 0, 1
(8,76), 0, 1
(8,80), 0, 1
(8,81), 0, 1
(8,83), 0, 1
(8,84), 0, 1
(8,85), 0, 1
(8,86), 0, 1
(8,87), 0, 1
(8,88), 0, 1
(8,89), 0, 1
(8,90), 0, 1
(8,91), 0, 1
(8,92), 0, 1
(8,93), 0, 1
(8,94), 0, 1
(8,96), 0, 1
(9,0), 0, 1
(9,1), 0, 1
(9,2), 0, 1
(9,3), 0, 1
(9,6), 0, 1
(9,8), 0, 1
(9,11), 0, 1
(9,13), 0, 1
(9,14), 0, 1
(9,15), 0, 1
(9,16), 0, 1
(9,19), 0, 1
(9,21), 0, 1
(9,22), 0, 1
(9,23), 0, 1
(9,24), 0, 1
(9,26), 0, 1
(9,27), 0, 1
(9,28), 0, 1
(9,29), 0, 1
(9,30), 0, 1
(9,32), 0, 1
(9,33), 0, 1
(9,36), 0, 1
(9,37), 0, 1
(9,40), 0, 1
(9,41), 0, 1
(9,42), 0, 1
(9,43), 0, 1
(9,44), 0, 1
(9,45), 0, 1
(9,46), 0, 1
(9,48), 0, 1
(9,50), 0, 1
(9,51), 0, 1
(9,53), 0, 1
(9,54), 0, 1
(9,56), 0, 1
(9,57), 0, 1
(9,58), 0, 1
(9,61), 0, 1
(9,63), 0, 1
(9,64), 0, 1
(9,65), 0, 1
(9,67), 0, 1
(9,68), 0, 1
(9,69), 0, 1
(9,70), 0, 1
(9,72), 0, 1
(9,73), 0, 1
(9,74), 0, 1
(9,75), 0, 1
(9,76), 0, 1
(9,80), 0, 1
(9,81), 0, 1
(9,82), 0, 1
(9,83), 0, 1
(9,84), 0, 1
(9,85), 0, 1
(9,86), 0, 1
(9,87), 0, 1
(9,90), 0, 1
(9,91), 0, 1
(9,92), 0, 1
(9,93), 0, 1
(9,96), 0, 1
(9,97), 0, 1
(10,0), 0, 1
(10,1), 0, 1
(10,2), 0, 1
(10,6), 0, 1
(10,7), 0, 1
(10,11), 0, 1
(10,13), 0, 1
(10,14), 0, 1
(10,15), 0, 1
(10,16), 0, 1
(10,19), 0, 1
(10,20), 0, 1
(10,22), 0, 1
(10,23), 0, 1
(10,25), 0, 1
(10,26), 0, 1
(10,28), 0, 1
(10,29), 0, 1
(10,30), 0, 1
(10,32), 0, 1
(10,34), 0, 1
(10,36), 0, 1
(10,39), 0, 1
(10,40), 0, 1
(10,41), 0, 1
(10,42), 0, 1
(10,43), 0, 1
(10,44), 0, 1
(10,45), 0, 1
(10,46), 0, 1
(10,48), 0, 1
(10,49), 0, 1
(10,50), 0, 1
(10,51), 0, 1
(10,52), 0, 1
(10,53), 0, 1
(10,54), 0, 1
(10,56), 0, 1
(10,57), 0, 1
(10,58), 0, 1
(10,61), 0, 1
(10,63), 0, 1
(10,64), 0, 1
(10,65), 0, 1
(10,67), 0, 1
(10,68), 0, 1
(10,69), 0, 1
(10,70), 0, 1
(10,72), 0, 1
(10,73), 0, 1
(10,74), 0, 1
(10,75), 0, 1
(10,76), 0, 1
(10,77), 0, 1
(10,81), 0, 1
(10,83), 0, 1
(10,84), 0, 1
(10,85), 0, 1
(10,86), 0, 1
(10,87), 0, 1
(10,88), 0, 1
(10,89), 0, 1
(10,91), 0, 1
(10,92), 0, 1
(10,93), 0, 1
(10,94), 0, 1
(10,96), 0, 1
(10,97), 0, 1
(11,0), 0, 1
(11,2), 0, 1
(11,7), 0, 1
(11,8), 0, 1
(11,16), 0, 1
(11,21), 0, 1
(11,23), 0, 1
(11,30), 0, 1
(11,42), 0, 1
(11,43), 0, 1
(11,49), 0, 1
(11,50), 0, 1
(11,52), 0, 1
(11,64), 0, 1
(11,83), 0, 1
(11,86), 0, 1
(11,93), 0, 1
(12,0), 0, 1
(12,1), 0, 1
(12,2), 0, 1
(12,3), 0, 1
(12,6), 0, 1
(12,8), 0, 1
(12,9), 0, 1
(12,11), 0, 1
(12,13), 0, 1
(12,14), 0, 1
(12,15), 0, 1
(12,16), 0, 1
(12,17), 0, 1
(12,18), 0, 1
(12,19), 0, 1
(12,20), 0, 1
(12,21), 0, 1
(12,22), 0, 1
(12,23), 0, 1
(12,24), 0, 1
(12,25), 0, 1
(12,26), 0, 1
(12,28), 0, 1
(12,29), 0, 1
(12,30), 0, 1
(12,35), 0, 1
(12,36), 0, 1
(12,37), 0, 1
(12,41), 0, 1
(12,42), 0, 1
(12,43), 0, 1
(12,44), 0, 1
(12,45), 0, 1
(12,46), 0, 1
(12,48), 0, 1
(12,49), 0, 1
(12,50), 0, 1
(12,52), 0, 1
(12,53), 0, 1
(12,54), 0, 1
(12,56), 0, 1
(12,57), 0, 1
(12,58), 0, 1
(12,61), 0, 1
(12,63), 0, 1
(12,64), 0, 1
(12,65), 0, 1
(12,67), 0, 1
(12,68), 0, 1
(12,69), 0, 1
(12,70), 0, 1
(12,72), 0, 1
(12,73), 0, 1
(12,74), 0, 1
(12,75), 0, 1
(12,76), 0, 1
(12,81), 0, 1
(12,82), 0, 1
(12,84), 0, 1
(12,86), 0, 1
(12,87), 0, 1
(12,88), 0, 1
(12,89), 0, 1
(12,90), 0, 1
(12,91), 0, 1
(12,92), 0, 1
(12,93), 0, 1
(12,94), 0, 1
(12,96), 0, 1
(12,97), 0, 1
(13,2), 0, 1
(13,7), 0, 1
(13,15), 0, 1
(13,16), 0, 1
(13,21), 0, 1
(13,23), 0, 1
(13,30), 0, 1
(13,43), 0, 1
(13,49), 0, 1
(13,50), 0, 1
(13,52), 0, 1
(13,64), 0, 1
(13,82), 0, 1
(13,83), 0, 1
(13,86), 0, 1
(13,93), 0, 1
(14,86), 0, 1
(15,14), 0, 1
(15,18), 0, 1
(15,24), 0, 1
(15,35), 0, 1
(15,40), 0, 1
(15,44), 0, 1
(15,46), 0, 1
(15,54), 0, 1
(15,65), 0, 1
(15,67), 0, 1
(15,70), 0, 1
(15,85), 0, 1
(15,86), 0, 1
(15,89), 0, 1
(15,91), 0, 1
(16,24), 0, 1
(16,26), 0, 1
(16,40), 0, 1
(16,44), 0, 1
(16,46), 0, 1
(16,54), 0, 1
(16,65), 0, 1
(16,67), 0, 1
(16,69), 0, 1
(16,70), 0, 1
(16,85), 0, 1
(16,86), 0, 1
(16,89), 0, 1
(16,91), 0, 1
(17,0), 0, 1
(17,2), 0, 1
(17,7), 0, 1
(17,8), 0, 1
(17,15), 0, 1
(17,16), 0, 1
(17,21), 0, 1
(17,23), 0, 1
(17,30), 0, 1
(17,34), 0, 1
(17,42), 0, 1
(17,43), 0, 1
(17,49), 0, 1
(17,50), 0, 1
(17,64), 0, 1
(17,82), 0, 1
(17,83), 0, 1
(17,86), 0, 1
(17,93), 0, 1
(18,14), 0, 1
(18,24), 0, 1
(18,35), 0, 1
(18,40), 0, 1
(18,44), 0, 1
(18,46), 0, 1
(18,54), 0, 1
(18,59), 0, 1
(18,65), 0, 1
(18,67), 0, 1
(18,69), 0, 1
(18,70), 0, 1
(18,86), 0, 1
(18,89), 0, 1
(18,91), 0, 1
(19,0), 0, 1
(19,7), 0, 1
(19,8), 0, 1
(19,15), 0, 1
(19,16), 0, 1
(19,21), 0, 1
(19,23), 0, 1
(19,30), 0, 1
(19,42), 0, 1
(19,43), 0, 1
(19,47), 0, 1
(19,49), 0, 1
(19,50), 0, 1
(19,52), 0, 1
(19,64), 0, 1
(19,71), 0, 1
(19,83), 0, 1
(19,86), 0, 1
(19,93), 0, 1
(20,0), 0, 1
(20,1), 0, 1
(20,2), 0, 1
(20,3), 0, 1
(20,6), 0, 1
(20,7), 0, 1
(20,8), 0, 1
(20,11), 0, 1
(20,13), 0, 1
(20,14), 0, 1
(20,15), 0, 1
(20,16), 0, 1
(20,19), 0, 1
(20,21), 0, 1
(20,22), 0, 1
(20,23), 0, 1
(20,24), 0, 1
(20,25), 0, 1
(20,26), 0, 1
(20,28), 0, 1
(20,29), 0, 1
(20,30), 0, 1
(20,32), 0, 1
(20,33), 0, 1
(20,35), 0, 1
(20,36), 0, 1
(20,37), 0, 1
(20,40), 0, 1
(20,41), 0, 1
(20,42), 0, 1
(20,43), 0, 1
(20,44), 0, 1
(20,45), 0, 1
(20,46), 0, 1
(20,48), 0, 1
(20,49), 0, 1
(20,50), 0, 1
(20,51), 0, 1
(20,52), 0, 1
(20,53), 0, 1
(20,54), 0, 1
(20,56), 0, 1
(20,57), 0, 1
(20,58), 0, 1
(20,63), 0, 1
(20,64), 0, 1
(20,65), 0, 1
(20,67), 0, 1
(20,68), 0, 1
(20,69), 0, 1
(20,70), 0, 1
(20,72), 0, 1
(20,73), 0, 1
(20,74), 0, 1
(20,75), 0, 1
(20,80), 0, 1
(20,81), 0, 1
(20,82), 0, 1
(20,83), 0, 1
(20,85), 0, 1
(20,86), 0, 1
(20,87), 0, 1
(20,88), 0, 1
(20,89), 0, 1
(20,90), 0, 1
(20,91), 0, 1
(20,92), 0, 1
(20,93), 0, 1
(20,94), 0, 1
(20,96), 0, 1
(20,97), 0, 1
(21,86), 0, 1
(22,0), 0, 1
(22,2), 0, 1
(22,7), 0, 1
(22,8), 0, 1
(22,15), 0, 1
(22,16), 0, 1
(22,21), 0, 1
(22,23), 0, 1
(22,30), 0, 1
(22,34), 0, 1
(22,42), 0, 1
(22,43), 0, 1
(22,49), 0, 1
(22,50), 0, 1
(22,52), 0, 1
(22,64), 0, 1
(22,71), 0, 1
(22,82), 0, 1
(22,83), 0, 1
(22,86), 0, 1
(22,93), 0, 1
(23,14), 0, 1
(23,35), 0, 1
(23,40), 0, 1
(23,44), 0, 1
(23,46), 0, 1
(23,54), 0, 1
(23,65), 0, 1
(23,67), 0, 1
(23,69), 0, 1
(23,70), 0, 1
(23,85), 0, 1
(23,86), 0, 1
(23,89), 0, 1
(23,91), 0, 1
(24,0), 0, 1
(24,2), 0, 1
(24,5), 0, 1
(24,6), 0, 1
(24,13), 0, 1
(24,14), 0, 1
(24,15), 0, 1
(24,16), 0, 1
(24,19), 0, 1
(24,20), 0, 1
(24,21), 0, 1
(24,22), 0, 1
(24,25), 0, 1
(24,26), 0, 1
(24,28), 0, 1
(24,29), 0, 1
(24,30), 0, 1
(24,32), 0, 1
(24,36), 0, 1
(24,37), 0, 1
(24,40), 0, 1
(24,41), 0, 1
(24,42), 0, 1
(24,43), 0, 1
(24,44), 0, 1
(24,45), 0, 1
(24,46), 0, 1
(24,48), 0, 1
(24,49), 0, 1
(24,51), 0, 1
(24,52), 0, 1
(24,53), 0, 1
(24,54), 0, 1
(24,56), 0, 1
(24,57), 0, 1
(24,58), 0, 1
(24,61), 0, 1
(24,64), 0, 1
(24,65), 0, 1
(24,67), 0, 1
(24,68), 0, 1
(24,69), 0, 1
(24,70), 0, 1
(24,72), 0, 1
(24,73), 0, 1
(24,74), 0, 1
(24,75), 0, 1
(24,76), 0, 1
(24,80), 0, 1
(24,81), 0, 1
(24,83), 0, 1
(24,85), 0, 1
(24,86), 0, 1
(24,88), 0, 1
(24,89), 0, 1
(24,90), 0, 1
(24,91), 0, 1
(24,92), 0, 1
(24,93), 0, 1
(24,94), 0, 1
(24,96), 0, 1
(24,97), 0, 1
(25,24), 0, 1
(25,35), 0, 1
(25,40), 0, 1
(25,44), 0, 1
(25,46), 0, 1
(25,54), 0, 1
(25,60), 0, 1
(25,65), 0, 1
(25,67), 0, 1
(25,69), 0, 1
(25,70), 0, 1
(25,85), 0, 1
(25,86), 0, 1
(25,89), 0, 1
(25,91), 0, 1
(26,0), 0, 1
(26,2), 0, 1
(26,5), 0, 1
(26,15), 0, 1
(26,16), 0, 1
(26,21), 0, 1
(26,23), 0, 1
(26,30), 0, 1
(26,43), 0, 1
(26,47), 0, 1
(26,49), 0, 1
(26,50), 0, 1
(26,52), 0, 1
(26,64), 0, 1
(26,82), 0, 1
(26,86), 0, 1
(26,93), 0, 1
(27,10), 0, 1
(27,14), 0, 1
(27,24), 0, 1
(27,26), 0, 1
(27,35), 0, 1
(27,40), 0, 1
(27,44), 0, 1
(27,46), 0, 1
(27,54), 0, 1
(27,65), 0, 1
(27,67), 0, 1
(27,69), 0, 1
(27,70), 0, 1
(27,85), 0, 1
(27,86), 0, 1
(27,89), 0, 1
(27,91), 0, 1
(28,0), 0, 1
(28,2), 0, 1
(28,7), 0, 1
(28,8), 0, 1
(28,12), 0, 1
(28,15), 0, 1
(28,16), 0, 1
(28,21), 0, 1
(28,23), 0, 1
(28,30), 0, 1
(28,42), 0, 1
(28,43), 0, 1
(28,49), 0, 1
(28,50), 0, 1
(28,52), 0, 1
(28,64), 0, 1
(28,66), 0, 1
(28,71), 0, 1
(28,83), 0, 1
(28,86), 0, 1
(28,93), 0, 1
(29,14), 0, 1
(29,26), 0, 1
(29,40), 0, 1
(29,44), 0, 1
(29,46), 0, 1
(29,54), 0, 1
(29,65), 0, 1
(29,67), 0, 1
(29,69), 0, 1
(29,70), 0, 1
(29,85), 0, 1
(29,86), 0, 1
(29,89), 0, 1
(29,91), 0, 1
(30,14), 0, 1
(30,24), 0, 1
(30,26), 0, 1
(30,35), 0, 1
(30,40), 0, 1
(30,44), 0, 1
(30,46), 0, 1
(30,54), 0, 1
(30,59), 0, 1
(30,65), 0, 1
(30,69), 0, 1
(30,70), 0, 1
(30,85), 0, 1
(30,86), 0, 1
(30,89), 0, 1
(31,0), 0, 1
(31,2), 0, 1
(31,15), 0, 1
(31,16), 0, 1
(31,21), 0, 1
(31,23), 0, 1
(31,30), 0, 1
(31,42), 0, 1
(31,43), 0, 1
(31,47), 0, 1
(31,49), 0, 1
(31,50), 0, 1
(31,52), 0, 1
(31,64), 0, 1
(31,82), 0, 1
(31,83), 0, 1
(31,86), 0, 1
(31,93), 0, 1
(32,0), 0, 1
(32,2), 0, 1
(32,8), 0, 1
(32,15), 0, 1
(32,16), 0, 1
(32,17), 0, 1
(32,21), 0, 1
(32,23), 0, 1
(32,30), 0, 1
(32,42), 0, 1
(32,43), 0, 1
(32,47), 0, 1
(32,49), 0, 1
(32,50), 0, 1
(32,64), 0, 1
(32,83), 0, 1
(32,93), 0, 1
(33,14), 0, 1
(33,24), 0, 1
(33,26), 0, 1
(33,35), 0, 1
(33,40), 0, 1
(33,44), 0, 1
(33,46), 0, 1
(33,54), 0, 1
(33,59), 0, 1
(33,65), 0, 1
(33,67), 0, 1
(33,69), 0, 1
(33,70), 0, 1
(33,85), 0, 1
(33,89), 0, 1
(33,91), 0, 1
(34,0), 0, 1
(34,2), 0, 1
(34,7), 0, 1
(34,15), 0, 1
(34,16), 0, 1
(34,21), 0, 1
(34,23), 0, 1
(34,30), 0, 1
(34,42), 0, 1
(34,43), 0, 1
(34,49), 0, 1
(34,50), 0, 1
(34,52), 0, 1
(34,64), 0, 1
(34,83), 0, 1
(34,86), 0, 1
(34,93), 0, 1
(35,0), 0, 1
(35,2), 0, 1
(35,7), 0, 1
(35,8), 0, 1
(35,12), 0, 1
(35,15), 0, 1
(35,16), 0, 1
(35,21), 0, 1
(35,23), 0, 1
(35,30), 0, 1
(35,42), 0, 1
(35,43), 0, 1
(35,49), 0, 1
(35,50), 0, 1
(35,52), 0, 1
(35,64), 0, 1
(35,82), 0, 1
(35,83), 0, 1
(36,86), 0, 1
(37,0), 0, 1
(37,2), 0, 1
(37,4), 0, 1
(37,7), 0, 1
(37,8), 0, 1
(37,15), 0, 1
(37,16), 0, 1
(37,21), 0, 1
(37,23), 0, 1
(37,30), 0, 1
(37,42), 0, 1
(37,43), 0, 1
(37,49), 0, 1
(37,52), 0, 1
(37,64), 0, 1
(37,82), 0, 1
(37,83), 0, 1
(37,93), 0, 1
(38,0), 0, 1
(38,2), 0, 1
(38,7), 0, 1
(38,12), 0, 1
(38,15), 0, 1
(38,16), 0, 1
(38,21), 0, 1
(38,23), 0, 1
(38,30), 0, 1
(38,42), 0, 1
(38,43), 0, 1
(38,49), 0, 1
(38,50), 0, 1
(38,52), 0, 1
(38,64), 0, 1
(38,82), 0, 1
(38,83), 0, 1
(38,86), 0, 1
(38,93), 0, 1
(39,14), 0, 1
(39,24), 0, 1
(39,26), 0, 1
(39,35), 0, 1
(39,40), 0, 1
(39,44), 0, 1
(39,46), 0, 1
(39,54), 0, 1
(39,59), 0, 1
(39,65), 0, 1
(39,67), 0, 1
(39,69), 0, 1
(39,70), 0, 1
(39,85), 0, 1
(39,86), 0, 1
(39,89), 0, 1
(39,91), 0, 1
(40,0), 0, 1
(40,2), 0, 1
(40,3), 0, 1
(40,6), 0, 1
(40,8), 0, 1
(40,10), 0, 1
(40,11), 0, 1
(40,13), 0, 1
(40,14), 0, 1
(40,15), 0, 1
(40,19), 0, 1
(40,20), 0, 1
(40,21), 0, 1
(40,22), 0, 1
(40,23), 0, 1
(40,24), 0, 1
(40,25), 0, 1
(40,26), 0, 1
(40,28), 0, 1
(40,29), 0, 1
(40,30), 0, 1
(40,33), 0, 1
(40,35), 0, 1
(40,36), 0, 1
(40,37), 0, 1
(40,39), 0, 1
(40,41), 0, 1
(40,42), 0, 1
(40,43), 0, 1
(40,44), 0, 1
(40,45), 0, 1
(40,46), 0, 1
(40,48), 0, 1
(40,49), 0, 1
(40,50), 0, 1
(40,51), 0, 1
(40,52), 0, 1
(40,53), 0, 1
(40,54), 0, 1
(40,55), 0, 1
(40,56), 0, 1
(40,57), 0, 1
(40,58), 0, 1
(40,63), 0, 1
(40,64), 0, 1
(40,65), 0, 1
(40,67), 0, 1
(40,68), 0, 1
(40,69), 0, 1
(40,70), 0, 1
(40,72), 0, 1
(40,73), 0, 1
(40,74), 0, 1
(40,75), 0, 1
(40,76), 0, 1
(40,81), 0, 1
(40,83), 0, 1
(40,84), 0, 1
(40,85), 0, 1
(40,86), 0, 1
(40,87), 0, 1
(40,88), 0, 1
(40,89), 0, 1
(40,91), 0, 1
(40,92), 0, 1
(40,93), 0, 1
(40,94), 0, 1
(40,96), 0, 1
(40,97), 0, 1
(41,14), 0, 1
(41,24), 0, 1
(41,26), 0, 1
(41,35), 0, 1
(41,40), 0, 1
(41,44), 0, 1
(41,46), 0, 1
(41,65), 0, 1
(41,67), 0, 1
(41,69), 0, 1
(41,70), 0, 1
(41,85), 0, 1
(41,86), 0, 1
(41,89), 0, 1
(41,91), 0, 1
(42,86), 0, 1
(43,14), 0, 1
(43,24), 0, 1
(43,26), 0, 1
(43,35), 0, 1
(43,40), 0, 1
(43,44), 0, 1
(43,46), 0, 1
(43,54), 0, 1
(43,65), 0, 1
(43,67), 0, 1
(43,69), 0, 1
(43,70), 0, 1
(43,85), 0, 1
(43,86), 0, 1
(43,89), 0, 1
(43,91), 0, 1
(44,0), 0, 1
(44,2), 0, 1
(44,7), 0, 1
(44,8), 0, 1
(44,12), 0, 1
(44,15), 0, 1
(44,16), 0, 1
(44,21), 0, 1
(44,23), 0, 1
(44,30), 0, 1
(44,42), 0, 1
(44,43), 0, 1
(44,49), 0, 1
(44,52), 0, 1
(44,64), 0, 1
(44,82), 0, 1
(44,83), 0, 1
(44,86), 0, 1
(44,93), 0, 1
(45,0), 0, 1
(45,2), 0, 1
(45,7), 0, 1
(45,8), 0, 1
(45,15), 0, 1
(45,16), 0, 1
(45,21), 0, 1
(45,30), 0, 1
(45,42), 0, 1
(45,43), 0, 1
(45,49), 0, 1
(45,50), 0, 1
(45,52), 0, 1
(45,64), 0, 1
(45,82), 0, 1
(45,83), 0, 1
(45,86), 0, 1
(45,93), 0, 1
(46,0), 0, 1
(46,2), 0, 1
(46,7), 0, 1
(46,8), 0, 1
(46,15), 0, 1
(46,16), 0, 1
(46,17), 0, 1
(46,21), 0, 1
(46,23), 0, 1
(46,30), 0, 1
(46,42), 0, 1
(46,43), 0, 1
(46,49), 0, 1
(46,50), 0, 1
(46,52), 0, 1
(46,64), 0, 1
(46,83), 0, 1
(46,86), 0, 1
(46,93), 0, 1
(47,0), 0, 1
(47,2), 0, 1
(47,7), 0, 1
(47,8), 0, 1
(47,15), 0, 1
(47,16), 0, 1
(47,21), 0, 1
(47,23), 0, 1
(47,30), 0, 1
(47,34), 0, 1
(47,42), 0, 1
(47,43), 0, 1
(47,49), 0, 1
(47,50), 0, 1
(47,52), 0, 1
(47,64), 0, 1
(47,82), 0, 1
(47,83), 0, 1
(47,86), 0, 1
(47,93), 0, 1
(48,0), 0, 1
(48,2), 0, 1
(48,8), 0, 1
(48,15), 0, 1
(48,16), 0, 1
(48,21), 0, 1
(48,31), 0, 1
(48,42), 0, 1
(48,43), 0, 1
(48,49), 0, 1
(48,50), 0, 1
(48,52), 0, 1
(48,64), 0, 1
(48,82), 0, 1
(48,86), 0, 1
(48,93), 0, 1
(49,86), 0, 1
(50,14), 0, 1
(50,24), 0, 1
(50,26), 0, 1
(50,35), 0, 1
(50,40), 0, 1
(50,44), 0, 1
(50,46), 0, 1
(50,67), 0, 1
(50,69), 0, 1
(50,70), 0, 1
(50,85), 0, 1
(50,86), 0, 1
(50,89), 0, 1
(50,91), 0, 1
(52,0), 0, 1
(52,2), 0, 1
(52,4), 0, 1
(52,7), 0, 1
(52,8), 0, 1
(52,12), 0, 1
(52,15), 0, 1
(52,16), 0, 1
(52,21), 0, 1
(52,23), 0, 1
(52,30), 0, 1
(52,42), 0, 1
(52,43), 0, 1
(52,49), 0, 1
(52,50), 0, 1
(52,64), 0, 1
(52,82), 0, 1
(52,83), 0, 1
(52,86), 0, 1
(52,93), 0, 1
(53,0), 0, 1
(53,2), 0, 1
(53,8), 0, 1
(53,15), 0, 1
(53,16), 0, 1
(53,21), 0, 1
(53,23), 0, 1
(53,30), 0, 1
(53,42), 0, 1
(53,43), 0, 1
(53,49), 0, 1
(53,50), 0, 1
(53,52), 0, 1
(53,64), 0, 1
(53,83), 0, 1
(53,86), 0, 1
(53,93), 0, 1
(54,86), 0, 1
(55,14), 0, 1
(55,24), 0, 1
(55,26), 0, 1
(55,35), 0, 1
(55,40), 0, 1
(55,44), 0, 1
(55,46), 0, 1
(55,54), 0, 1
(55,65), 0, 1
(55,67), 0, 1
(55,69), 0, 1
(55,70), 0, 1
(55,85), 0, 1
(55,86), 0, 1
(55,89), 0, 1
(55,91), 0, 1
(56,26), 0, 1
(56,40), 0, 1
(56,44), 0, 1
(56,46), 0, 1
(56,54), 0, 1
(56,59), 0, 1
(56,65), 0, 1
(56,67), 0, 1
(56,69), 0, 1
(56,70), 0, 1
(56,85), 0, 1
(56,86), 0, 1
(56,89), 0, 1
(56,91), 0, 1
(57,0), 0, 1
(57,2), 0, 1
(57,4), 0, 1
(57,8), 0, 1
(57,15), 0, 1
(57,16), 0, 1
(57,21), 0, 1
(57,30), 0, 1
(57,42), 0, 1
(57,43), 0, 1
(57,49), 0, 1
(57,50), 0, 1
(57,64), 0, 1
(57,82), 0, 1
(57,83), 0, 1
(57,86), 0, 1
(57,93), 0, 1
(58,0), 0, 1
(58,2), 0, 1
(58,7), 0, 1
(58,8), 0, 1
(58,15), 0, 1
(58,16), 0, 1
(58,17), 0, 1
(58,21), 0, 1
(58,23), 0, 1
(58,30), 0, 1
(58,42), 0, 1
(58,43), 0, 1
(58,47), 0, 1
(58,49), 0, 1
(58,50), 0, 1
(58,64), 0, 1
(58,83), 0, 1
(58,86), 0, 1
(58,93), 0, 1
(59,14), 0, 1
(59,26), 0, 1
(59,40), 0, 1
(59,44), 0, 1
(59,46), 0, 1
(59,54), 0, 1
(59,65), 0, 1
(59,67), 0, 1
(59,69), 0, 1
(59,70), 0, 1
(59,85), 0, 1
(59,86), 0, 1
(59,89), 0, 1
(59,91), 0, 1
(60,14), 0, 1
(60,26), 0, 1
(60,35), 0, 1
(60,40), 0, 1
(60,44), 0, 1
(60,46), 0, 1
(60,54), 0, 1
(60,65), 0, 1
(60,67), 0, 1
(60,69), 0, 1
(60,70), 0, 1
(60,85), 0, 1
(60,86), 0, 1
(60,89), 0, 1
(60,91), 0, 1
(61,86), 0, 1
(62,0), 0, 1
(62,2), 0, 1
(62,15), 0, 1
(62,21), 0, 1
(62,23), 0, 1
(62,30), 0, 1
(62,42), 0, 1
(62,43), 0, 1
(62,49), 0, 1
(62,50), 0, 1
(62,64), 0, 1
(62,82), 0, 1
(62,83), 0, 1
(62,86), 0, 1
(62,93), 0, 1
(63,0), 0, 1
(63,2), 0, 1
(63,7), 0, 1
(63,8), 0, 1
(63,15), 0, 1
(63,16), 0, 1
(63,17), 0, 1
(63,21), 0, 1
(63,23), 0, 1
(63,30), 0, 1
(63,42), 0, 1
(63,43), 0, 1
(63,49), 0, 1
(63,50), 0, 1
(63,64), 0, 1
(63,66), 0, 1
(63,83), 0, 1
(63,86), 0, 1
(63,93), 0, 1
(64,14), 0, 1
(64,24), 0, 1
(64,26), 0, 1
(64,35), 0, 1
(64,40), 0, 1
(64,46), 0, 1
(64,54), 0, 1
(64,59), 0, 1
(64,65), 0, 1
(64,67), 0, 1
(64,69), 0, 1
(64,70), 0, 1
(64,85), 0, 1
(64,86), 0, 1
(64,89), 0, 1
(64,91), 0, 1
(65,0), 0, 1
(65,2), 0, 1
(65,8), 0, 1
(65,15), 0, 1
(65,16), 0, 1
(65,21), 0, 1
(65,30), 0, 1
(65,42), 0, 1
(65,43), 0, 1
(65,49), 0, 1
(65,50), 0, 1
(65,52), 0, 1
(65,64), 0, 1
(65,82), 0, 1
(65,83), 0, 1
(65,86), 0, 1
(65,93), 0, 1
(66,0), 0, 1
(66,1), 0, 1
(66,2), 0, 1
(66,3), 0, 1
(66,6), 0, 1
(66,7), 0, 1
(66,8), 0, 1
(66,11), 0, 1
(66,13), 0, 1
(66,14), 0, 1
(66,15), 0, 1
(66,16), 0, 1
(66,19), 0, 1
(66,20), 0, 1
(66,21), 0, 1
(66,22), 0, 1
(66,25), 0, 1
(66,26), 0, 1
(66,28), 0, 1
(66,29), 0, 1
(66,30), 0, 1
(66,33), 0, 1
(66,35), 0, 1
(66,36), 0, 1
(66,37), 0, 1
(66,39), 0, 1
(66,40), 0, 1
(66,41), 0, 1
(66,42), 0, 1
(66,43), 0, 1
(66,44), 0, 1
(66,45), 0, 1
(66,46), 0, 1
(66,48), 0, 1
(66,49), 0, 1
(66,50), 0, 1
(66,52), 0, 1
(66,53), 0, 1
(66,54), 0, 1
(66,56), 0, 1
(66,57), 0, 1
(66,61), 0, 1
(66,63), 0, 1
(66,64), 0, 1
(66,65), 0, 1
(66,67), 0, 1
(66,68), 0, 1
(66,69), 0, 1
(66,70), 0, 1
(66,72), 0, 1
(66,74), 0, 1
(66,75), 0, 1
(66,76), 0, 1
(66,79), 0, 1
(66,80), 0, 1
(66,82), 0, 1
(66,84), 0, 1
(66,85), 0, 1
(66,87), 0, 1
(66,89), 0, 1
(66,91), 0, 1
(66,92), 0, 1
(66,93), 0, 1
(66,94), 0, 1
(66,95), 0, 1
(66,96), 0, 1
(66,97), 0, 1
(67,0), 0, 1
(67,2), 0, 1
(67,7), 0, 1
(67,8), 0, 1
(67,12), 0, 1
(67,15), 0, 1
(67,16), 0, 1
(67,21), 0, 1
(67,23), 0, 1
(67,30), 0, 1
(67,42), 0, 1
(67,43), 0, 1
(67,49), 0, 1
(67,52), 0, 1
(67,64), 0, 1
(67,82), 0, 1
(67,83), 0, 1
(67,86), 0, 1
(67,93), 0, 1
(68,0), 0, 1
(68,2), 0, 1
(68,7), 0, 1
(68,15), 0, 1
(68,21), 0, 1
(68,23), 0, 1
(68,30), 0, 1
(68,42), 0, 1
(68,43), 0, 1
(68,49), 0, 1
(68,50), 0, 1
(68,64), 0, 1
(68,83), 0, 1
(68,86), 0, 1
(68,93), 0, 1
(69,0), 0, 1
(69,2), 0, 1
(69,7), 0, 1
(69,8), 0, 1
(69,15), 0, 1
(69,16), 0, 1
(69,21), 0, 1
(69,23), 0, 1
(69,30), 0, 1
(69,42), 0, 1
(69,49), 0, 1
(69,50), 0, 1
(69,64), 0, 1
(69,82), 0, 1
(69,83), 0, 1
(69,86), 0, 1
(69,93), 0, 1
(70,0), 0, 1
(70,1), 0, 1
(70,2), 0, 1
(70,3), 0, 1
(70,6), 0, 1
(70,7), 0, 1
(70,13), 0, 1
(70,14), 0, 1
(70,15), 0, 1
(70,16), 0, 1
(70,18), 0, 1
(70,19), 0, 1
(70,20), 0, 1
(70,21), 0, 1
(70,22), 0, 1
(70,23), 0, 1
(70,24), 0, 1
(70,25), 0, 1
(70,26), 0, 1
(70,28), 0, 1
(70,29), 0, 1
(70,30), 0, 1
(70,32), 0, 1
(70,33), 0, 1
(70,35), 0, 1
(70,36), 0, 1
(70,37), 0, 1
(70,40), 0, 1
(70,41), 0, 1
(70,42), 0, 1
(70,43), 0, 1
(70,44), 0, 1
(70,45), 0, 1
(70,46), 0, 1
(70,48), 0, 1
(70,49), 0, 1
(70,50), 0, 1
(70,52), 0, 1
(70,53), 0, 1
(70,54), 0, 1
(70,56), 0, 1
(70,57), 0, 1
(70,58), 0, 1
(70,61), 0, 1
(70,64), 0, 1
(70,65), 0, 1
(70,67), 0, 1
(70,68), 0, 1
(70,69), 0, 1
(70,72), 0, 1
(70,73), 0, 1
(70,74), 0, 1
(70,75), 0, 1
(70,76), 0, 1
(70,81), 0, 1
(70,82), 0, 1
(70,83), 0, 1
(70,85), 0, 1
(70,86), 0, 1
(70,87), 0, 1
(70,88), 0, 1
(70,89), 0, 1
(70,90), 0, 1
(70,92), 0, 1
(70,93), 0, 1
(70,94), 0, 1
(70,96), 0, 1
(70,97), 0, 1
(71,0), 0, 1
(71,2), 0, 1
(71,3), 0, 1
(71,6), 0, 1
(71,7), 0, 1
(71,11), 0, 1
(71,13), 0, 1
(71,14), 0, 1
(71,15), 0, 1
(71,16), 0, 1
(71,18), 0, 1
(71,19), 0, 1
(71,20), 0, 1
(71,21), 0, 1
(71,22), 0, 1
(71,23), 0, 1
(71,24), 0, 1
(71,25), 0, 1
(71,26), 0, 1
(71,28), 0, 1
(71,29), 0, 1
(71,30), 0, 1
(71,32), 0, 1
(71,33), 0, 1
(71,35), 0, 1
(71,36), 0, 1
(71,37), 0, 1
(71,38), 0, 1
(71,40), 0, 1
(71,41), 0, 1
(71,42), 0, 1
(71,43), 0, 1
(71,44), 0, 1
(71,45), 0, 1
(71,46), 0, 1
(71,48), 0, 1
(71,49), 0, 1
(71,50), 0, 1
(71,51), 0, 1
(71,52), 0, 1
(71,53), 0, 1
(71,54), 0, 1
(71,56), 0, 1
(71,57), 0, 1
(71,58), 0, 1
(71,60), 0, 1
(71,61), 0, 1
(71,63), 0, 1
(71,64), 0, 1
(71,65), 0, 1
(71,67), 0, 1
(71,68), 0, 1
(71,70), 0, 1
(71,72), 0, 1
(71,73), 0, 1
(71,74), 0, 1
(71,75), 0, 1
(71,76), 0, 1
(71,80), 0, 1
(71,81), 0, 1
(71,82), 0, 1
(71,83), 0, 1
(71,84), 0, 1
(71,85), 0, 1
(71,86), 0, 1
(71,87), 0, 1
(71,88), 0, 1
(71,89), 0, 1
(71,90), 0, 1
(71,91), 0, 1
(71,92), 0, 1
(71,93), 0, 1
(71,94), 0, 1
(71,96), 0, 1
(71,97), 0, 1
(72,0), 0, 1
(72,2), 0, 1
(72,5), 0, 1
(72,7), 0, 1
(72,12), 0, 1
(72,15), 0, 1
(72,21), 0, 1
(72,23), 0, 1
(72,30), 0, 1
(72,31), 0, 1
(72,42), 0, 1
(72,43), 0, 1
(72,47), 0, 1
(72,49), 0, 1
(72,50), 0, 1
(72,52), 0, 1
(72,64), 0, 1
(72,82), 0, 1
(72,83), 0, 1
(72,86), 0, 1
(72,93), 0, 1
(73,14), 0, 1
(73,24), 0, 1
(73,26), 0, 1
(73,35), 0, 1
(73,40), 0, 1
(73,44), 0, 1
(73,46), 0, 1
(73,59), 0, 1
(73,65), 0, 1
(73,69), 0, 1
(73,70), 0, 1
(73,85), 0, 1
(73,86), 0, 1
(73,89), 0, 1
(73,91), 0, 1
(74,0), 0, 1
(74,2), 0, 1
(74,15), 0, 1
(74,16), 0, 1
(74,21), 0, 1
(74,23), 0, 1
(74,30), 0, 1
(74,34), 0, 1
(74,42), 0, 1
(74,43), 0, 1
(74,49), 0, 1
(74,52), 0, 1
(74,64), 0, 1
(74,83), 0, 1
(74,86), 0, 1
(74,93), 0, 1
(75,0), 0, 1
(75,2), 0, 1
(75,7), 0, 1
(75,15), 0, 1
(75,16), 0, 1
(75,21), 0, 1
(75,23), 0, 1
(75,30), 0, 1
(75,42), 0, 1
(75,43), 0, 1
(75,49), 0, 1
(75,50), 0, 1
(75,52), 0, 1
(75,64), 0, 1
(75,83), 0, 1
(75,86), 0, 1
(75,93), 0, 1
(76,0), 0, 1
(76,2), 0, 1
(76,8), 0, 1
(76,16), 0, 1
(76,21), 0, 1
(76,23), 0, 1
(76,30), 0, 1
(76,42), 0, 1
(76,43), 0, 1
(76,49), 0, 1
(76,64), 0, 1
(76,83), 0, 1
(76,93), 0, 1
(77,0), 0, 1
(77,2), 0, 1
(77,8), 0, 1
(77,15), 0, 1
(77,16), 0, 1
(77,21), 0, 1
(77,23), 0, 1
(77,30), 0, 1
(77,42), 0, 1
(77,43), 0, 1
(77,49), 0, 1
(77,52), 0, 1
(77,64), 0, 1
(77,82), 0, 1
(77,83), 0, 1
(77,86), 0, 1
(77,93), 0, 1
(78,0), 0, 1
(78,1), 0, 1
(78,2), 0, 1
(78,3), 0, 1
(78,6), 0, 1
(78,7), 0, 1
(78,11), 0, 1
(78,13), 0, 1
(78,14), 0, 1
(78,15), 0, 1
(78,16), 0, 1
(78,19), 0, 1
(78,20), 0, 1
(78,21), 0, 1
(78,23), 0, 1
(78,24), 0, 1
(78,25), 0, 1
(78,28), 0, 1
(78,29), 0, 1
(78,30), 0, 1
(78,32), 0, 1
(78,34), 0, 1
(78,35), 0, 1
(78,36), 0, 1
(78,37), 0, 1
(78,39), 0, 1
(78,40), 0, 1
(78,41), 0, 1
(78,42), 0, 1
(78,44), 0, 1
(78,45), 0, 1
(78,46), 0, 1
(78,48), 0, 1
(78,49), 0, 1
(78,50), 0, 1
(78,51), 0, 1
(78,52), 0, 1
(78,53), 0, 1
(78,54), 0, 1
(78,56), 0, 1
(78,57), 0, 1
(78,58), 0, 1
(78,61), 0, 1
(78,63), 0, 1
(78,64), 0, 1
(78,65), 0, 1
(78,67), 0, 1
(78,68), 0, 1
(78,69), 0, 1
(78,70), 0, 1
(78,72), 0, 1
(78,73), 0, 1
(78,74), 0, 1
(78,75), 0, 1
(78,76), 0, 1
(78,77), 0, 1
(78,80), 0, 1
(78,82), 0, 1
(78,83), 0, 1
(78,85), 0, 1
(78,86), 0, 1
(78,87), 0, 1
(78,88), 0, 1
(78,89), 0, 1
(78,90), 0, 1
(78,91), 0, 1
(78,92), 0, 1
(78,93), 0, 1
(78,94), 0, 1
(78,96), 0, 1
(79,86), 0, 1
(80,0), 0, 1
(80,2), 0, 1
(80,5), 0, 1
(80,8), 0, 1
(80,15), 0, 1
(80,16), 0, 1
(80,21), 0, 1
(80,23), 0, 1
(80,30), 0, 1
(80,42), 0, 1
(80,43), 0, 1
(80,49), 0, 1
(80,50), 0, 1
(80,52), 0, 1
(80,64), 0, 1
(80,71), 0, 1
(80,82), 0, 1
(80,83), 0, 1
(80,86), 0, 1
(80,93), 0, 1
(81,86), 0, 1
(82,0), 0, 1
(82,2), 0, 1
(82,7), 0, 1
(82,15), 0, 1
(82,16), 0, 1
(82,23), 0, 1
(82,30), 0, 1
(82,34), 0, 1
(82,42), 0, 1
(82,43), 0, 1
(82,49), 0, 1
(82,50), 0, 1
(82,52), 0, 1
(82,64), 0, 1
(82,83), 0, 1
(82,86), 0, 1
(82,93), 0, 1
(83,86), 0, 1
(84,0), 0, 1
(84,1), 0, 1
(84,2), 0, 1
(84,3), 0, 1
(84,6), 0, 1
(84,7), 0, 1
(84,8), 0, 1
(84,11), 0, 1
(84,13), 0, 1
(84,14), 0, 1
(84,15), 0, 1
(84,16), 0, 1
(84,19), 0, 1
(84,20), 0, 1
(84,21), 0, 1
(84,22), 0, 1
(84,23), 0, 1
(84,26), 0, 1
(84,28), 0, 1
(84,29), 0, 1
(84,30), 0, 1
(84,32), 0, 1
(84,33), 0, 1
(84,35), 0, 1
(84,36), 0, 1
(84,37), 0, 1
(84,39), 0, 1
(84,41), 0, 1
(84,42), 0, 1
(84,43), 0, 1
(84,45), 0, 1
(84,46), 0, 1
(84,48), 0, 1
(84,49), 0, 1
(84,50), 0, 1
(84,51), 0, 1
(84,53), 0, 1
(84,54), 0, 1
(84,56), 0, 1
(84,57), 0, 1
(84,58), 0, 1
(84,59), 0, 1
(84,61), 0, 1
(84,63), 0, 1
(84,64), 0, 1
(84,65), 0, 1
(84,67), 0, 1
(84,68), 0, 1
(84,69), 0, 1
(84,70), 0, 1
(84,72), 0, 1
(84,73), 0, 1
(84,74), 0, 1
(84,75), 0, 1
(84,76), 0, 1
(84,80), 0, 1
(84,81), 0, 1
(84,82), 0, 1
(84,83), 0, 1
(84,86), 0, 1
(84,87), 0, 1
(84,88), 0, 1
(84,89), 0, 1
(84,92), 0, 1
(84,96), 0, 1
(84,97), 0, 1
(85,86), 0, 1
(86,14), 0, 1
(86,24), 0, 1
(86,26), 0, 1
(86,40), 0, 1
(86,44), 0, 1
(86,46), 0, 1
(86,54), 0, 1
(86,65), 0, 1
(86,67), 0, 1
(86,69), 0, 1
(86,70), 0, 1
(86,85), 0, 1
(86,89), 0, 1
(86,91), 0, 1
(87,0), 0, 1
(87,2), 0, 1
(87,7), 0, 1
(87,8), 0, 1
(87,15), 0, 1
(87,16), 0, 1
(87,21), 0, 1
(87,23), 0, 1
(87,30), 0, 1
(87,42), 0, 1
(87,43), 0, 1
(87,49), 0, 1
(87,50), 0, 1
(87,52), 0, 1
(87,64), 0, 1
(87,82), 0, 1
(87,83), 0, 1
(87,86), 0, 1
(87,93), 0, 1
(88,0), 0, 1
(88,2), 0, 1
(88,8), 0, 1
(88,12), 0, 1
(88,15), 0, 1
(88,16), 0, 1
(88,17), 0, 1
(88,21), 0, 1
(88,23), 0, 1
(88,30), 0, 1
(88,42), 0, 1
(88,43), 0, 1
(88,49), 0, 1
(88,50), 0, 1
(88,52), 0, 1
(88,64), 0, 1
(88,82), 0, 1
(88,83), 0, 1
(88,86), 0, 1
(89,0), 0, 1
(89,8), 0, 1
(89,15), 0, 1
(89,16), 0, 1
(89,17), 0, 1
(89,21), 0, 1
(89,23), 0, 1
(89,30), 0, 1
(89,42), 0, 1
(89,47), 0, 1
(89,49), 0, 1
(89,50), 0, 1
(89,52), 0, 1
(89,64), 0, 1
(89,66), 0, 1
(89,82), 0, 1
(89,93), 0, 1
(90,86), 0, 1
(91,0), 0, 1
(91,2), 0, 1
(91,7), 0, 1
(91,8), 0, 1
(91,15), 0, 1
(91,16), 0, 1
(91,21), 0, 1
(91,23), 0, 1
(91,30), 0, 1
(91,42), 0, 1
(91,43), 0, 1
(91,49), 0, 1
(91,50), 0, 1
(91,52), 0, 1
(91,64), 0, 1
(91,82), 0, 1
(91,83), 0, 1
(91,86), 0, 1
(91,93), 0, 1
(92,0), 0, 1
(92,2), 0, 1
(92,12), 0, 1
(92,15), 0, 1
(92,16), 0, 1
(92,21), 0, 1
(92,23), 0, 1
(92,30), 0, 1
(92,34), 0, 1
(92,42), 0, 1
(92,43), 0, 1
(92,49), 0, 1
(92,50), 0, 1
(92,64), 0, 1
(92,82), 0, 1
(92,83), 0, 1
(92,86), 0, 1
(92,93), 0, 1
(93,0), 0, 1
(93,1), 0, 1
(93,3), 0, 1
(93,6), 0, 1
(93,7), 0, 1
(93,8), 0, 1
(93,12), 0, 1
(93,13), 0, 1
(93,14), 0, 1
(93,15), 0, 1
(93,16), 0, 1
(93,17), 0, 1
(93,19), 0, 1
(93,20), 0, 1
(93,21), 0, 1
(93,22), 0, 1
(93,23), 0, 1
(93,24), 0, 1
(93,26), 0, 1
(93,28), 0, 1
(93,29), 0, 1
(93,30), 0, 1
(93,32), 0, 1
(93,33), 0, 1
(93,36), 0, 1
(93,40), 0, 1
(93,41), 0, 1
(93,42), 0, 1
(93,43), 0, 1
(93,44), 0, 1
(93,45), 0, 1
(93,46), 0, 1
(93,48), 0, 1
(93,49), 0, 1
(93,50), 0, 1
(93,52), 0, 1
(93,53), 0, 1
(93,54), 0, 1
(93,56), 0, 1
(93,57), 0, 1
(93,58), 0, 1
(93,61), 0, 1
(93,63), 0, 1
(93,64), 0, 1
(93,65), 0, 1
(93,67), 0, 1
(93,69), 0, 1
(93,70), 0, 1
(93,72), 0, 1
(93,73), 0, 1
(93,74), 0, 1
(93,75), 0, 1
(93,76), 0, 1
(93,80), 0, 1
(93,81), 0, 1
(93,82), 0, 1
(93,84), 0, 1
(93,85), 0, 1
(93,86), 0, 1
(93,87), 0, 1
(93,88), 0, 1
(93,89), 0, 1
(93,91), 0, 1
(93,92), 0, 1
(93,94), 0, 1
(93,97), 0, 1
(94,0), 0, 1
(94,2), 0, 1
(94,7), 0, 1
(94,8), 0, 1
(94,15), 0, 1
(94,21), 0, 1
(94,23), 0, 1
(94,30), 0, 1
(94,42), 0, 1
(94,43), 0, 1
(94,47), 0, 1
(94,49), 0, 1
(94,50), 0, 1
(94,64), 0, 1
(94,82), 0, 1
(94,83), 0, 1
(94,86), 0, 1
(94,93), 0, 1
(95,0), 0, 1
(95,1), 0, 1
(95,2), 0, 1
(95,3), 0, 1
(95,6), 0, 1
(95,7), 0, 1
(95,8), 0, 1
(95,13), 0, 1
(95,14), 0, 1
(95,15), 0, 1
(95,16), 0, 1
(95,19), 0, 1
(95,20), 0, 1
(95,21), 0, 1
(95,22), 0, 1
(95,23), 0, 1
(95,24), 0, 1
(95,26), 0, 1
(95,28), 0, 1
(95,29), 0, 1
(95,30), 0, 1
(95,32), 0, 1
(95,33), 0, 1
(95,35), 0, 1
(95,36), 0, 1
(95,37), 0, 1
(95,39), 0, 1
(95,40), 0, 1
(95,41), 0, 1
(95,43), 0, 1
(95,44), 0, 1
(95,45), 0, 1
(95,46), 0, 1
(95,48), 0, 1
(95,49), 0, 1
(95,50), 0, 1
(95,51), 0, 1
(95,52), 0, 1
(95,53), 0, 1
(95,54), 0, 1
(95,57), 0, 1
(95,58), 0, 1
(95,61), 0, 1
(95,63), 0, 1
(95,64), 0, 1
(95,65), 0, 1
(95,67), 0, 1
(95,68), 0, 1
(95,69), 0, 1
(95,70), 0, 1
(95,72), 0, 1
(95,73), 0, 1
(95,74), 0, 1
(95,75), 0, 1
(95,76), 0, 1
(95,80), 0, 1
(95,81), 0, 1
(95,82), 0, 1
(95,83), 0, 1
(95,84), 0, 1
(95,86), 0, 1
(95,87), 0, 1
(95,88), 0, 1
(95,89), 0, 1
(95,90), 0, 1
(95,91), 0, 1
(95,93), 0, 1
(95,94), 0, 1
(95,96), 0, 1
(95,97), 0, 1
(96,0), 0, 1
(96,2), 0, 1
(96,7), 0, 1
(96,15), 0, 1
(96,16), 0, 1
(96,17), 0, 1
(96,21), 0, 1
(96,23), 0, 1
(96,30), 0, 1
(96,42), 0, 1
(96,43), 0, 1
(96,49), 0, 1
(96,50), 0, 1
(96,52), 0, 1
(96,64), 0, 1
(96,82), 0, 1
(96,83), 0, 1
(96,86), 0, 1
(96,93), 0, 1
(97,14), 0, 1
(97,24), 0, 1
(97,35), 0, 1
(97,40), 0, 1
(97,46), 0, 1
(97,54), 0, 1
(97,65), 0, 1
(97,67), 0, 1
(97,69), 0, 1
(97,70), 0, 1
(97,85), 0, 1
(97,86), 0, 1
(97,89), 0, 1
(97,91), 0, 1
(98,0), 0, 1
(98,2), 0, 1
(98,7), 0, 1
(98,8), 0, 1
(98,15), 0, 1
(98,16), 0, 1
(98,21), 0, 1
(98,23), 0, 1
(98,30), 0, 1
(98,42), 0, 1
(98,43), 0, 1
(98,49), 0, 1
(98,50), 0, 1
(98,52), 0, 1
(98,64), 0, 1
(98,82), 0, 1
(98,83), 0, 1
(98,86), 0, 1
(99,0), 0, 1
(99,2), 0, 1
(99,7), 0, 1
(99,8), 0, 1
(99,15), 0, 1
(99,16), 0, 1
(99,21), 0, 1
(99,23), 0, 1
(99,30), 0, 1
(99,42), 0, 1
(99,43), 0, 1
(99,49), 0, 1
(99,50), 0, 1
(99,52), 0, 1
(99,64), 0, 1
(99,82), 0, 1
(99,83), 0, 1
(99,86), 0, 1
(99,93), 0, 1
