Nr_Pairs = 95
Nr_NDD = 5
Nr_Arcs = 2797
0	0.28
1	0.28
2	0.5
3	0.90
4	0.5
5	0.5
6	0.5
7	0.5
8	0.28
9	0.10
10	0.10
11	0.10
12	0.90
13	0.5
14	0.5
15	0.5
16	0.28
17	0.5
18	0.28
19	0.28
20	0.28
21	0.28
22	0.32
23	0.28
24	0.10
25	0.90
26	0.5
27	0.90
28	0.5
29	0.10
30	0.5
31	0.5
32	0.5
33	0.5
34	0.5
35	0.5
36	0.90
37	0.28
38	0.5
39	0.32
40	0.92
41	0.5
42	0.28
43	0.28
44	0.10
45	0.5
46	0.28
47	0.32
48	0.5
49	0.32
50	0.10
51	0.5
52	0.92
53	0.90
54	0.5
55	0.28
56	0.5
57	0.5
58	0.90
59	0.10
60	0.5
61	0.5
62	0.5
63	0.5
64	0.32
65	0.5
66	0.10
67	0.5
68	0.28
69	0.92
70	0.90
71	0.5
72	0.28
73	0.32
74	0.28
75	0.90
76	0.5
77	0.10
78	0.90
79	0.28
80	0.10
81	0.5
82	0.5
83	0.5
84	0.5
85	0.5
86	0.90
87	0.5
88	0.28
89	0.5
90	0.5
91	0.5
92	0.5
93	0.32
94	0.28
95	0.0
96	0.0
97	0.0
98	0.0
99	0.0
(0,9), 0, 1
(0,11), 0, 1
(0,14), 0, 1
(0,19), 0, 1
(0,24), 0, 1
(0,29), 0, 1
(0,32), 0, 1
(0,36), 0, 1
(0,44), 0, 1
(0,64), 0, 1
(0,71), 0, 1
(0,76), 0, 1
(0,85), 0, 1
(1,0), 0, 1
(1,2), 0, 1
(1,4), 0, 1
(1,5), 0, 1
(1,6), 0, 1
(1,7), 0, 1
(1,8), 0, 1
(1,9), 0, 1
(1,11), 0, 1
(1,13), 0, 1
(1,14), 0, 1
(1,15), 0, 1
(1,16), 0, 1
(1,17), 0, 1
(1,18), 0, 1
(1,19), 0, 1
(1,20), 0, 1
(1,21), 0, 1
(1,22), 0, 1
(1,23), 0, 1
(1,26), 0, 1
(1,28), 0, 1
(1,30), 0, 1
(1,31), 0, 1
(1,32), 0, 1
(1,33), 0, 1
(1,34), 0, 1
(1,35), 0, 1
(1,37), 0, 1
(1,38), 0, 1
(1,39), 0, 1
(1,41), 0, 1
(1,42), 0, 1
(1,43), 0, 1
(1,44), 0, 1
(1,45), 0, 1
(1,47), 0, 1
(1,48), 0, 1
(1,49), 0, 1
(1,50), 0, 1
(1,51), 0, 1
(1,54), 0, 1
(1,56), 0, 1
(1,57), 0, 1
(1,59), 0, 1
(1,60), 0, 1
(1,61), 0, 1
(1,62), 0, 1
(1,63), 0, 1
(1,64), 0, 1
(1,65), 0, 1
(1,66), 0, 1
(1,67), 0, 1
(1,68), 0, 1
(1,70), 0, 1
(1,71), 0, 1
(1,72), 0, 1
(1,73), 0, 1
(1,74), 0, 1
(1,76), 0, 1
(1,77), 0, 1
(1,79), 0, 1
(1,80), 0, 1
(1,81), 0, 1
(1,82), 0, 1
(1,83), 0, 1
(1,84), 0, 1
(1,85), 0, 1
(1,87), 0, 1
(1,88), 0, 1
(1,89), 0, 1
(1,90), 0, 1
(1,91), 0, 1
(1,92), 0, 1
(1,93), 0, 1
(1,94), 0, 1
(2,13), 0, 1
(2,15), 0, 1
(2,20), 0, 1
(2,31), 0, 1
(2,35), 0, 1
(2,41), 0, 1
(2,49), 0, 1
(2,54), 0, 1
(2,59), 0, 1
(2,63), 0, 1
(2,68), 0, 1
(2,69), 0, 1
(2,81), 0, 1
(2,82), 0, 1
(2,84), 0, 1
(2,87), 0, 1
(2,94), 0, 1
(3,13), 0, 1
(3,15), 0, 1
(3,16), 0, 1
(3,20), 0, 1
(3,31), 0, 1
(3,35), 0, 1
(3,41), 0, 1
(3,49), 0, 1
(3,54), 0, 1
(3,59), 0, 1
(3,63), 0, 1
(3,68), 0, 1
(3,82), 0, 1
(3,84), 0, 1
(3,87), 0, 1
(3,94), 0, 1
(4,13), 0, 1
(4,15), 0, 1
(4,16), 0, 1
(4,20), 0, 1
(4,31), 0, 1
(4,35), 0, 1
(4,41), 0, 1
(4,52), 0, 1
(4,54), 0, 1
(4,59), 0, 1
(4,63), 0, 1
(4,68), 0, 1
(4,81), 0, 1
(4,82), 0, 1
(4,84), 0, 1
(4,87), 0, 1
(4,94), 0, 1
(5,13), 0, 1
(5,15), 0, 1
(5,20), 0, 1
(5,31), 0, 1
(5,41), 0, 1
(5,49), 0, 1
(5,54), 0, 1
(5,59), 0, 1
(5,63), 0, 1
(5,68), 0, 1
(5,81), 0, 1
(5,82), 0, 1
(5,84), 0, 1
(5,87), 0, 1
(5,94), 0, 1
(6,11), 0, 1
(6,14), 0, 1
(6,16), 0, 1
(6,24), 0, 1
(6,29), 0, 1
(6,32), 0, 1
(6,44), 0, 1
(6,64), 0, 1
(6,66), 0, 1
(6,71), 0, 1
(6,76), 0, 1
(6,85), 0, 1
(6,88), 0, 1
(7,9), 0, 1
(7,11), 0, 1
(7,14), 0, 1
(7,16), 0, 1
(7,19), 0, 1
(7,24), 0, 1
(7,29), 0, 1
(7,32), 0, 1
(7,44), 0, 1
(7,64), 0, 1
(7,66), 0, 1
(7,71), 0, 1
(7,76), 0, 1
(7,85), 0, 1
(8,13), 0, 1
(8,15), 0, 1
(8,20), 0, 1
(8,31), 0, 1
(8,35), 0, 1
(8,37), 0, 1
(8,41), 0, 1
(8,49), 0, 1
(8,54), 0, 1
(8,59), 0, 1
(8,63), 0, 1
(8,81), 0, 1
(8,82), 0, 1
(8,84), 0, 1
(8,87), 0, 1
(8,94), 0, 1
(9,0), 0, 1
(9,1), 0, 1
(9,2), 0, 1
(9,4), 0, 1
(9,5), 0, 1
(9,6), 0, 1
(9,7), 0, 1
(9,10), 0, 1
(9,13), 0, 1
(9,14), 0, 1
(9,15), 0, 1
(9,16), 0, 1
(9,17), 0, 1
(9,19), 0, 1
(9,21), 0, 1
(9,22), 0, 1
(9,24), 0, 1
(9,25), 0, 1
(9,26), 0, 1
(9,28), 0, 1
(9,29), 0, 1
(9,30), 0, 1
(9,31), 0, 1
(9,32), 0, 1
(9,33), 0, 1
(9,34), 0, 1
(9,35), 0, 1
(9,37), 0, 1
(9,38), 0, 1
(9,39), 0, 1
(9,41), 0, 1
(9,43), 0, 1
(9,44), 0, 1
(9,45), 0, 1
(9,47), 0, 1
(9,48), 0, 1
(9,49), 0, 1
(9,50), 0, 1
(9,51), 0, 1
(9,54), 0, 1
(9,56), 0, 1
(9,57), 0, 1
(9,59), 0, 1
(9,60), 0, 1
(9,63), 0, 1
(9,65), 0, 1
(9,67), 0, 1
(9,68), 0, 1
(9,71), 0, 1
(9,72), 0, 1
(9,73), 0, 1
(9,74), 0, 1
(9,76), 0, 1
(9,77), 0, 1
(9,80), 0, 1
(9,81), 0, 1
(9,82), 0, 1
(9,83), 0, 1
(9,84), 0, 1
(9,85), 0, 1
(9,87), 0, 1
(9,88), 0, 1
(9,89), 0, 1
(9,90), 0, 1
(9,91), 0, 1
(9,92), 0, 1
(9,93), 0, 1
(9,94), 0, 1
(10,13), 0, 1
(10,15), 0, 1
(10,16), 0, 1
(10,20), 0, 1
(10,31), 0, 1
(10,35), 0, 1
(10,37), 0, 1
(10,41), 0, 1
(10,49), 0, 1
(10,54), 0, 1
(10,59), 0, 1
(10,63), 0, 1
(10,81), 0, 1
(10,82), 0, 1
(10,84), 0, 1
(10,87), 0, 1
(11,13), 0, 1
(11,15), 0, 1
(11,16), 0, 1
(11,20), 0, 1
(11,31), 0, 1
(11,35), 0, 1
(11,37), 0, 1
(11,41), 0, 1
(11,49), 0, 1
(11,54), 0, 1
(11,59), 0, 1
(11,63), 0, 1
(11,81), 0, 1
(11,82), 0, 1
(11,84), 0, 1
(11,87), 0, 1
(11,94), 0, 1
(12,13), 0, 1
(12,15), 0, 1
(12,20), 0, 1
(12,31), 0, 1
(12,35), 0, 1
(12,41), 0, 1
(12,49), 0, 1
(12,54), 0, 1
(12,63), 0, 1
(12,68), 0, 1
(12,81), 0, 1
(12,82), 0, 1
(12,84), 0, 1
(12,87), 0, 1
(13,9), 0, 1
(13,11), 0, 1
(13,14), 0, 1
(13,16), 0, 1
(13,19), 0, 1
(13,24), 0, 1
(13,29), 0, 1
(13,32), 0, 1
(13,44), 0, 1
(13,64), 0, 1
(13,66), 0, 1
(13,71), 0, 1
(13,76), 0, 1
(13,85), 0, 1
(13,88), 0, 1
(14,13), 0, 1
(14,15), 0, 1
(14,20), 0, 1
(14,31), 0, 1
(14,35), 0, 1
(14,37), 0, 1
(14,41), 0, 1
(14,49), 0, 1
(14,54), 0, 1
(14,59), 0, 1
(14,63), 0, 1
(14,81), 0, 1
(14,82), 0, 1
(14,84), 0, 1
(14,87), 0, 1
(14,94), 0, 1
(15,13), 0, 1
(15,16), 0, 1
(15,20), 0, 1
(15,31), 0, 1
(15,35), 0, 1
(15,41), 0, 1
(15,49), 0, 1
(15,54), 0, 1
(15,58), 0, 1
(15,59), 0, 1
(15,63), 0, 1
(15,68), 0, 1
(15,81), 0, 1
(15,82), 0, 1
(15,84), 0, 1
(15,87), 0, 1
(15,94), 0, 1
(16,12), 0, 1
(16,13), 0, 1
(16,15), 0, 1
(16,20), 0, 1
(16,31), 0, 1
(16,35), 0, 1
(16,41), 0, 1
(16,49), 0, 1
(16,54), 0, 1
(16,59), 0, 1
(16,63), 0, 1
(16,68), 0, 1
(16,81), 0, 1
(16,82), 0, 1
(16,84), 0, 1
(16,87), 0, 1
(16,94), 0, 1
(17,13), 0, 1
(17,15), 0, 1
(17,16), 0, 1
(17,31), 0, 1
(17,35), 0, 1
(17,37), 0, 1
(17,41), 0, 1
(17,49), 0, 1
(17,54), 0, 1
(17,59), 0, 1
(17,63), 0, 1
(17,81), 0, 1
(17,82), 0, 1
(17,84), 0, 1
(17,87), 0, 1
(18,12), 0, 1
(18,13), 0, 1
(18,15), 0, 1
(18,16), 0, 1
(18,20), 0, 1
(18,31), 0, 1
(18,35), 0, 1
(18,37), 0, 1
(18,41), 0, 1
(18,49), 0, 1
(18,54), 0, 1
(18,59), 0, 1
(18,63), 0, 1
(18,68), 0, 1
(18,81), 0, 1
(18,82), 0, 1
(18,84), 0, 1
(18,87), 0, 1
(18,94), 0, 1
(19,16), 0, 1
(20,13), 0, 1
(20,15), 0, 1
(20,16), 0, 1
(20,31), 0, 1
(20,35), 0, 1
(20,37), 0, 1
(20,41), 0, 1
(20,49), 0, 1
(20,54), 0, 1
(20,63), 0, 1
(20,68), 0, 1
(20,69), 0, 1
(20,81), 0, 1
(20,82), 0, 1
(20,84), 0, 1
(20,87), 0, 1
(21,13), 0, 1
(21,15), 0, 1
(21,16), 0, 1
(21,20), 0, 1
(21,31), 0, 1
(21,35), 0, 1
(21,37), 0, 1
(21,41), 0, 1
(21,49), 0, 1
(21,54), 0, 1
(21,59), 0, 1
(21,63), 0, 1
(21,68), 0, 1
(21,81), 0, 1
(21,82), 0, 1
(21,84), 0, 1
(21,87), 0, 1
(21,94), 0, 1
(22,13), 0, 1
(22,15), 0, 1
(22,16), 0, 1
(22,20), 0, 1
(22,31), 0, 1
(22,35), 0, 1
(22,40), 0, 1
(22,41), 0, 1
(22,52), 0, 1
(22,54), 0, 1
(22,63), 0, 1
(22,81), 0, 1
(22,82), 0, 1
(22,84), 0, 1
(22,87), 0, 1
(22,94), 0, 1
(23,0), 0, 1
(23,1), 0, 1
(23,2), 0, 1
(23,4), 0, 1
(23,5), 0, 1
(23,6), 0, 1
(23,10), 0, 1
(23,11), 0, 1
(23,13), 0, 1
(23,14), 0, 1
(23,15), 0, 1
(23,16), 0, 1
(23,17), 0, 1
(23,18), 0, 1
(23,19), 0, 1
(23,20), 0, 1
(23,21), 0, 1
(23,25), 0, 1
(23,26), 0, 1
(23,28), 0, 1
(23,30), 0, 1
(23,31), 0, 1
(23,32), 0, 1
(23,33), 0, 1
(23,34), 0, 1
(23,35), 0, 1
(23,38), 0, 1
(23,39), 0, 1
(23,41), 0, 1
(23,42), 0, 1
(23,43), 0, 1
(23,45), 0, 1
(23,46), 0, 1
(23,47), 0, 1
(23,48), 0, 1
(23,50), 0, 1
(23,51), 0, 1
(23,53), 0, 1
(23,54), 0, 1
(23,55), 0, 1
(23,56), 0, 1
(23,57), 0, 1
(23,60), 0, 1
(23,61), 0, 1
(23,62), 0, 1
(23,63), 0, 1
(23,65), 0, 1
(23,66), 0, 1
(23,67), 0, 1
(23,68), 0, 1
(23,71), 0, 1
(23,73), 0, 1
(23,76), 0, 1
(23,77), 0, 1
(23,79), 0, 1
(23,80), 0, 1
(23,81), 0, 1
(23,82), 0, 1
(23,83), 0, 1
(23,84), 0, 1
(23,85), 0, 1
(23,87), 0, 1
(23,88), 0, 1
(23,89), 0, 1
(23,90), 0, 1
(23,91), 0, 1
(23,92), 0, 1
(23,93), 0, 1
(23,94), 0, 1
(24,16), 0, 1
(25,13), 0, 1
(25,15), 0, 1
(25,16), 0, 1
(25,20), 0, 1
(25,31), 0, 1
(25,35), 0, 1
(25,37), 0, 1
(25,41), 0, 1
(25,49), 0, 1
(25,54), 0, 1
(25,59), 0, 1
(25,63), 0, 1
(25,68), 0, 1
(25,69), 0, 1
(25,81), 0, 1
(25,82), 0, 1
(25,84), 0, 1
(25,87), 0, 1
(26,13), 0, 1
(26,15), 0, 1
(26,31), 0, 1
(26,35), 0, 1
(26,37), 0, 1
(26,41), 0, 1
(26,49), 0, 1
(26,54), 0, 1
(26,59), 0, 1
(26,63), 0, 1
(26,68), 0, 1
(26,81), 0, 1
(26,82), 0, 1
(26,84), 0, 1
(26,87), 0, 1
(26,94), 0, 1
(27,1), 0, 1
(27,2), 0, 1
(27,4), 0, 1
(27,5), 0, 1
(27,6), 0, 1
(27,8), 0, 1
(27,9), 0, 1
(27,10), 0, 1
(27,11), 0, 1
(27,13), 0, 1
(27,14), 0, 1
(27,15), 0, 1
(27,16), 0, 1
(27,17), 0, 1
(27,18), 0, 1
(27,19), 0, 1
(27,20), 0, 1
(27,21), 0, 1
(27,23), 0, 1
(27,24), 0, 1
(27,26), 0, 1
(27,28), 0, 1
(27,29), 0, 1
(27,30), 0, 1
(27,32), 0, 1
(27,33), 0, 1
(27,34), 0, 1
(27,35), 0, 1
(27,37), 0, 1
(27,38), 0, 1
(27,41), 0, 1
(27,43), 0, 1
(27,44), 0, 1
(27,45), 0, 1
(27,46), 0, 1
(27,47), 0, 1
(27,48), 0, 1
(27,49), 0, 1
(27,50), 0, 1
(27,51), 0, 1
(27,54), 0, 1
(27,56), 0, 1
(27,57), 0, 1
(27,59), 0, 1
(27,60), 0, 1
(27,61), 0, 1
(27,62), 0, 1
(27,63), 0, 1
(27,65), 0, 1
(27,66), 0, 1
(27,67), 0, 1
(27,68), 0, 1
(27,71), 0, 1
(27,73), 0, 1
(27,74), 0, 1
(27,76), 0, 1
(27,77), 0, 1
(27,79), 0, 1
(27,80), 0, 1
(27,81), 0, 1
(27,82), 0, 1
(27,83), 0, 1
(27,84), 0, 1
(27,85), 0, 1
(27,87), 0, 1
(27,88), 0, 1
(27,89), 0, 1
(27,91), 0, 1
(27,92), 0, 1
(27,93), 0, 1
(28,9), 0, 1
(28,11), 0, 1
(28,14), 0, 1
(28,16), 0, 1
(28,19), 0, 1
(28,24), 0, 1
(28,29), 0, 1
(28,32), 0, 1
(28,44), 0, 1
(28,52), 0, 1
(28,58), 0, 1
(28,66), 0, 1
(28,71), 0, 1
(28,76), 0, 1
(28,85), 0, 1
(29,0), 0, 1
(29,2), 0, 1
(29,4), 0, 1
(29,5), 0, 1
(29,6), 0, 1
(29,7), 0, 1
(29,8), 0, 1
(29,9), 0, 1
(29,10), 0, 1
(29,11), 0, 1
(29,13), 0, 1
(29,14), 0, 1
(29,15), 0, 1
(29,16), 0, 1
(29,17), 0, 1
(29,20), 0, 1
(29,21), 0, 1
(29,22), 0, 1
(29,23), 0, 1
(29,24), 0, 1
(29,26), 0, 1
(29,28), 0, 1
(29,30), 0, 1
(29,31), 0, 1
(29,32), 0, 1
(29,33), 0, 1
(29,35), 0, 1
(29,36), 0, 1
(29,37), 0, 1
(29,38), 0, 1
(29,39), 0, 1
(29,40), 0, 1
(29,41), 0, 1
(29,42), 0, 1
(29,43), 0, 1
(29,44), 0, 1
(29,45), 0, 1
(29,46), 0, 1
(29,47), 0, 1
(29,48), 0, 1
(29,49), 0, 1
(29,50), 0, 1
(29,51), 0, 1
(29,56), 0, 1
(29,57), 0, 1
(29,59), 0, 1
(29,60), 0, 1
(29,61), 0, 1
(29,62), 0, 1
(29,63), 0, 1
(29,64), 0, 1
(29,65), 0, 1
(29,67), 0, 1
(29,71), 0, 1
(29,73), 0, 1
(29,76), 0, 1
(29,77), 0, 1
(29,79), 0, 1
(29,80), 0, 1
(29,81), 0, 1
(29,82), 0, 1
(29,83), 0, 1
(29,85), 0, 1
(29,87), 0, 1
(29,88), 0, 1
(29,89), 0, 1
(29,90), 0, 1
(29,91), 0, 1
(29,92), 0, 1
(29,93), 0, 1
(29,94), 0, 1
(30,13), 0, 1
(30,15), 0, 1
(30,20), 0, 1
(30,31), 0, 1
(30,35), 0, 1
(30,37), 0, 1
(30,41), 0, 1
(30,54), 0, 1
(30,59), 0, 1
(30,63), 0, 1
(30,68), 0, 1
(30,81), 0, 1
(30,82), 0, 1
(30,84), 0, 1
(30,87), 0, 1
(30,94), 0, 1
(31,9), 0, 1
(31,11), 0, 1
(31,14), 0, 1
(31,16), 0, 1
(31,19), 0, 1
(31,24), 0, 1
(31,29), 0, 1
(31,32), 0, 1
(31,44), 0, 1
(31,64), 0, 1
(31,66), 0, 1
(31,71), 0, 1
(31,76), 0, 1
(31,85), 0, 1
(31,88), 0, 1
(32,13), 0, 1
(32,15), 0, 1
(32,16), 0, 1
(32,31), 0, 1
(32,35), 0, 1
(32,40), 0, 1
(32,41), 0, 1
(32,54), 0, 1
(32,58), 0, 1
(32,59), 0, 1
(32,63), 0, 1
(32,69), 0, 1
(32,81), 0, 1
(32,82), 0, 1
(32,84), 0, 1
(32,87), 0, 1
(32,94), 0, 1
(33,0), 0, 1
(33,1), 0, 1
(33,2), 0, 1
(33,4), 0, 1
(33,5), 0, 1
(33,6), 0, 1
(33,7), 0, 1
(33,8), 0, 1
(33,9), 0, 1
(33,10), 0, 1
(33,11), 0, 1
(33,13), 0, 1
(33,14), 0, 1
(33,15), 0, 1
(33,16), 0, 1
(33,17), 0, 1
(33,18), 0, 1
(33,19), 0, 1
(33,20), 0, 1
(33,21), 0, 1
(33,22), 0, 1
(33,23), 0, 1
(33,24), 0, 1
(33,26), 0, 1
(33,28), 0, 1
(33,29), 0, 1
(33,30), 0, 1
(33,31), 0, 1
(33,32), 0, 1
(33,34), 0, 1
(33,35), 0, 1
(33,37), 0, 1
(33,38), 0, 1
(33,39), 0, 1
(33,41), 0, 1
(33,42), 0, 1
(33,43), 0, 1
(33,44), 0, 1
(33,45), 0, 1
(33,46), 0, 1
(33,48), 0, 1
(33,49), 0, 1
(33,50), 0, 1
(33,51), 0, 1
(33,55), 0, 1
(33,56), 0, 1
(33,59), 0, 1
(33,60), 0, 1
(33,61), 0, 1
(33,62), 0, 1
(33,63), 0, 1
(33,64), 0, 1
(33,65), 0, 1
(33,67), 0, 1
(33,71), 0, 1
(33,73), 0, 1
(33,74), 0, 1
(33,76), 0, 1
(33,77), 0, 1
(33,79), 0, 1
(33,80), 0, 1
(33,81), 0, 1
(33,82), 0, 1
(33,83), 0, 1
(33,84), 0, 1
(33,85), 0, 1
(33,87), 0, 1
(33,88), 0, 1
(33,89), 0, 1
(33,90), 0, 1
(33,91), 0, 1
(33,92), 0, 1
(33,93), 0, 1
(33,94), 0, 1
(34,13), 0, 1
(34,15), 0, 1
(34,20), 0, 1
(34,31), 0, 1
(34,35), 0, 1
(34,37), 0, 1
(34,41), 0, 1
(34,49), 0, 1
(34,54), 0, 1
(34,63), 0, 1
(34,68), 0, 1
(34,81), 0, 1
(34,84), 0, 1
(34,87), 0, 1
(34,94), 0, 1
(35,9), 0, 1
(35,11), 0, 1
(35,14), 0, 1
(35,16), 0, 1
(35,19), 0, 1
(35,24), 0, 1
(35,29), 0, 1
(35,32), 0, 1
(35,44), 0, 1
(35,64), 0, 1
(35,66), 0, 1
(35,71), 0, 1
(35,76), 0, 1
(35,85), 0, 1
(35,88), 0, 1
(36,0), 0, 1
(36,1), 0, 1
(36,2), 0, 1
(36,4), 0, 1
(36,6), 0, 1
(36,7), 0, 1
(36,8), 0, 1
(36,10), 0, 1
(36,11), 0, 1
(36,13), 0, 1
(36,14), 0, 1
(36,15), 0, 1
(36,16), 0, 1
(36,17), 0, 1
(36,18), 0, 1
(36,19), 0, 1
(36,20), 0, 1
(36,21), 0, 1
(36,22), 0, 1
(36,24), 0, 1
(36,26), 0, 1
(36,28), 0, 1
(36,29), 0, 1
(36,30), 0, 1
(36,31), 0, 1
(36,32), 0, 1
(36,33), 0, 1
(36,34), 0, 1
(36,35), 0, 1
(36,37), 0, 1
(36,38), 0, 1
(36,41), 0, 1
(36,43), 0, 1
(36,44), 0, 1
(36,45), 0, 1
(36,46), 0, 1
(36,47), 0, 1
(36,48), 0, 1
(36,50), 0, 1
(36,51), 0, 1
(36,54), 0, 1
(36,55), 0, 1
(36,56), 0, 1
(36,57), 0, 1
(36,59), 0, 1
(36,60), 0, 1
(36,61), 0, 1
(36,62), 0, 1
(36,63), 0, 1
(36,64), 0, 1
(36,65), 0, 1
(36,66), 0, 1
(36,67), 0, 1
(36,68), 0, 1
(36,71), 0, 1
(36,73), 0, 1
(36,74), 0, 1
(36,76), 0, 1
(36,77), 0, 1
(36,80), 0, 1
(36,81), 0, 1
(36,82), 0, 1
(36,83), 0, 1
(36,84), 0, 1
(36,85), 0, 1
(36,87), 0, 1
(36,88), 0, 1
(36,89), 0, 1
(36,90), 0, 1
(36,91), 0, 1
(36,92), 0, 1
(36,94), 0, 1
(37,0), 0, 1
(37,2), 0, 1
(37,4), 0, 1
(37,5), 0, 1
(37,6), 0, 1
(37,7), 0, 1
(37,8), 0, 1
(37,9), 0, 1
(37,10), 0, 1
(37,11), 0, 1
(37,12), 0, 1
(37,13), 0, 1
(37,14), 0, 1
(37,15), 0, 1
(37,16), 0, 1
(37,17), 0, 1
(37,19), 0, 1
(37,21), 0, 1
(37,24), 0, 1
(37,26), 0, 1
(37,27), 0, 1
(37,28), 0, 1
(37,29), 0, 1
(37,30), 0, 1
(37,31), 0, 1
(37,32), 0, 1
(37,33), 0, 1
(37,34), 0, 1
(37,35), 0, 1
(37,39), 0, 1
(37,41), 0, 1
(37,42), 0, 1
(37,43), 0, 1
(37,45), 0, 1
(37,46), 0, 1
(37,47), 0, 1
(37,48), 0, 1
(37,50), 0, 1
(37,51), 0, 1
(37,53), 0, 1
(37,54), 0, 1
(37,55), 0, 1
(37,56), 0, 1
(37,57), 0, 1
(37,59), 0, 1
(37,61), 0, 1
(37,62), 0, 1
(37,63), 0, 1
(37,64), 0, 1
(37,65), 0, 1
(37,66), 0, 1
(37,67), 0, 1
(37,68), 0, 1
(37,71), 0, 1
(37,72), 0, 1
(37,73), 0, 1
(37,74), 0, 1
(37,76), 0, 1
(37,77), 0, 1
(37,79), 0, 1
(37,80), 0, 1
(37,81), 0, 1
(37,82), 0, 1
(37,83), 0, 1
(37,84), 0, 1
(37,85), 0, 1
(37,87), 0, 1
(37,88), 0, 1
(37,89), 0, 1
(37,90), 0, 1
(37,91), 0, 1
(37,92), 0, 1
(37,93), 0, 1
(38,13), 0, 1
(38,15), 0, 1
(38,31), 0, 1
(38,35), 0, 1
(38,37), 0, 1
(38,41), 0, 1
(38,49), 0, 1
(38,54), 0, 1
(38,59), 0, 1
(38,63), 0, 1
(38,68), 0, 1
(38,81), 0, 1
(38,82), 0, 1
(38,84), 0, 1
(38,87), 0, 1
(38,94), 0, 1
(39,9), 0, 1
(39,11), 0, 1
(39,14), 0, 1
(39,16), 0, 1
(39,19), 0, 1
(39,29), 0, 1
(39,32), 0, 1
(39,44), 0, 1
(39,66), 0, 1
(39,71), 0, 1
(39,76), 0, 1
(39,85), 0, 1
(40,0), 0, 1
(40,1), 0, 1
(40,2), 0, 1
(40,4), 0, 1
(40,5), 0, 1
(40,6), 0, 1
(40,7), 0, 1
(40,8), 0, 1
(40,9), 0, 1
(40,11), 0, 1
(40,13), 0, 1
(40,14), 0, 1
(40,15), 0, 1
(40,17), 0, 1
(40,18), 0, 1
(40,19), 0, 1
(40,20), 0, 1
(40,21), 0, 1
(40,22), 0, 1
(40,24), 0, 1
(40,26), 0, 1
(40,28), 0, 1
(40,29), 0, 1
(40,31), 0, 1
(40,32), 0, 1
(40,33), 0, 1
(40,34), 0, 1
(40,35), 0, 1
(40,36), 0, 1
(40,37), 0, 1
(40,38), 0, 1
(40,39), 0, 1
(40,42), 0, 1
(40,43), 0, 1
(40,44), 0, 1
(40,45), 0, 1
(40,46), 0, 1
(40,47), 0, 1
(40,48), 0, 1
(40,49), 0, 1
(40,50), 0, 1
(40,51), 0, 1
(40,54), 0, 1
(40,55), 0, 1
(40,56), 0, 1
(40,57), 0, 1
(40,59), 0, 1
(40,60), 0, 1
(40,62), 0, 1
(40,63), 0, 1
(40,64), 0, 1
(40,65), 0, 1
(40,66), 0, 1
(40,67), 0, 1
(40,71), 0, 1
(40,72), 0, 1
(40,76), 0, 1
(40,79), 0, 1
(40,80), 0, 1
(40,81), 0, 1
(40,82), 0, 1
(40,83), 0, 1
(40,84), 0, 1
(40,85), 0, 1
(40,87), 0, 1
(40,89), 0, 1
(40,90), 0, 1
(40,91), 0, 1
(40,92), 0, 1
(40,93), 0, 1
(40,94), 0, 1
(41,9), 0, 1
(41,14), 0, 1
(41,16), 0, 1
(41,19), 0, 1
(41,24), 0, 1
(41,29), 0, 1
(41,32), 0, 1
(41,44), 0, 1
(41,64), 0, 1
(41,66), 0, 1
(41,71), 0, 1
(41,76), 0, 1
(41,85), 0, 1
(42,15), 0, 1
(42,20), 0, 1
(42,31), 0, 1
(42,35), 0, 1
(42,37), 0, 1
(42,41), 0, 1
(42,54), 0, 1
(42,59), 0, 1
(42,63), 0, 1
(42,68), 0, 1
(42,81), 0, 1
(42,82), 0, 1
(42,84), 0, 1
(42,87), 0, 1
(43,0), 0, 1
(43,1), 0, 1
(43,2), 0, 1
(43,4), 0, 1
(43,5), 0, 1
(43,6), 0, 1
(43,7), 0, 1
(43,8), 0, 1
(43,9), 0, 1
(43,10), 0, 1
(43,11), 0, 1
(43,13), 0, 1
(43,14), 0, 1
(43,15), 0, 1
(43,17), 0, 1
(43,21), 0, 1
(43,22), 0, 1
(43,23), 0, 1
(43,24), 0, 1
(43,26), 0, 1
(43,28), 0, 1
(43,29), 0, 1
(43,30), 0, 1
(43,31), 0, 1
(43,32), 0, 1
(43,33), 0, 1
(43,34), 0, 1
(43,35), 0, 1
(43,38), 0, 1
(43,39), 0, 1
(43,40), 0, 1
(43,41), 0, 1
(43,42), 0, 1
(43,44), 0, 1
(43,45), 0, 1
(43,47), 0, 1
(43,48), 0, 1
(43,50), 0, 1
(43,51), 0, 1
(43,53), 0, 1
(43,54), 0, 1
(43,55), 0, 1
(43,56), 0, 1
(43,57), 0, 1
(43,59), 0, 1
(43,60), 0, 1
(43,61), 0, 1
(43,62), 0, 1
(43,63), 0, 1
(43,64), 0, 1
(43,65), 0, 1
(43,66), 0, 1
(43,67), 0, 1
(43,68), 0, 1
(43,71), 0, 1
(43,72), 0, 1
(43,73), 0, 1
(43,74), 0, 1
(43,76), 0, 1
(43,79), 0, 1
(43,80), 0, 1
(43,81), 0, 1
(43,82), 0, 1
(43,83), 0, 1
(43,84), 0, 1
(43,85), 0, 1
(43,87), 0, 1
(43,88), 0, 1
(43,89), 0, 1
(43,90), 0, 1
(43,91), 0, 1
(43,92), 0, 1
(43,93), 0, 1
(43,94), 0, 1
(44,16), 0, 1
(45,13), 0, 1
(45,15), 0, 1
(45,20), 0, 1
(45,31), 0, 1
(45,35), 0, 1
(45,37), 0, 1
(45,41), 0, 1
(45,49), 0, 1
(45,54), 0, 1
(45,59), 0, 1
(45,63), 0, 1
(45,68), 0, 1
(45,81), 0, 1
(45,82), 0, 1
(45,84), 0, 1
(45,87), 0, 1
(45,94), 0, 1
(46,9), 0, 1
(46,11), 0, 1
(46,14), 0, 1
(46,16), 0, 1
(46,19), 0, 1
(46,24), 0, 1
(46,29), 0, 1
(46,32), 0, 1
(46,44), 0, 1
(46,66), 0, 1
(46,71), 0, 1
(46,76), 0, 1
(46,85), 0, 1
(46,88), 0, 1
(47,13), 0, 1
(47,15), 0, 1
(47,20), 0, 1
(47,31), 0, 1
(47,35), 0, 1
(47,37), 0, 1
(47,41), 0, 1
(47,49), 0, 1
(47,54), 0, 1
(47,59), 0, 1
(47,63), 0, 1
(47,68), 0, 1
(47,81), 0, 1
(47,82), 0, 1
(47,84), 0, 1
(47,87), 0, 1
(47,94), 0, 1
(48,15), 0, 1
(48,16), 0, 1
(48,20), 0, 1
(48,31), 0, 1
(48,35), 0, 1
(48,37), 0, 1
(48,41), 0, 1
(48,49), 0, 1
(48,54), 0, 1
(48,63), 0, 1
(48,68), 0, 1
(48,69), 0, 1
(48,81), 0, 1
(48,82), 0, 1
(48,84), 0, 1
(48,87), 0, 1
(48,94), 0, 1
(49,9), 0, 1
(49,11), 0, 1
(49,14), 0, 1
(49,16), 0, 1
(49,24), 0, 1
(49,29), 0, 1
(49,32), 0, 1
(49,44), 0, 1
(49,66), 0, 1
(49,71), 0, 1
(49,76), 0, 1
(49,85), 0, 1
(50,13), 0, 1
(50,15), 0, 1
(50,16), 0, 1
(50,20), 0, 1
(50,31), 0, 1
(50,35), 0, 1
(50,37), 0, 1
(50,41), 0, 1
(50,54), 0, 1
(50,59), 0, 1
(50,63), 0, 1
(50,68), 0, 1
(50,81), 0, 1
(50,82), 0, 1
(50,84), 0, 1
(50,87), 0, 1
(51,13), 0, 1
(51,15), 0, 1
(51,16), 0, 1
(51,20), 0, 1
(51,31), 0, 1
(51,35), 0, 1
(51,37), 0, 1
(51,40), 0, 1
(51,41), 0, 1
(51,49), 0, 1
(51,54), 0, 1
(51,59), 0, 1
(51,63), 0, 1
(51,81), 0, 1
(51,82), 0, 1
(51,84), 0, 1
(52,0), 0, 1
(52,1), 0, 1
(52,2), 0, 1
(52,4), 0, 1
(52,5), 0, 1
(52,6), 0, 1
(52,7), 0, 1
(52,8), 0, 1
(52,9), 0, 1
(52,10), 0, 1
(52,11), 0, 1
(52,13), 0, 1
(52,14), 0, 1
(52,15), 0, 1
(52,16), 0, 1
(52,17), 0, 1
(52,18), 0, 1
(52,19), 0, 1
(52,20), 0, 1
(52,21), 0, 1
(52,23), 0, 1
(52,24), 0, 1
(52,26), 0, 1
(52,28), 0, 1
(52,29), 0, 1
(52,30), 0, 1
(52,31), 0, 1
(52,32), 0, 1
(52,33), 0, 1
(52,34), 0, 1
(52,37), 0, 1
(52,38), 0, 1
(52,39), 0, 1
(52,41), 0, 1
(52,42), 0, 1
(52,43), 0, 1
(52,44), 0, 1
(52,45), 0, 1
(52,46), 0, 1
(52,47), 0, 1
(52,48), 0, 1
(52,49), 0, 1
(52,50), 0, 1
(52,51), 0, 1
(52,54), 0, 1
(52,55), 0, 1
(52,56), 0, 1
(52,57), 0, 1
(52,59), 0, 1
(52,60), 0, 1
(52,61), 0, 1
(52,62), 0, 1
(52,63), 0, 1
(52,64), 0, 1
(52,65), 0, 1
(52,66), 0, 1
(52,67), 0, 1
(52,68), 0, 1
(52,71), 0, 1
(52,73), 0, 1
(52,74), 0, 1
(52,76), 0, 1
(52,77), 0, 1
(52,79), 0, 1
(52,80), 0, 1
(52,81), 0, 1
(52,82), 0, 1
(52,83), 0, 1
(52,84), 0, 1
(52,85), 0, 1
(52,87), 0, 1
(52,89), 0, 1
(52,90), 0, 1
(52,91), 0, 1
(52,92), 0, 1
(52,93), 0, 1
(53,1), 0, 1
(53,4), 0, 1
(53,5), 0, 1
(53,6), 0, 1
(53,7), 0, 1
(53,8), 0, 1
(53,10), 0, 1
(53,11), 0, 1
(53,13), 0, 1
(53,14), 0, 1
(53,15), 0, 1
(53,16), 0, 1
(53,17), 0, 1
(53,18), 0, 1
(53,19), 0, 1
(53,21), 0, 1
(53,23), 0, 1
(53,24), 0, 1
(53,26), 0, 1
(53,28), 0, 1
(53,29), 0, 1
(53,30), 0, 1
(53,31), 0, 1
(53,32), 0, 1
(53,33), 0, 1
(53,34), 0, 1
(53,35), 0, 1
(53,37), 0, 1
(53,38), 0, 1
(53,41), 0, 1
(53,42), 0, 1
(53,44), 0, 1
(53,45), 0, 1
(53,46), 0, 1
(53,47), 0, 1
(53,48), 0, 1
(53,49), 0, 1
(53,50), 0, 1
(53,51), 0, 1
(53,54), 0, 1
(53,56), 0, 1
(53,57), 0, 1
(53,59), 0, 1
(53,60), 0, 1
(53,61), 0, 1
(53,63), 0, 1
(53,64), 0, 1
(53,65), 0, 1
(53,66), 0, 1
(53,67), 0, 1
(53,71), 0, 1
(53,72), 0, 1
(53,76), 0, 1
(53,77), 0, 1
(53,79), 0, 1
(53,80), 0, 1
(53,81), 0, 1
(53,82), 0, 1
(53,83), 0, 1
(53,84), 0, 1
(53,85), 0, 1
(53,87), 0, 1
(53,88), 0, 1
(53,89), 0, 1
(53,90), 0, 1
(53,91), 0, 1
(53,92), 0, 1
(53,94), 0, 1
(54,16), 0, 1
(55,13), 0, 1
(55,15), 0, 1
(55,16), 0, 1
(55,20), 0, 1
(55,31), 0, 1
(55,35), 0, 1
(55,37), 0, 1
(55,40), 0, 1
(55,41), 0, 1
(55,54), 0, 1
(55,59), 0, 1
(55,63), 0, 1
(55,68), 0, 1
(55,81), 0, 1
(55,82), 0, 1
(55,84), 0, 1
(55,87), 0, 1
(55,94), 0, 1
(56,13), 0, 1
(56,15), 0, 1
(56,16), 0, 1
(56,20), 0, 1
(56,31), 0, 1
(56,35), 0, 1
(56,37), 0, 1
(56,41), 0, 1
(56,49), 0, 1
(56,59), 0, 1
(56,63), 0, 1
(56,68), 0, 1
(56,81), 0, 1
(56,82), 0, 1
(56,84), 0, 1
(56,87), 0, 1
(57,12), 0, 1
(57,13), 0, 1
(57,15), 0, 1
(57,31), 0, 1
(57,35), 0, 1
(57,37), 0, 1
(57,41), 0, 1
(57,49), 0, 1
(57,59), 0, 1
(57,63), 0, 1
(57,81), 0, 1
(57,82), 0, 1
(57,84), 0, 1
(57,87), 0, 1
(57,94), 0, 1
(58,0), 0, 1
(58,2), 0, 1
(58,4), 0, 1
(58,5), 0, 1
(58,6), 0, 1
(58,7), 0, 1
(58,9), 0, 1
(58,11), 0, 1
(58,13), 0, 1
(58,14), 0, 1
(58,15), 0, 1
(58,16), 0, 1
(58,17), 0, 1
(58,19), 0, 1
(58,20), 0, 1
(58,23), 0, 1
(58,24), 0, 1
(58,26), 0, 1
(58,28), 0, 1
(58,29), 0, 1
(58,30), 0, 1
(58,31), 0, 1
(58,32), 0, 1
(58,33), 0, 1
(58,34), 0, 1
(58,35), 0, 1
(58,37), 0, 1
(58,38), 0, 1
(58,39), 0, 1
(58,40), 0, 1
(58,41), 0, 1
(58,42), 0, 1
(58,43), 0, 1
(58,44), 0, 1
(58,45), 0, 1
(58,46), 0, 1
(58,47), 0, 1
(58,48), 0, 1
(58,49), 0, 1
(58,50), 0, 1
(58,51), 0, 1
(58,54), 0, 1
(58,56), 0, 1
(58,57), 0, 1
(58,59), 0, 1
(58,60), 0, 1
(58,61), 0, 1
(58,62), 0, 1
(58,63), 0, 1
(58,65), 0, 1
(58,66), 0, 1
(58,67), 0, 1
(58,68), 0, 1
(58,71), 0, 1
(58,73), 0, 1
(58,76), 0, 1
(58,77), 0, 1
(58,79), 0, 1
(58,80), 0, 1
(58,81), 0, 1
(58,82), 0, 1
(58,83), 0, 1
(58,84), 0, 1
(58,85), 0, 1
(58,88), 0, 1
(58,89), 0, 1
(58,90), 0, 1
(58,91), 0, 1
(58,92), 0, 1
(58,93), 0, 1
(58,94), 0, 1
(59,16), 0, 1
(60,13), 0, 1
(60,15), 0, 1
(60,16), 0, 1
(60,20), 0, 1
(60,31), 0, 1
(60,35), 0, 1
(60,41), 0, 1
(60,49), 0, 1
(60,54), 0, 1
(60,58), 0, 1
(60,59), 0, 1
(60,63), 0, 1
(60,68), 0, 1
(60,81), 0, 1
(60,82), 0, 1
(60,84), 0, 1
(60,87), 0, 1
(61,15), 0, 1
(61,16), 0, 1
(61,20), 0, 1
(61,31), 0, 1
(61,35), 0, 1
(61,37), 0, 1
(61,41), 0, 1
(61,49), 0, 1
(61,59), 0, 1
(61,63), 0, 1
(61,68), 0, 1
(61,81), 0, 1
(61,82), 0, 1
(61,84), 0, 1
(61,87), 0, 1
(61,94), 0, 1
(62,13), 0, 1
(62,15), 0, 1
(62,16), 0, 1
(62,20), 0, 1
(62,31), 0, 1
(62,35), 0, 1
(62,40), 0, 1
(62,41), 0, 1
(62,49), 0, 1
(62,54), 0, 1
(62,59), 0, 1
(62,63), 0, 1
(62,68), 0, 1
(62,81), 0, 1
(62,82), 0, 1
(62,84), 0, 1
(62,87), 0, 1
(62,94), 0, 1
(63,9), 0, 1
(63,11), 0, 1
(63,14), 0, 1
(63,16), 0, 1
(63,19), 0, 1
(63,24), 0, 1
(63,29), 0, 1
(63,32), 0, 1
(63,36), 0, 1
(63,44), 0, 1
(63,66), 0, 1
(63,71), 0, 1
(63,85), 0, 1
(64,13), 0, 1
(64,15), 0, 1
(64,16), 0, 1
(64,20), 0, 1
(64,31), 0, 1
(64,35), 0, 1
(64,37), 0, 1
(64,41), 0, 1
(64,49), 0, 1
(64,54), 0, 1
(64,59), 0, 1
(64,63), 0, 1
(64,68), 0, 1
(64,81), 0, 1
(64,82), 0, 1
(64,84), 0, 1
(64,87), 0, 1
(65,13), 0, 1
(65,15), 0, 1
(65,20), 0, 1
(65,31), 0, 1
(65,35), 0, 1
(65,41), 0, 1
(65,54), 0, 1
(65,63), 0, 1
(65,81), 0, 1
(65,82), 0, 1
(65,84), 0, 1
(65,87), 0, 1
(65,94), 0, 1
(66,13), 0, 1
(66,15), 0, 1
(66,16), 0, 1
(66,31), 0, 1
(66,35), 0, 1
(66,41), 0, 1
(66,49), 0, 1
(66,54), 0, 1
(66,59), 0, 1
(66,63), 0, 1
(66,68), 0, 1
(66,81), 0, 1
(66,82), 0, 1
(66,84), 0, 1
(66,87), 0, 1
(66,94), 0, 1
(67,13), 0, 1
(67,15), 0, 1
(67,20), 0, 1
(67,31), 0, 1
(67,35), 0, 1
(67,37), 0, 1
(67,41), 0, 1
(67,49), 0, 1
(67,54), 0, 1
(67,59), 0, 1
(67,63), 0, 1
(67,68), 0, 1
(67,81), 0, 1
(67,82), 0, 1
(67,87), 0, 1
(68,9), 0, 1
(68,11), 0, 1
(68,14), 0, 1
(68,19), 0, 1
(68,24), 0, 1
(68,29), 0, 1
(68,32), 0, 1
(68,36), 0, 1
(68,44), 0, 1
(68,64), 0, 1
(68,66), 0, 1
(68,71), 0, 1
(68,76), 0, 1
(68,85), 0, 1
(68,88), 0, 1
(69,9), 0, 1
(69,14), 0, 1
(69,16), 0, 1
(69,19), 0, 1
(69,24), 0, 1
(69,29), 0, 1
(69,32), 0, 1
(69,44), 0, 1
(69,64), 0, 1
(69,66), 0, 1
(69,71), 0, 1
(69,76), 0, 1
(69,85), 0, 1
(70,0), 0, 1
(70,1), 0, 1
(70,2), 0, 1
(70,4), 0, 1
(70,5), 0, 1
(70,6), 0, 1
(70,7), 0, 1
(70,9), 0, 1
(70,10), 0, 1
(70,11), 0, 1
(70,13), 0, 1
(70,14), 0, 1
(70,15), 0, 1
(70,17), 0, 1
(70,19), 0, 1
(70,21), 0, 1
(70,22), 0, 1
(70,23), 0, 1
(70,24), 0, 1
(70,26), 0, 1
(70,28), 0, 1
(70,29), 0, 1
(70,30), 0, 1
(70,31), 0, 1
(70,32), 0, 1
(70,33), 0, 1
(70,34), 0, 1
(70,35), 0, 1
(70,37), 0, 1
(70,38), 0, 1
(70,41), 0, 1
(70,42), 0, 1
(70,43), 0, 1
(70,44), 0, 1
(70,45), 0, 1
(70,47), 0, 1
(70,48), 0, 1
(70,49), 0, 1
(70,50), 0, 1
(70,51), 0, 1
(70,54), 0, 1
(70,55), 0, 1
(70,56), 0, 1
(70,57), 0, 1
(70,59), 0, 1
(70,60), 0, 1
(70,61), 0, 1
(70,62), 0, 1
(70,63), 0, 1
(70,65), 0, 1
(70,67), 0, 1
(70,71), 0, 1
(70,72), 0, 1
(70,75), 0, 1
(70,76), 0, 1
(70,77), 0, 1
(70,78), 0, 1
(70,79), 0, 1
(70,80), 0, 1
(70,81), 0, 1
(70,82), 0, 1
(70,83), 0, 1
(70,84), 0, 1
(70,87), 0, 1
(70,88), 0, 1
(70,89), 0, 1
(70,90), 0, 1
(70,91), 0, 1
(70,92), 0, 1
(70,93), 0, 1
(70,94), 0, 1
(71,13), 0, 1
(71,15), 0, 1
(71,16), 0, 1
(71,31), 0, 1
(71,41), 0, 1
(71,49), 0, 1
(71,59), 0, 1
(71,63), 0, 1
(71,68), 0, 1
(71,81), 0, 1
(71,82), 0, 1
(71,84), 0, 1
(71,87), 0, 1
(71,94), 0, 1
(72,1), 0, 1
(72,2), 0, 1
(72,4), 0, 1
(72,5), 0, 1
(72,6), 0, 1
(72,7), 0, 1
(72,9), 0, 1
(72,10), 0, 1
(72,11), 0, 1
(72,13), 0, 1
(72,14), 0, 1
(72,15), 0, 1
(72,16), 0, 1
(72,17), 0, 1
(72,18), 0, 1
(72,20), 0, 1
(72,21), 0, 1
(72,23), 0, 1
(72,24), 0, 1
(72,26), 0, 1
(72,28), 0, 1
(72,29), 0, 1
(72,30), 0, 1
(72,31), 0, 1
(72,32), 0, 1
(72,33), 0, 1
(72,34), 0, 1
(72,35), 0, 1
(72,36), 0, 1
(72,38), 0, 1
(72,41), 0, 1
(72,42), 0, 1
(72,43), 0, 1
(72,44), 0, 1
(72,45), 0, 1
(72,48), 0, 1
(72,50), 0, 1
(72,51), 0, 1
(72,54), 0, 1
(72,55), 0, 1
(72,56), 0, 1
(72,57), 0, 1
(72,59), 0, 1
(72,60), 0, 1
(72,61), 0, 1
(72,62), 0, 1
(72,63), 0, 1
(72,64), 0, 1
(72,65), 0, 1
(72,66), 0, 1
(72,67), 0, 1
(72,68), 0, 1
(72,71), 0, 1
(72,74), 0, 1
(72,77), 0, 1
(72,80), 0, 1
(72,81), 0, 1
(72,82), 0, 1
(72,83), 0, 1
(72,85), 0, 1
(72,88), 0, 1
(72,89), 0, 1
(72,90), 0, 1
(72,91), 0, 1
(72,92), 0, 1
(72,94), 0, 1
(73,15), 0, 1
(73,16), 0, 1
(73,20), 0, 1
(73,31), 0, 1
(73,35), 0, 1
(73,37), 0, 1
(73,41), 0, 1
(73,49), 0, 1
(73,54), 0, 1
(73,59), 0, 1
(73,63), 0, 1
(73,81), 0, 1
(73,82), 0, 1
(73,84), 0, 1
(73,94), 0, 1
(74,13), 0, 1
(74,15), 0, 1
(74,16), 0, 1
(74,20), 0, 1
(74,31), 0, 1
(74,35), 0, 1
(74,41), 0, 1
(74,49), 0, 1
(74,54), 0, 1
(74,58), 0, 1
(74,59), 0, 1
(74,63), 0, 1
(74,68), 0, 1
(74,81), 0, 1
(74,82), 0, 1
(74,87), 0, 1
(74,94), 0, 1
(75,0), 0, 1
(75,1), 0, 1
(75,2), 0, 1
(75,3), 0, 1
(75,4), 0, 1
(75,5), 0, 1
(75,6), 0, 1
(75,7), 0, 1
(75,8), 0, 1
(75,9), 0, 1
(75,10), 0, 1
(75,11), 0, 1
(75,13), 0, 1
(75,14), 0, 1
(75,15), 0, 1
(75,16), 0, 1
(75,17), 0, 1
(75,18), 0, 1
(75,19), 0, 1
(75,21), 0, 1
(75,22), 0, 1
(75,23), 0, 1
(75,24), 0, 1
(75,26), 0, 1
(75,27), 0, 1
(75,28), 0, 1
(75,29), 0, 1
(75,30), 0, 1
(75,32), 0, 1
(75,33), 0, 1
(75,34), 0, 1
(75,35), 0, 1
(75,37), 0, 1
(75,38), 0, 1
(75,41), 0, 1
(75,42), 0, 1
(75,43), 0, 1
(75,44), 0, 1
(75,45), 0, 1
(75,46), 0, 1
(75,47), 0, 1
(75,48), 0, 1
(75,49), 0, 1
(75,50), 0, 1
(75,51), 0, 1
(75,54), 0, 1
(75,55), 0, 1
(75,56), 0, 1
(75,57), 0, 1
(75,59), 0, 1
(75,60), 0, 1
(75,61), 0, 1
(75,62), 0, 1
(75,63), 0, 1
(75,64), 0, 1
(75,65), 0, 1
(75,66), 0, 1
(75,67), 0, 1
(75,68), 0, 1
(75,71), 0, 1
(75,74), 0, 1
(75,76), 0, 1
(75,77), 0, 1
(75,79), 0, 1
(75,80), 0, 1
(75,81), 0, 1
(75,82), 0, 1
(75,83), 0, 1
(75,84), 0, 1
(75,85), 0, 1
(75,87), 0, 1
(75,88), 0, 1
(75,89), 0, 1
(75,90), 0, 1
(75,91), 0, 1
(75,92), 0, 1
(75,93), 0, 1
(77,13), 0, 1
(77,15), 0, 1
(77,16), 0, 1
(77,20), 0, 1
(77,31), 0, 1
(77,35), 0, 1
(77,41), 0, 1
(77,49), 0, 1
(77,54), 0, 1
(77,59), 0, 1
(77,63), 0, 1
(77,68), 0, 1
(77,82), 0, 1
(77,84), 0, 1
(77,87), 0, 1
(77,94), 0, 1
(78,0), 0, 1
(78,2), 0, 1
(78,4), 0, 1
(78,5), 0, 1
(78,6), 0, 1
(78,8), 0, 1
(78,9), 0, 1
(78,10), 0, 1
(78,13), 0, 1
(78,14), 0, 1
(78,15), 0, 1
(78,17), 0, 1
(78,18), 0, 1
(78,19), 0, 1
(78,20), 0, 1
(78,21), 0, 1
(78,22), 0, 1
(78,26), 0, 1
(78,28), 0, 1
(78,29), 0, 1
(78,30), 0, 1
(78,31), 0, 1
(78,32), 0, 1
(78,33), 0, 1
(78,34), 0, 1
(78,35), 0, 1
(78,38), 0, 1
(78,39), 0, 1
(78,41), 0, 1
(78,42), 0, 1
(78,44), 0, 1
(78,45), 0, 1
(78,46), 0, 1
(78,47), 0, 1
(78,48), 0, 1
(78,49), 0, 1
(78,50), 0, 1
(78,51), 0, 1
(78,55), 0, 1
(78,56), 0, 1
(78,57), 0, 1
(78,59), 0, 1
(78,60), 0, 1
(78,61), 0, 1
(78,62), 0, 1
(78,63), 0, 1
(78,64), 0, 1
(78,65), 0, 1
(78,66), 0, 1
(78,67), 0, 1
(78,71), 0, 1
(78,72), 0, 1
(78,74), 0, 1
(78,76), 0, 1
(78,77), 0, 1
(78,80), 0, 1
(78,81), 0, 1
(78,82), 0, 1
(78,84), 0, 1
(78,85), 0, 1
(78,86), 0, 1
(78,87), 0, 1
(78,88), 0, 1
(78,89), 0, 1
(78,90), 0, 1
(78,91), 0, 1
(78,92), 0, 1
(78,94), 0, 1
(79,1), 0, 1
(79,2), 0, 1
(79,4), 0, 1
(79,5), 0, 1
(79,6), 0, 1
(79,7), 0, 1
(79,9), 0, 1
(79,10), 0, 1
(79,11), 0, 1
(79,13), 0, 1
(79,14), 0, 1
(79,15), 0, 1
(79,17), 0, 1
(79,18), 0, 1
(79,19), 0, 1
(79,21), 0, 1
(79,22), 0, 1
(79,26), 0, 1
(79,28), 0, 1
(79,29), 0, 1
(79,30), 0, 1
(79,31), 0, 1
(79,32), 0, 1
(79,33), 0, 1
(79,34), 0, 1
(79,35), 0, 1
(79,37), 0, 1
(79,38), 0, 1
(79,39), 0, 1
(79,41), 0, 1
(79,43), 0, 1
(79,44), 0, 1
(79,45), 0, 1
(79,47), 0, 1
(79,48), 0, 1
(79,49), 0, 1
(79,50), 0, 1
(79,51), 0, 1
(79,54), 0, 1
(79,56), 0, 1
(79,57), 0, 1
(79,59), 0, 1
(79,60), 0, 1
(79,61), 0, 1
(79,62), 0, 1
(79,63), 0, 1
(79,64), 0, 1
(79,65), 0, 1
(79,66), 0, 1
(79,67), 0, 1
(79,68), 0, 1
(79,71), 0, 1
(79,72), 0, 1
(79,73), 0, 1
(79,74), 0, 1
(79,75), 0, 1
(79,76), 0, 1
(79,77), 0, 1
(79,78), 0, 1
(79,80), 0, 1
(79,81), 0, 1
(79,82), 0, 1
(79,83), 0, 1
(79,84), 0, 1
(79,85), 0, 1
(79,87), 0, 1
(79,88), 0, 1
(79,89), 0, 1
(79,90), 0, 1
(79,91), 0, 1
(79,92), 0, 1
(79,93), 0, 1
(79,94), 0, 1
(80,13), 0, 1
(80,15), 0, 1
(80,20), 0, 1
(80,31), 0, 1
(80,35), 0, 1
(80,37), 0, 1
(80,41), 0, 1
(80,54), 0, 1
(80,59), 0, 1
(80,63), 0, 1
(80,69), 0, 1
(80,81), 0, 1
(80,82), 0, 1
(80,84), 0, 1
(80,87), 0, 1
(81,13), 0, 1
(81,15), 0, 1
(81,16), 0, 1
(81,20), 0, 1
(81,31), 0, 1
(81,35), 0, 1
(81,41), 0, 1
(81,49), 0, 1
(81,54), 0, 1
(81,59), 0, 1
(81,63), 0, 1
(81,68), 0, 1
(81,82), 0, 1
(81,84), 0, 1
(81,87), 0, 1
(82,0), 0, 1
(82,2), 0, 1
(82,4), 0, 1
(82,5), 0, 1
(82,6), 0, 1
(82,7), 0, 1
(82,8), 0, 1
(82,9), 0, 1
(82,10), 0, 1
(82,11), 0, 1
(82,13), 0, 1
(82,14), 0, 1
(82,15), 0, 1
(82,16), 0, 1
(82,17), 0, 1
(82,20), 0, 1
(82,21), 0, 1
(82,22), 0, 1
(82,23), 0, 1
(82,24), 0, 1
(82,26), 0, 1
(82,27), 0, 1
(82,28), 0, 1
(82,29), 0, 1
(82,30), 0, 1
(82,31), 0, 1
(82,32), 0, 1
(82,33), 0, 1
(82,34), 0, 1
(82,35), 0, 1
(82,36), 0, 1
(82,37), 0, 1
(82,38), 0, 1
(82,41), 0, 1
(82,42), 0, 1
(82,44), 0, 1
(82,45), 0, 1
(82,46), 0, 1
(82,47), 0, 1
(82,48), 0, 1
(82,49), 0, 1
(82,50), 0, 1
(82,51), 0, 1
(82,54), 0, 1
(82,55), 0, 1
(82,56), 0, 1
(82,57), 0, 1
(82,60), 0, 1
(82,61), 0, 1
(82,62), 0, 1
(82,63), 0, 1
(82,64), 0, 1
(82,65), 0, 1
(82,66), 0, 1
(82,67), 0, 1
(82,68), 0, 1
(82,70), 0, 1
(82,71), 0, 1
(82,74), 0, 1
(82,76), 0, 1
(82,77), 0, 1
(82,79), 0, 1
(82,80), 0, 1
(82,81), 0, 1
(82,83), 0, 1
(82,84), 0, 1
(82,85), 0, 1
(82,87), 0, 1
(82,88), 0, 1
(82,90), 0, 1
(82,91), 0, 1
(82,92), 0, 1
(82,93), 0, 1
(82,94), 0, 1
(83,13), 0, 1
(83,15), 0, 1
(83,20), 0, 1
(83,31), 0, 1
(83,35), 0, 1
(83,41), 0, 1
(83,49), 0, 1
(83,54), 0, 1
(83,59), 0, 1
(83,63), 0, 1
(83,68), 0, 1
(83,81), 0, 1
(83,82), 0, 1
(83,84), 0, 1
(83,87), 0, 1
(84,9), 0, 1
(84,11), 0, 1
(84,14), 0, 1
(84,16), 0, 1
(84,19), 0, 1
(84,24), 0, 1
(84,32), 0, 1
(84,44), 0, 1
(84,58), 0, 1
(84,66), 0, 1
(84,71), 0, 1
(84,76), 0, 1
(84,85), 0, 1
(84,88), 0, 1
(85,1), 0, 1
(85,2), 0, 1
(85,4), 0, 1
(85,5), 0, 1
(85,6), 0, 1
(85,7), 0, 1
(85,8), 0, 1
(85,9), 0, 1
(85,10), 0, 1
(85,11), 0, 1
(85,13), 0, 1
(85,14), 0, 1
(85,15), 0, 1
(85,16), 0, 1
(85,17), 0, 1
(85,19), 0, 1
(85,20), 0, 1
(85,21), 0, 1
(85,22), 0, 1
(85,24), 0, 1
(85,25), 0, 1
(85,26), 0, 1
(85,28), 0, 1
(85,29), 0, 1
(85,30), 0, 1
(85,31), 0, 1
(85,32), 0, 1
(85,33), 0, 1
(85,34), 0, 1
(85,35), 0, 1
(85,38), 0, 1
(85,41), 0, 1
(85,42), 0, 1
(85,43), 0, 1
(85,44), 0, 1
(85,45), 0, 1
(85,46), 0, 1
(85,47), 0, 1
(85,48), 0, 1
(85,49), 0, 1
(85,50), 0, 1
(85,51), 0, 1
(85,54), 0, 1
(85,55), 0, 1
(85,56), 0, 1
(85,57), 0, 1
(85,59), 0, 1
(85,60), 0, 1
(85,61), 0, 1
(85,62), 0, 1
(85,63), 0, 1
(85,64), 0, 1
(85,66), 0, 1
(85,67), 0, 1
(85,68), 0, 1
(85,70), 0, 1
(85,71), 0, 1
(85,72), 0, 1
(85,74), 0, 1
(85,76), 0, 1
(85,77), 0, 1
(85,81), 0, 1
(85,82), 0, 1
(85,83), 0, 1
(85,84), 0, 1
(85,87), 0, 1
(85,88), 0, 1
(85,89), 0, 1
(85,90), 0, 1
(85,92), 0, 1
(85,94), 0, 1
(86,13), 0, 1
(86,15), 0, 1
(86,20), 0, 1
(86,31), 0, 1
(86,35), 0, 1
(86,37), 0, 1
(86,41), 0, 1
(86,49), 0, 1
(86,54), 0, 1
(86,59), 0, 1
(86,63), 0, 1
(86,81), 0, 1
(86,82), 0, 1
(86,84), 0, 1
(86,87), 0, 1
(86,94), 0, 1
(87,1), 0, 1
(87,2), 0, 1
(87,4), 0, 1
(87,5), 0, 1
(87,6), 0, 1
(87,7), 0, 1
(87,8), 0, 1
(87,10), 0, 1
(87,11), 0, 1
(87,13), 0, 1
(87,14), 0, 1
(87,15), 0, 1
(87,16), 0, 1
(87,17), 0, 1
(87,18), 0, 1
(87,20), 0, 1
(87,23), 0, 1
(87,24), 0, 1
(87,26), 0, 1
(87,28), 0, 1
(87,30), 0, 1
(87,31), 0, 1
(87,32), 0, 1
(87,33), 0, 1
(87,34), 0, 1
(87,35), 0, 1
(87,37), 0, 1
(87,38), 0, 1
(87,39), 0, 1
(87,41), 0, 1
(87,42), 0, 1
(87,45), 0, 1
(87,46), 0, 1
(87,48), 0, 1
(87,49), 0, 1
(87,50), 0, 1
(87,51), 0, 1
(87,54), 0, 1
(87,55), 0, 1
(87,56), 0, 1
(87,59), 0, 1
(87,61), 0, 1
(87,62), 0, 1
(87,65), 0, 1
(87,66), 0, 1
(87,67), 0, 1
(87,68), 0, 1
(87,69), 0, 1
(87,70), 0, 1
(87,71), 0, 1
(87,72), 0, 1
(87,74), 0, 1
(87,76), 0, 1
(87,77), 0, 1
(87,80), 0, 1
(87,82), 0, 1
(87,83), 0, 1
(87,84), 0, 1
(87,85), 0, 1
(87,89), 0, 1
(87,90), 0, 1
(87,91), 0, 1
(87,92), 0, 1
(87,93), 0, 1
(87,94), 0, 1
(88,9), 0, 1
(88,11), 0, 1
(88,14), 0, 1
(88,16), 0, 1
(88,19), 0, 1
(88,24), 0, 1
(88,29), 0, 1
(88,32), 0, 1
(88,44), 0, 1
(88,64), 0, 1
(88,66), 0, 1
(88,71), 0, 1
(88,85), 0, 1
(89,13), 0, 1
(89,15), 0, 1
(89,16), 0, 1
(89,20), 0, 1
(89,31), 0, 1
(89,35), 0, 1
(89,37), 0, 1
(89,41), 0, 1
(89,49), 0, 1
(89,54), 0, 1
(89,63), 0, 1
(89,68), 0, 1
(89,81), 0, 1
(89,82), 0, 1
(89,84), 0, 1
(89,87), 0, 1
(90,13), 0, 1
(90,15), 0, 1
(90,16), 0, 1
(90,31), 0, 1
(90,35), 0, 1
(90,37), 0, 1
(90,41), 0, 1
(90,49), 0, 1
(90,54), 0, 1
(90,58), 0, 1
(90,59), 0, 1
(90,68), 0, 1
(90,81), 0, 1
(90,82), 0, 1
(90,84), 0, 1
(90,87), 0, 1
(91,9), 0, 1
(91,11), 0, 1
(91,14), 0, 1
(91,19), 0, 1
(91,24), 0, 1
(91,29), 0, 1
(91,32), 0, 1
(91,44), 0, 1
(91,52), 0, 1
(91,58), 0, 1
(91,64), 0, 1
(91,71), 0, 1
(91,76), 0, 1
(91,85), 0, 1
(91,86), 0, 1
(91,88), 0, 1
(92,9), 0, 1
(92,11), 0, 1
(92,14), 0, 1
(92,16), 0, 1
(92,29), 0, 1
(92,32), 0, 1
(92,64), 0, 1
(92,66), 0, 1
(92,71), 0, 1
(92,85), 0, 1
(92,88), 0, 1
(93,13), 0, 1
(93,15), 0, 1
(93,20), 0, 1
(93,37), 0, 1
(93,41), 0, 1
(93,49), 0, 1
(93,54), 0, 1
(93,63), 0, 1
(93,68), 0, 1
(93,81), 0, 1
(93,82), 0, 1
(93,84), 0, 1
(93,87), 0, 1
(93,94), 0, 1
(94,13), 0, 1
(94,15), 0, 1
(94,16), 0, 1
(94,31), 0, 1
(94,35), 0, 1
(94,37), 0, 1
(94,41), 0, 1
(94,49), 0, 1
(94,54), 0, 1
(94,59), 0, 1
(94,63), 0, 1
(94,81), 0, 1
(94,82), 0, 1
(94,84), 0, 1
(95,13), 0, 1
(95,15), 0, 1
(95,16), 0, 1
(95,31), 0, 1
(95,35), 0, 1
(95,37), 0, 1
(95,41), 0, 1
(95,49), 0, 1
(95,54), 0, 1
(95,59), 0, 1
(95,63), 0, 1
(95,81), 0, 1
(95,82), 0, 1
(95,84), 0, 1
(95,87), 0, 1
(95,94), 0, 1
(96,1), 0, 1
(96,2), 0, 1
(96,4), 0, 1
(96,5), 0, 1
(96,6), 0, 1
(96,7), 0, 1
(96,9), 0, 1
(96,10), 0, 1
(96,11), 0, 1
(96,12), 0, 1
(96,13), 0, 1
(96,14), 0, 1
(96,15), 0, 1
(96,16), 0, 1
(96,17), 0, 1
(96,19), 0, 1
(96,20), 0, 1
(96,21), 0, 1
(96,22), 0, 1
(96,23), 0, 1
(96,24), 0, 1
(96,26), 0, 1
(96,27), 0, 1
(96,28), 0, 1
(96,29), 0, 1
(96,30), 0, 1
(96,31), 0, 1
(96,32), 0, 1
(96,33), 0, 1
(96,34), 0, 1
(96,35), 0, 1
(96,36), 0, 1
(96,38), 0, 1
(96,41), 0, 1
(96,42), 0, 1
(96,43), 0, 1
(96,44), 0, 1
(96,45), 0, 1
(96,46), 0, 1
(96,47), 0, 1
(96,48), 0, 1
(96,49), 0, 1
(96,50), 0, 1
(96,51), 0, 1
(96,54), 0, 1
(96,55), 0, 1
(96,57), 0, 1
(96,59), 0, 1
(96,60), 0, 1
(96,61), 0, 1
(96,62), 0, 1
(96,63), 0, 1
(96,66), 0, 1
(96,67), 0, 1
(96,68), 0, 1
(96,71), 0, 1
(96,72), 0, 1
(96,73), 0, 1
(96,74), 0, 1
(96,76), 0, 1
(96,77), 0, 1
(96,79), 0, 1
(96,80), 0, 1
(96,81), 0, 1
(96,82), 0, 1
(96,83), 0, 1
(96,84), 0, 1
(96,85), 0, 1
(96,87), 0, 1
(96,88), 0, 1
(96,89), 0, 1
(96,90), 0, 1
(96,91), 0, 1
(96,92), 0, 1
(96,94), 0, 1
(97,2), 0, 1
(97,4), 0, 1
(97,5), 0, 1
(97,6), 0, 1
(97,7), 0, 1
(97,8), 0, 1
(97,11), 0, 1
(97,13), 0, 1
(97,14), 0, 1
(97,15), 0, 1
(97,16), 0, 1
(97,17), 0, 1
(97,19), 0, 1
(97,20), 0, 1
(97,23), 0, 1
(97,24), 0, 1
(97,25), 0, 1
(97,26), 0, 1
(97,28), 0, 1
(97,29), 0, 1
(97,30), 0, 1
(97,31), 0, 1
(97,32), 0, 1
(97,33), 0, 1
(97,34), 0, 1
(97,35), 0, 1
(97,37), 0, 1
(97,38), 0, 1
(97,41), 0, 1
(97,42), 0, 1
(97,43), 0, 1
(97,44), 0, 1
(97,45), 0, 1
(97,49), 0, 1
(97,50), 0, 1
(97,51), 0, 1
(97,54), 0, 1
(97,55), 0, 1
(97,56), 0, 1
(97,57), 0, 1
(97,59), 0, 1
(97,60), 0, 1
(97,61), 0, 1
(97,62), 0, 1
(97,63), 0, 1
(97,64), 0, 1
(97,65), 0, 1
(97,66), 0, 1
(97,67), 0, 1
(97,71), 0, 1
(97,73), 0, 1
(97,74), 0, 1
(97,76), 0, 1
(97,77), 0, 1
(97,80), 0, 1
(97,81), 0, 1
(97,82), 0, 1
(97,83), 0, 1
(97,84), 0, 1
(97,85), 0, 1
(97,87), 0, 1
(97,88), 0, 1
(97,89), 0, 1
(97,90), 0, 1
(97,91), 0, 1
(97,92), 0, 1
(97,93), 0, 1
(97,94), 0, 1
(98,13), 0, 1
(98,15), 0, 1
(98,20), 0, 1
(98,31), 0, 1
(98,35), 0, 1
(98,41), 0, 1
(98,49), 0, 1
(98,54), 0, 1
(98,58), 0, 1
(98,59), 0, 1
(98,63), 0, 1
(98,68), 0, 1
(98,81), 0, 1
(98,82), 0, 1
(98,84), 0, 1
(98,87), 0, 1
(98,94), 0, 1
(99,1), 0, 1
(99,2), 0, 1
(99,4), 0, 1
(99,5), 0, 1
(99,6), 0, 1
(99,7), 0, 1
(99,8), 0, 1
(99,9), 0, 1
(99,10), 0, 1
(99,11), 0, 1
(99,13), 0, 1
(99,14), 0, 1
(99,15), 0, 1
(99,16), 0, 1
(99,18), 0, 1
(99,19), 0, 1
(99,20), 0, 1
(99,21), 0, 1
(99,23), 0, 1
(99,24), 0, 1
(99,26), 0, 1
(99,29), 0, 1
(99,30), 0, 1
(99,31), 0, 1
(99,32), 0, 1
(99,33), 0, 1
(99,34), 0, 1
(99,35), 0, 1
(99,37), 0, 1
(99,38), 0, 1
(99,39), 0, 1
(99,41), 0, 1
(99,42), 0, 1
(99,43), 0, 1
(99,44), 0, 1
(99,45), 0, 1
(99,46), 0, 1
(99,47), 0, 1
(99,48), 0, 1
(99,49), 0, 1
(99,50), 0, 1
(99,51), 0, 1
(99,54), 0, 1
(99,55), 0, 1
(99,56), 0, 1
(99,57), 0, 1
(99,59), 0, 1
(99,60), 0, 1
(99,61), 0, 1
(99,62), 0, 1
(99,63), 0, 1
(99,64), 0, 1
(99,65), 0, 1
(99,66), 0, 1
(99,67), 0, 1
(99,68), 0, 1
(99,71), 0, 1
(99,73), 0, 1
(99,74), 0, 1
(99,77), 0, 1
(99,79), 0, 1
(99,80), 0, 1
(99,81), 0, 1
(99,82), 0, 1
(99,84), 0, 1
(99,85), 0, 1
(99,87), 0, 1
(99,89), 0, 1
(99,90), 0, 1
(99,91), 0, 1
(99,92), 0, 1
