Nr_Pairs = 97
Nr_NDD = 3
Nr_Arcs = 2562
0	0.90
1	0.5
2	0.5
3	0.10
4	0.10
5	0.90
6	0.92
7	0.28
8	0.5
9	0.5
10	0.10
11	0.28
12	0.10
13	0.90
14	0.5
15	0.28
16	0.90
17	0.5
18	0.5
19	0.90
20	0.90
21	0.5
22	0.5
23	0.5
24	0.5
25	0.5
26	0.28
27	0.5
28	0.32
29	0.10
30	0.10
31	0.5
32	0.28
33	0.28
34	0.28
35	0.10
36	0.32
37	0.32
38	0.5
39	0.32
40	0.5
41	0.28
42	0.10
43	0.90
44	0.5
45	0.5
46	0.5
47	0.92
48	0.5
49	0.90
50	0.28
51	0.5
52	0.5
53	0.5
54	0.5
55	0.5
56	0.28
57	0.28
58	0.28
59	0.28
60	0.28
61	0.5
62	0.5
63	0.5
64	0.90
65	0.5
66	0.5
67	0.5
68	0.5
69	0.5
70	0.5
71	0.5
72	0.5
73	0.5
74	0.5
75	0.5
76	0.5
77	0.5
78	0.10
79	0.28
80	0.5
81	0.5
82	0.90
83	0.5
84	0.28
85	0.92
86	0.10
87	0.5
88	0.5
89	0.5
90	0.5
91	0.90
92	0.32
93	0.5
94	0.32
95	0.5
96	0.92
97	0.0
98	0.0
99	0.0
(1,3), 0, 1
(1,15), 0, 1
(1,26), 0, 1
(1,27), 0, 1
(1,37), 0, 1
(1,39), 0, 1
(1,45), 0, 1
(1,50), 0, 1
(1,53), 0, 1
(1,69), 0, 1
(1,71), 0, 1
(1,75), 0, 1
(1,77), 0, 1
(1,78), 0, 1
(1,79), 0, 1
(1,83), 0, 1
(1,86), 0, 1
(1,89), 0, 1
(1,90), 0, 1
(1,92), 0, 1
(3,6), 0, 1
(3,26), 0, 1
(3,27), 0, 1
(3,37), 0, 1
(3,45), 0, 1
(3,50), 0, 1
(3,53), 0, 1
(3,69), 0, 1
(3,71), 0, 1
(3,75), 0, 1
(3,77), 0, 1
(3,78), 0, 1
(3,83), 0, 1
(3,86), 0, 1
(3,89), 0, 1
(3,92), 0, 1
(3,94), 0, 1
(4,3), 0, 1
(4,13), 0, 1
(4,15), 0, 1
(4,26), 0, 1
(4,27), 0, 1
(4,37), 0, 1
(4,45), 0, 1
(4,53), 0, 1
(4,69), 0, 1
(4,71), 0, 1
(4,75), 0, 1
(4,77), 0, 1
(4,78), 0, 1
(4,79), 0, 1
(4,82), 0, 1
(4,83), 0, 1
(4,86), 0, 1
(4,89), 0, 1
(4,90), 0, 1
(4,92), 0, 1
(5,1), 0, 1
(5,2), 0, 1
(5,3), 0, 1
(5,4), 0, 1
(5,7), 0, 1
(5,8), 0, 1
(5,9), 0, 1
(5,10), 0, 1
(5,11), 0, 1
(5,12), 0, 1
(5,15), 0, 1
(5,17), 0, 1
(5,18), 0, 1
(5,20), 0, 1
(5,21), 0, 1
(5,22), 0, 1
(5,23), 0, 1
(5,24), 0, 1
(5,25), 0, 1
(5,26), 0, 1
(5,27), 0, 1
(5,28), 0, 1
(5,29), 0, 1
(5,30), 0, 1
(5,31), 0, 1
(5,33), 0, 1
(5,34), 0, 1
(5,35), 0, 1
(5,36), 0, 1
(5,37), 0, 1
(5,38), 0, 1
(5,39), 0, 1
(5,40), 0, 1
(5,41), 0, 1
(5,42), 0, 1
(5,44), 0, 1
(5,45), 0, 1
(5,46), 0, 1
(5,48), 0, 1
(5,49), 0, 1
(5,50), 0, 1
(5,51), 0, 1
(5,53), 0, 1
(5,54), 0, 1
(5,55), 0, 1
(5,56), 0, 1
(5,57), 0, 1
(5,59), 0, 1
(5,60), 0, 1
(5,61), 0, 1
(5,62), 0, 1
(5,63), 0, 1
(5,65), 0, 1
(5,66), 0, 1
(5,67), 0, 1
(5,68), 0, 1
(5,69), 0, 1
(5,70), 0, 1
(5,71), 0, 1
(5,72), 0, 1
(5,73), 0, 1
(5,74), 0, 1
(5,75), 0, 1
(5,76), 0, 1
(5,77), 0, 1
(5,78), 0, 1
(5,79), 0, 1
(5,80), 0, 1
(5,81), 0, 1
(5,83), 0, 1
(5,86), 0, 1
(5,87), 0, 1
(5,89), 0, 1
(5,90), 0, 1
(5,93), 0, 1
(5,95), 0, 1
(6,3), 0, 1
(6,27), 0, 1
(6,37), 0, 1
(6,45), 0, 1
(6,50), 0, 1
(6,53), 0, 1
(6,69), 0, 1
(6,71), 0, 1
(6,75), 0, 1
(6,77), 0, 1
(6,78), 0, 1
(6,79), 0, 1
(6,83), 0, 1
(6,86), 0, 1
(6,89), 0, 1
(6,90), 0, 1
(6,92), 0, 1
(6,94), 0, 1
(7,1), 0, 1
(7,2), 0, 1
(7,3), 0, 1
(7,4), 0, 1
(7,8), 0, 1
(7,9), 0, 1
(7,12), 0, 1
(7,14), 0, 1
(7,15), 0, 1
(7,17), 0, 1
(7,18), 0, 1
(7,21), 0, 1
(7,22), 0, 1
(7,23), 0, 1
(7,24), 0, 1
(7,27), 0, 1
(7,28), 0, 1
(7,29), 0, 1
(7,30), 0, 1
(7,31), 0, 1
(7,32), 0, 1
(7,33), 0, 1
(7,34), 0, 1
(7,35), 0, 1
(7,36), 0, 1
(7,38), 0, 1
(7,39), 0, 1
(7,40), 0, 1
(7,41), 0, 1
(7,42), 0, 1
(7,44), 0, 1
(7,46), 0, 1
(7,47), 0, 1
(7,48), 0, 1
(7,51), 0, 1
(7,52), 0, 1
(7,53), 0, 1
(7,54), 0, 1
(7,55), 0, 1
(7,56), 0, 1
(7,57), 0, 1
(7,59), 0, 1
(7,60), 0, 1
(7,61), 0, 1
(7,63), 0, 1
(7,65), 0, 1
(7,66), 0, 1
(7,67), 0, 1
(7,68), 0, 1
(7,69), 0, 1
(7,70), 0, 1
(7,71), 0, 1
(7,72), 0, 1
(7,73), 0, 1
(7,74), 0, 1
(7,75), 0, 1
(7,76), 0, 1
(7,78), 0, 1
(7,79), 0, 1
(7,80), 0, 1
(7,81), 0, 1
(7,83), 0, 1
(7,86), 0, 1
(7,87), 0, 1
(7,88), 0, 1
(7,89), 0, 1
(7,92), 0, 1
(7,93), 0, 1
(7,95), 0, 1
(8,9), 0, 1
(8,13), 0, 1
(8,17), 0, 1
(8,22), 0, 1
(8,30), 0, 1
(8,38), 0, 1
(8,52), 0, 1
(8,55), 0, 1
(8,60), 0, 1
(8,72), 0, 1
(8,73), 0, 1
(9,3), 0, 1
(9,15), 0, 1
(9,26), 0, 1
(9,27), 0, 1
(9,37), 0, 1
(9,39), 0, 1
(9,45), 0, 1
(9,50), 0, 1
(9,53), 0, 1
(9,69), 0, 1
(9,71), 0, 1
(9,75), 0, 1
(9,77), 0, 1
(9,78), 0, 1
(9,79), 0, 1
(9,82), 0, 1
(9,83), 0, 1
(9,86), 0, 1
(9,89), 0, 1
(9,90), 0, 1
(9,94), 0, 1
(10,3), 0, 1
(10,26), 0, 1
(10,27), 0, 1
(10,37), 0, 1
(10,39), 0, 1
(10,45), 0, 1
(10,50), 0, 1
(10,53), 0, 1
(10,69), 0, 1
(10,71), 0, 1
(10,75), 0, 1
(10,77), 0, 1
(10,78), 0, 1
(10,79), 0, 1
(10,83), 0, 1
(10,86), 0, 1
(10,89), 0, 1
(10,90), 0, 1
(10,92), 0, 1
(10,94), 0, 1
(11,9), 0, 1
(11,17), 0, 1
(11,22), 0, 1
(11,30), 0, 1
(11,38), 0, 1
(11,52), 0, 1
(11,55), 0, 1
(11,72), 0, 1
(11,73), 0, 1
(12,3), 0, 1
(12,15), 0, 1
(12,26), 0, 1
(12,27), 0, 1
(12,37), 0, 1
(12,45), 0, 1
(12,53), 0, 1
(12,64), 0, 1
(12,69), 0, 1
(12,71), 0, 1
(12,75), 0, 1
(12,77), 0, 1
(12,78), 0, 1
(12,82), 0, 1
(12,83), 0, 1
(12,86), 0, 1
(12,89), 0, 1
(12,90), 0, 1
(12,94), 0, 1
(13,1), 0, 1
(13,2), 0, 1
(13,3), 0, 1
(13,4), 0, 1
(13,5), 0, 1
(13,8), 0, 1
(13,9), 0, 1
(13,10), 0, 1
(13,11), 0, 1
(13,12), 0, 1
(13,14), 0, 1
(13,17), 0, 1
(13,18), 0, 1
(13,21), 0, 1
(13,22), 0, 1
(13,23), 0, 1
(13,24), 0, 1
(13,25), 0, 1
(13,26), 0, 1
(13,28), 0, 1
(13,29), 0, 1
(13,30), 0, 1
(13,31), 0, 1
(13,32), 0, 1
(13,35), 0, 1
(13,38), 0, 1
(13,39), 0, 1
(13,40), 0, 1
(13,42), 0, 1
(13,44), 0, 1
(13,45), 0, 1
(13,46), 0, 1
(13,48), 0, 1
(13,49), 0, 1
(13,50), 0, 1
(13,51), 0, 1
(13,52), 0, 1
(13,54), 0, 1
(13,55), 0, 1
(13,56), 0, 1
(13,57), 0, 1
(13,59), 0, 1
(13,60), 0, 1
(13,61), 0, 1
(13,62), 0, 1
(13,63), 0, 1
(13,65), 0, 1
(13,66), 0, 1
(13,67), 0, 1
(13,68), 0, 1
(13,69), 0, 1
(13,70), 0, 1
(13,71), 0, 1
(13,72), 0, 1
(13,74), 0, 1
(13,75), 0, 1
(13,76), 0, 1
(13,77), 0, 1
(13,78), 0, 1
(13,80), 0, 1
(13,81), 0, 1
(13,82), 0, 1
(13,83), 0, 1
(13,84), 0, 1
(13,86), 0, 1
(13,87), 0, 1
(13,88), 0, 1
(13,90), 0, 1
(13,94), 0, 1
(13,95), 0, 1
(14,3), 0, 1
(14,15), 0, 1
(14,27), 0, 1
(14,39), 0, 1
(14,45), 0, 1
(14,50), 0, 1
(14,53), 0, 1
(14,69), 0, 1
(14,71), 0, 1
(14,75), 0, 1
(14,77), 0, 1
(14,78), 0, 1
(14,83), 0, 1
(14,86), 0, 1
(14,89), 0, 1
(14,90), 0, 1
(14,92), 0, 1
(15,9), 0, 1
(15,17), 0, 1
(15,22), 0, 1
(15,30), 0, 1
(15,38), 0, 1
(15,52), 0, 1
(15,55), 0, 1
(15,60), 0, 1
(15,72), 0, 1
(16,3), 0, 1
(16,15), 0, 1
(16,26), 0, 1
(16,27), 0, 1
(16,37), 0, 1
(16,39), 0, 1
(16,45), 0, 1
(16,50), 0, 1
(16,53), 0, 1
(16,69), 0, 1
(16,71), 0, 1
(16,75), 0, 1
(16,77), 0, 1
(16,78), 0, 1
(16,79), 0, 1
(16,82), 0, 1
(16,83), 0, 1
(16,86), 0, 1
(16,89), 0, 1
(16,90), 0, 1
(16,92), 0, 1
(16,94), 0, 1
(17,3), 0, 1
(17,19), 0, 1
(17,27), 0, 1
(17,39), 0, 1
(17,45), 0, 1
(17,53), 0, 1
(17,69), 0, 1
(17,71), 0, 1
(17,75), 0, 1
(17,77), 0, 1
(17,78), 0, 1
(17,79), 0, 1
(17,83), 0, 1
(17,85), 0, 1
(17,86), 0, 1
(17,89), 0, 1
(17,90), 0, 1
(17,92), 0, 1
(17,94), 0, 1
(18,1), 0, 1
(18,2), 0, 1
(18,3), 0, 1
(18,4), 0, 1
(18,5), 0, 1
(18,7), 0, 1
(18,8), 0, 1
(18,9), 0, 1
(18,11), 0, 1
(18,12), 0, 1
(18,14), 0, 1
(18,15), 0, 1
(18,17), 0, 1
(18,21), 0, 1
(18,22), 0, 1
(18,23), 0, 1
(18,24), 0, 1
(18,25), 0, 1
(18,26), 0, 1
(18,28), 0, 1
(18,29), 0, 1
(18,30), 0, 1
(18,31), 0, 1
(18,32), 0, 1
(18,33), 0, 1
(18,34), 0, 1
(18,35), 0, 1
(18,36), 0, 1
(18,37), 0, 1
(18,38), 0, 1
(18,39), 0, 1
(18,40), 0, 1
(18,42), 0, 1
(18,44), 0, 1
(18,45), 0, 1
(18,46), 0, 1
(18,48), 0, 1
(18,50), 0, 1
(18,51), 0, 1
(18,52), 0, 1
(18,53), 0, 1
(18,54), 0, 1
(18,55), 0, 1
(18,56), 0, 1
(18,57), 0, 1
(18,58), 0, 1
(18,59), 0, 1
(18,60), 0, 1
(18,61), 0, 1
(18,62), 0, 1
(18,63), 0, 1
(18,65), 0, 1
(18,66), 0, 1
(18,67), 0, 1
(18,68), 0, 1
(18,69), 0, 1
(18,70), 0, 1
(18,71), 0, 1
(18,72), 0, 1
(18,73), 0, 1
(18,74), 0, 1
(18,75), 0, 1
(18,76), 0, 1
(18,77), 0, 1
(18,78), 0, 1
(18,79), 0, 1
(18,80), 0, 1
(18,81), 0, 1
(18,83), 0, 1
(18,86), 0, 1
(18,87), 0, 1
(18,89), 0, 1
(18,90), 0, 1
(18,92), 0, 1
(18,94), 0, 1
(18,95), 0, 1
(18,96), 0, 1
(20,3), 0, 1
(20,15), 0, 1
(20,26), 0, 1
(20,27), 0, 1
(20,37), 0, 1
(20,45), 0, 1
(20,53), 0, 1
(20,64), 0, 1
(20,69), 0, 1
(20,71), 0, 1
(20,75), 0, 1
(20,77), 0, 1
(20,78), 0, 1
(20,79), 0, 1
(20,83), 0, 1
(20,85), 0, 1
(20,86), 0, 1
(20,89), 0, 1
(20,90), 0, 1
(20,94), 0, 1
(21,9), 0, 1
(21,17), 0, 1
(21,22), 0, 1
(21,38), 0, 1
(21,52), 0, 1
(21,55), 0, 1
(21,72), 0, 1
(21,73), 0, 1
(22,3), 0, 1
(22,15), 0, 1
(22,26), 0, 1
(22,37), 0, 1
(22,39), 0, 1
(22,45), 0, 1
(22,50), 0, 1
(22,53), 0, 1
(22,71), 0, 1
(22,75), 0, 1
(22,77), 0, 1
(22,78), 0, 1
(22,79), 0, 1
(22,83), 0, 1
(22,89), 0, 1
(22,92), 0, 1
(22,94), 0, 1
(23,9), 0, 1
(23,17), 0, 1
(23,22), 0, 1
(23,30), 0, 1
(23,38), 0, 1
(23,52), 0, 1
(23,55), 0, 1
(23,60), 0, 1
(23,72), 0, 1
(23,73), 0, 1
(24,0), 0, 1
(24,9), 0, 1
(24,17), 0, 1
(24,22), 0, 1
(24,30), 0, 1
(24,38), 0, 1
(24,52), 0, 1
(24,55), 0, 1
(24,72), 0, 1
(24,73), 0, 1
(25,9), 0, 1
(25,17), 0, 1
(25,22), 0, 1
(25,30), 0, 1
(25,38), 0, 1
(25,52), 0, 1
(25,55), 0, 1
(25,60), 0, 1
(25,72), 0, 1
(25,73), 0, 1
(26,0), 0, 1
(26,1), 0, 1
(26,2), 0, 1
(26,3), 0, 1
(26,4), 0, 1
(26,7), 0, 1
(26,8), 0, 1
(26,9), 0, 1
(26,10), 0, 1
(26,12), 0, 1
(26,14), 0, 1
(26,15), 0, 1
(26,17), 0, 1
(26,18), 0, 1
(26,21), 0, 1
(26,22), 0, 1
(26,23), 0, 1
(26,25), 0, 1
(26,27), 0, 1
(26,28), 0, 1
(26,29), 0, 1
(26,30), 0, 1
(26,31), 0, 1
(26,32), 0, 1
(26,33), 0, 1
(26,34), 0, 1
(26,35), 0, 1
(26,36), 0, 1
(26,37), 0, 1
(26,38), 0, 1
(26,39), 0, 1
(26,40), 0, 1
(26,41), 0, 1
(26,42), 0, 1
(26,43), 0, 1
(26,44), 0, 1
(26,45), 0, 1
(26,46), 0, 1
(26,48), 0, 1
(26,50), 0, 1
(26,51), 0, 1
(26,52), 0, 1
(26,53), 0, 1
(26,54), 0, 1
(26,55), 0, 1
(26,56), 0, 1
(26,58), 0, 1
(26,59), 0, 1
(26,60), 0, 1
(26,61), 0, 1
(26,62), 0, 1
(26,63), 0, 1
(26,64), 0, 1
(26,65), 0, 1
(26,66), 0, 1
(26,67), 0, 1
(26,68), 0, 1
(26,70), 0, 1
(26,71), 0, 1
(26,72), 0, 1
(26,73), 0, 1
(26,74), 0, 1
(26,75), 0, 1
(26,76), 0, 1
(26,77), 0, 1
(26,78), 0, 1
(26,79), 0, 1
(26,80), 0, 1
(26,81), 0, 1
(26,83), 0, 1
(26,86), 0, 1
(26,87), 0, 1
(26,88), 0, 1
(26,89), 0, 1
(26,90), 0, 1
(26,92), 0, 1
(26,93), 0, 1
(26,94), 0, 1
(26,95), 0, 1
(27,0), 0, 1
(27,9), 0, 1
(27,17), 0, 1
(27,22), 0, 1
(27,30), 0, 1
(27,38), 0, 1
(27,52), 0, 1
(27,55), 0, 1
(27,60), 0, 1
(27,72), 0, 1
(27,73), 0, 1
(28,1), 0, 1
(28,2), 0, 1
(28,3), 0, 1
(28,8), 0, 1
(28,9), 0, 1
(28,10), 0, 1
(28,11), 0, 1
(28,14), 0, 1
(28,15), 0, 1
(28,18), 0, 1
(28,21), 0, 1
(28,22), 0, 1
(28,23), 0, 1
(28,24), 0, 1
(28,25), 0, 1
(28,26), 0, 1
(28,27), 0, 1
(28,29), 0, 1
(28,30), 0, 1
(28,31), 0, 1
(28,32), 0, 1
(28,35), 0, 1
(28,36), 0, 1
(28,37), 0, 1
(28,38), 0, 1
(28,39), 0, 1
(28,40), 0, 1
(28,42), 0, 1
(28,44), 0, 1
(28,45), 0, 1
(28,46), 0, 1
(28,48), 0, 1
(28,50), 0, 1
(28,51), 0, 1
(28,52), 0, 1
(28,53), 0, 1
(28,54), 0, 1
(28,55), 0, 1
(28,59), 0, 1
(28,60), 0, 1
(28,61), 0, 1
(28,62), 0, 1
(28,65), 0, 1
(28,66), 0, 1
(28,67), 0, 1
(28,68), 0, 1
(28,69), 0, 1
(28,70), 0, 1
(28,71), 0, 1
(28,72), 0, 1
(28,73), 0, 1
(28,74), 0, 1
(28,75), 0, 1
(28,76), 0, 1
(28,78), 0, 1
(28,79), 0, 1
(28,80), 0, 1
(28,83), 0, 1
(28,85), 0, 1
(28,86), 0, 1
(28,87), 0, 1
(28,88), 0, 1
(28,89), 0, 1
(28,90), 0, 1
(28,93), 0, 1
(28,94), 0, 1
(28,95), 0, 1
(29,26), 0, 1
(29,27), 0, 1
(29,37), 0, 1
(29,39), 0, 1
(29,45), 0, 1
(29,53), 0, 1
(29,64), 0, 1
(29,69), 0, 1
(29,71), 0, 1
(29,75), 0, 1
(29,77), 0, 1
(29,78), 0, 1
(29,83), 0, 1
(29,86), 0, 1
(29,89), 0, 1
(29,90), 0, 1
(29,92), 0, 1
(29,94), 0, 1
(30,3), 0, 1
(30,6), 0, 1
(30,13), 0, 1
(30,27), 0, 1
(30,37), 0, 1
(30,39), 0, 1
(30,45), 0, 1
(30,50), 0, 1
(30,53), 0, 1
(30,69), 0, 1
(30,71), 0, 1
(30,75), 0, 1
(30,77), 0, 1
(30,78), 0, 1
(30,79), 0, 1
(30,83), 0, 1
(30,86), 0, 1
(30,89), 0, 1
(30,90), 0, 1
(30,92), 0, 1
(30,94), 0, 1
(31,3), 0, 1
(31,26), 0, 1
(31,27), 0, 1
(31,39), 0, 1
(31,45), 0, 1
(31,50), 0, 1
(31,53), 0, 1
(31,69), 0, 1
(31,71), 0, 1
(31,75), 0, 1
(31,77), 0, 1
(31,78), 0, 1
(31,86), 0, 1
(31,89), 0, 1
(31,90), 0, 1
(31,92), 0, 1
(31,94), 0, 1
(31,96), 0, 1
(32,1), 0, 1
(32,2), 0, 1
(32,4), 0, 1
(32,7), 0, 1
(32,8), 0, 1
(32,9), 0, 1
(32,10), 0, 1
(32,12), 0, 1
(32,15), 0, 1
(32,17), 0, 1
(32,21), 0, 1
(32,22), 0, 1
(32,23), 0, 1
(32,25), 0, 1
(32,26), 0, 1
(32,27), 0, 1
(32,29), 0, 1
(32,30), 0, 1
(32,31), 0, 1
(32,34), 0, 1
(32,36), 0, 1
(32,37), 0, 1
(32,38), 0, 1
(32,39), 0, 1
(32,40), 0, 1
(32,41), 0, 1
(32,42), 0, 1
(32,43), 0, 1
(32,44), 0, 1
(32,45), 0, 1
(32,46), 0, 1
(32,48), 0, 1
(32,51), 0, 1
(32,52), 0, 1
(32,53), 0, 1
(32,54), 0, 1
(32,55), 0, 1
(32,56), 0, 1
(32,58), 0, 1
(32,59), 0, 1
(32,60), 0, 1
(32,61), 0, 1
(32,62), 0, 1
(32,63), 0, 1
(32,65), 0, 1
(32,66), 0, 1
(32,67), 0, 1
(32,68), 0, 1
(32,69), 0, 1
(32,70), 0, 1
(32,71), 0, 1
(32,72), 0, 1
(32,73), 0, 1
(32,74), 0, 1
(32,75), 0, 1
(32,76), 0, 1
(32,77), 0, 1
(32,79), 0, 1
(32,80), 0, 1
(32,81), 0, 1
(32,83), 0, 1
(32,84), 0, 1
(32,86), 0, 1
(32,87), 0, 1
(32,88), 0, 1
(32,89), 0, 1
(32,90), 0, 1
(32,92), 0, 1
(32,93), 0, 1
(32,94), 0, 1
(32,95), 0, 1
(33,3), 0, 1
(33,15), 0, 1
(33,27), 0, 1
(33,37), 0, 1
(33,39), 0, 1
(33,45), 0, 1
(33,53), 0, 1
(33,69), 0, 1
(33,71), 0, 1
(33,75), 0, 1
(33,77), 0, 1
(33,78), 0, 1
(33,83), 0, 1
(33,86), 0, 1
(33,89), 0, 1
(33,90), 0, 1
(33,92), 0, 1
(34,3), 0, 1
(34,15), 0, 1
(34,26), 0, 1
(34,45), 0, 1
(34,50), 0, 1
(34,53), 0, 1
(34,69), 0, 1
(34,71), 0, 1
(34,75), 0, 1
(34,77), 0, 1
(34,78), 0, 1
(34,79), 0, 1
(34,83), 0, 1
(34,86), 0, 1
(34,89), 0, 1
(34,90), 0, 1
(35,3), 0, 1
(35,15), 0, 1
(35,26), 0, 1
(35,27), 0, 1
(35,37), 0, 1
(35,39), 0, 1
(35,45), 0, 1
(35,50), 0, 1
(35,53), 0, 1
(35,71), 0, 1
(35,75), 0, 1
(35,77), 0, 1
(35,78), 0, 1
(35,79), 0, 1
(35,83), 0, 1
(35,86), 0, 1
(35,89), 0, 1
(35,90), 0, 1
(35,92), 0, 1
(35,94), 0, 1
(35,96), 0, 1
(36,1), 0, 1
(36,3), 0, 1
(36,4), 0, 1
(36,7), 0, 1
(36,8), 0, 1
(36,9), 0, 1
(36,10), 0, 1
(36,12), 0, 1
(36,14), 0, 1
(36,17), 0, 1
(36,18), 0, 1
(36,21), 0, 1
(36,22), 0, 1
(36,24), 0, 1
(36,25), 0, 1
(36,26), 0, 1
(36,27), 0, 1
(36,28), 0, 1
(36,29), 0, 1
(36,30), 0, 1
(36,33), 0, 1
(36,35), 0, 1
(36,37), 0, 1
(36,38), 0, 1
(36,40), 0, 1
(36,41), 0, 1
(36,42), 0, 1
(36,44), 0, 1
(36,45), 0, 1
(36,46), 0, 1
(36,48), 0, 1
(36,50), 0, 1
(36,51), 0, 1
(36,52), 0, 1
(36,53), 0, 1
(36,54), 0, 1
(36,55), 0, 1
(36,56), 0, 1
(36,57), 0, 1
(36,59), 0, 1
(36,60), 0, 1
(36,61), 0, 1
(36,62), 0, 1
(36,63), 0, 1
(36,65), 0, 1
(36,66), 0, 1
(36,67), 0, 1
(36,68), 0, 1
(36,69), 0, 1
(36,70), 0, 1
(36,71), 0, 1
(36,72), 0, 1
(36,73), 0, 1
(36,74), 0, 1
(36,75), 0, 1
(36,76), 0, 1
(36,77), 0, 1
(36,78), 0, 1
(36,79), 0, 1
(36,80), 0, 1
(36,81), 0, 1
(36,82), 0, 1
(36,83), 0, 1
(36,84), 0, 1
(36,86), 0, 1
(36,87), 0, 1
(36,88), 0, 1
(36,90), 0, 1
(36,93), 0, 1
(36,94), 0, 1
(36,95), 0, 1
(36,96), 0, 1
(37,1), 0, 1
(37,2), 0, 1
(37,4), 0, 1
(37,7), 0, 1
(37,8), 0, 1
(37,9), 0, 1
(37,10), 0, 1
(37,12), 0, 1
(37,13), 0, 1
(37,14), 0, 1
(37,15), 0, 1
(37,17), 0, 1
(37,18), 0, 1
(37,21), 0, 1
(37,22), 0, 1
(37,24), 0, 1
(37,26), 0, 1
(37,27), 0, 1
(37,28), 0, 1
(37,29), 0, 1
(37,30), 0, 1
(37,31), 0, 1
(37,34), 0, 1
(37,35), 0, 1
(37,36), 0, 1
(37,38), 0, 1
(37,39), 0, 1
(37,40), 0, 1
(37,41), 0, 1
(37,42), 0, 1
(37,43), 0, 1
(37,44), 0, 1
(37,45), 0, 1
(37,46), 0, 1
(37,47), 0, 1
(37,48), 0, 1
(37,49), 0, 1
(37,50), 0, 1
(37,51), 0, 1
(37,52), 0, 1
(37,53), 0, 1
(37,54), 0, 1
(37,55), 0, 1
(37,57), 0, 1
(37,59), 0, 1
(37,60), 0, 1
(37,61), 0, 1
(37,62), 0, 1
(37,63), 0, 1
(37,65), 0, 1
(37,66), 0, 1
(37,67), 0, 1
(37,69), 0, 1
(37,70), 0, 1
(37,71), 0, 1
(37,72), 0, 1
(37,73), 0, 1
(37,74), 0, 1
(37,76), 0, 1
(37,77), 0, 1
(37,78), 0, 1
(37,79), 0, 1
(37,80), 0, 1
(37,81), 0, 1
(37,83), 0, 1
(37,84), 0, 1
(37,86), 0, 1
(37,87), 0, 1
(37,88), 0, 1
(37,89), 0, 1
(37,92), 0, 1
(37,93), 0, 1
(37,95), 0, 1
(38,1), 0, 1
(38,2), 0, 1
(38,3), 0, 1
(38,7), 0, 1
(38,8), 0, 1
(38,9), 0, 1
(38,10), 0, 1
(38,11), 0, 1
(38,12), 0, 1
(38,14), 0, 1
(38,15), 0, 1
(38,17), 0, 1
(38,18), 0, 1
(38,21), 0, 1
(38,22), 0, 1
(38,23), 0, 1
(38,24), 0, 1
(38,25), 0, 1
(38,26), 0, 1
(38,27), 0, 1
(38,28), 0, 1
(38,29), 0, 1
(38,30), 0, 1
(38,31), 0, 1
(38,32), 0, 1
(38,33), 0, 1
(38,34), 0, 1
(38,35), 0, 1
(38,36), 0, 1
(38,39), 0, 1
(38,40), 0, 1
(38,41), 0, 1
(38,42), 0, 1
(38,44), 0, 1
(38,45), 0, 1
(38,46), 0, 1
(38,48), 0, 1
(38,50), 0, 1
(38,51), 0, 1
(38,52), 0, 1
(38,53), 0, 1
(38,54), 0, 1
(38,55), 0, 1
(38,56), 0, 1
(38,57), 0, 1
(38,59), 0, 1
(38,60), 0, 1
(38,61), 0, 1
(38,62), 0, 1
(38,63), 0, 1
(38,65), 0, 1
(38,66), 0, 1
(38,67), 0, 1
(38,68), 0, 1
(38,69), 0, 1
(38,70), 0, 1
(38,71), 0, 1
(38,72), 0, 1
(38,74), 0, 1
(38,75), 0, 1
(38,76), 0, 1
(38,77), 0, 1
(38,78), 0, 1
(38,79), 0, 1
(38,80), 0, 1
(38,81), 0, 1
(38,83), 0, 1
(38,86), 0, 1
(38,88), 0, 1
(38,89), 0, 1
(38,90), 0, 1
(38,93), 0, 1
(38,94), 0, 1
(38,95), 0, 1
(39,3), 0, 1
(39,15), 0, 1
(39,26), 0, 1
(39,27), 0, 1
(39,45), 0, 1
(39,50), 0, 1
(39,53), 0, 1
(39,69), 0, 1
(39,71), 0, 1
(39,75), 0, 1
(39,77), 0, 1
(39,78), 0, 1
(39,79), 0, 1
(39,83), 0, 1
(39,89), 0, 1
(39,90), 0, 1
(39,96), 0, 1
(40,3), 0, 1
(40,13), 0, 1
(40,15), 0, 1
(40,27), 0, 1
(40,39), 0, 1
(40,45), 0, 1
(40,50), 0, 1
(40,53), 0, 1
(40,69), 0, 1
(40,71), 0, 1
(40,75), 0, 1
(40,77), 0, 1
(40,78), 0, 1
(40,79), 0, 1
(40,83), 0, 1
(40,86), 0, 1
(40,89), 0, 1
(40,90), 0, 1
(40,92), 0, 1
(40,94), 0, 1
(42,9), 0, 1
(42,17), 0, 1
(42,22), 0, 1
(42,30), 0, 1
(42,38), 0, 1
(42,52), 0, 1
(42,55), 0, 1
(42,60), 0, 1
(42,72), 0, 1
(42,73), 0, 1
(43,3), 0, 1
(43,15), 0, 1
(43,26), 0, 1
(43,27), 0, 1
(43,37), 0, 1
(43,50), 0, 1
(43,53), 0, 1
(43,69), 0, 1
(43,71), 0, 1
(43,75), 0, 1
(43,77), 0, 1
(43,78), 0, 1
(43,79), 0, 1
(43,83), 0, 1
(43,86), 0, 1
(43,89), 0, 1
(43,90), 0, 1
(43,92), 0, 1
(43,94), 0, 1
(44,3), 0, 1
(44,15), 0, 1
(44,26), 0, 1
(44,27), 0, 1
(44,39), 0, 1
(44,45), 0, 1
(44,50), 0, 1
(44,53), 0, 1
(44,69), 0, 1
(44,71), 0, 1
(44,77), 0, 1
(44,78), 0, 1
(44,79), 0, 1
(44,83), 0, 1
(44,86), 0, 1
(44,90), 0, 1
(44,92), 0, 1
(44,94), 0, 1
(45,9), 0, 1
(45,17), 0, 1
(45,22), 0, 1
(45,30), 0, 1
(45,38), 0, 1
(45,52), 0, 1
(45,55), 0, 1
(45,72), 0, 1
(45,73), 0, 1
(46,3), 0, 1
(46,15), 0, 1
(46,26), 0, 1
(46,27), 0, 1
(46,39), 0, 1
(46,45), 0, 1
(46,50), 0, 1
(46,53), 0, 1
(46,69), 0, 1
(46,71), 0, 1
(46,75), 0, 1
(46,77), 0, 1
(46,78), 0, 1
(46,79), 0, 1
(46,83), 0, 1
(46,86), 0, 1
(46,89), 0, 1
(46,90), 0, 1
(46,94), 0, 1
(47,9), 0, 1
(47,17), 0, 1
(47,22), 0, 1
(47,30), 0, 1
(47,38), 0, 1
(47,52), 0, 1
(47,55), 0, 1
(47,72), 0, 1
(47,73), 0, 1
(48,3), 0, 1
(48,26), 0, 1
(48,37), 0, 1
(48,39), 0, 1
(48,45), 0, 1
(48,53), 0, 1
(48,69), 0, 1
(48,71), 0, 1
(48,75), 0, 1
(48,77), 0, 1
(48,78), 0, 1
(48,79), 0, 1
(48,82), 0, 1
(48,83), 0, 1
(48,86), 0, 1
(48,89), 0, 1
(48,90), 0, 1
(48,92), 0, 1
(49,1), 0, 1
(49,2), 0, 1
(49,3), 0, 1
(49,4), 0, 1
(49,7), 0, 1
(49,8), 0, 1
(49,9), 0, 1
(49,10), 0, 1
(49,12), 0, 1
(49,14), 0, 1
(49,15), 0, 1
(49,17), 0, 1
(49,18), 0, 1
(49,21), 0, 1
(49,23), 0, 1
(49,24), 0, 1
(49,25), 0, 1
(49,26), 0, 1
(49,27), 0, 1
(49,28), 0, 1
(49,29), 0, 1
(49,30), 0, 1
(49,31), 0, 1
(49,33), 0, 1
(49,34), 0, 1
(49,35), 0, 1
(49,36), 0, 1
(49,38), 0, 1
(49,39), 0, 1
(49,40), 0, 1
(49,42), 0, 1
(49,44), 0, 1
(49,45), 0, 1
(49,46), 0, 1
(49,50), 0, 1
(49,51), 0, 1
(49,52), 0, 1
(49,53), 0, 1
(49,54), 0, 1
(49,55), 0, 1
(49,56), 0, 1
(49,57), 0, 1
(49,58), 0, 1
(49,61), 0, 1
(49,62), 0, 1
(49,63), 0, 1
(49,64), 0, 1
(49,65), 0, 1
(49,66), 0, 1
(49,67), 0, 1
(49,68), 0, 1
(49,69), 0, 1
(49,70), 0, 1
(49,71), 0, 1
(49,72), 0, 1
(49,73), 0, 1
(49,74), 0, 1
(49,75), 0, 1
(49,76), 0, 1
(49,77), 0, 1
(49,78), 0, 1
(49,79), 0, 1
(49,80), 0, 1
(49,81), 0, 1
(49,83), 0, 1
(49,84), 0, 1
(49,86), 0, 1
(49,87), 0, 1
(49,88), 0, 1
(49,89), 0, 1
(49,90), 0, 1
(49,92), 0, 1
(49,93), 0, 1
(49,94), 0, 1
(49,95), 0, 1
(50,3), 0, 1
(50,15), 0, 1
(50,26), 0, 1
(50,27), 0, 1
(50,37), 0, 1
(50,45), 0, 1
(50,53), 0, 1
(50,69), 0, 1
(50,71), 0, 1
(50,77), 0, 1
(50,78), 0, 1
(50,83), 0, 1
(50,86), 0, 1
(50,90), 0, 1
(50,92), 0, 1
(50,94), 0, 1
(51,16), 0, 1
(51,17), 0, 1
(51,22), 0, 1
(51,30), 0, 1
(51,38), 0, 1
(51,52), 0, 1
(51,55), 0, 1
(51,60), 0, 1
(51,72), 0, 1
(51,73), 0, 1
(53,9), 0, 1
(53,17), 0, 1
(53,30), 0, 1
(53,38), 0, 1
(53,52), 0, 1
(53,55), 0, 1
(53,60), 0, 1
(53,72), 0, 1
(53,73), 0, 1
(54,3), 0, 1
(54,15), 0, 1
(54,26), 0, 1
(54,27), 0, 1
(54,37), 0, 1
(54,39), 0, 1
(54,45), 0, 1
(54,50), 0, 1
(54,53), 0, 1
(54,64), 0, 1
(54,69), 0, 1
(54,71), 0, 1
(54,75), 0, 1
(54,77), 0, 1
(54,78), 0, 1
(54,79), 0, 1
(54,83), 0, 1
(54,86), 0, 1
(54,89), 0, 1
(54,90), 0, 1
(54,92), 0, 1
(55,1), 0, 1
(55,2), 0, 1
(55,3), 0, 1
(55,5), 0, 1
(55,7), 0, 1
(55,8), 0, 1
(55,9), 0, 1
(55,10), 0, 1
(55,12), 0, 1
(55,14), 0, 1
(55,15), 0, 1
(55,17), 0, 1
(55,18), 0, 1
(55,21), 0, 1
(55,22), 0, 1
(55,23), 0, 1
(55,24), 0, 1
(55,25), 0, 1
(55,26), 0, 1
(55,27), 0, 1
(55,29), 0, 1
(55,30), 0, 1
(55,34), 0, 1
(55,35), 0, 1
(55,36), 0, 1
(55,38), 0, 1
(55,40), 0, 1
(55,41), 0, 1
(55,42), 0, 1
(55,44), 0, 1
(55,45), 0, 1
(55,46), 0, 1
(55,48), 0, 1
(55,50), 0, 1
(55,51), 0, 1
(55,52), 0, 1
(55,53), 0, 1
(55,54), 0, 1
(55,56), 0, 1
(55,57), 0, 1
(55,58), 0, 1
(55,59), 0, 1
(55,61), 0, 1
(55,62), 0, 1
(55,63), 0, 1
(55,65), 0, 1
(55,66), 0, 1
(55,67), 0, 1
(55,68), 0, 1
(55,69), 0, 1
(55,70), 0, 1
(55,71), 0, 1
(55,72), 0, 1
(55,73), 0, 1
(55,74), 0, 1
(55,76), 0, 1
(55,77), 0, 1
(55,78), 0, 1
(55,79), 0, 1
(55,80), 0, 1
(55,81), 0, 1
(55,83), 0, 1
(55,86), 0, 1
(55,87), 0, 1
(55,88), 0, 1
(55,89), 0, 1
(55,90), 0, 1
(55,93), 0, 1
(55,94), 0, 1
(55,95), 0, 1
(56,1), 0, 1
(56,2), 0, 1
(56,3), 0, 1
(56,4), 0, 1
(56,7), 0, 1
(56,8), 0, 1
(56,9), 0, 1
(56,10), 0, 1
(56,12), 0, 1
(56,15), 0, 1
(56,17), 0, 1
(56,18), 0, 1
(56,21), 0, 1
(56,22), 0, 1
(56,23), 0, 1
(56,24), 0, 1
(56,25), 0, 1
(56,26), 0, 1
(56,27), 0, 1
(56,28), 0, 1
(56,29), 0, 1
(56,30), 0, 1
(56,31), 0, 1
(56,33), 0, 1
(56,34), 0, 1
(56,35), 0, 1
(56,39), 0, 1
(56,40), 0, 1
(56,42), 0, 1
(56,44), 0, 1
(56,45), 0, 1
(56,46), 0, 1
(56,48), 0, 1
(56,49), 0, 1
(56,51), 0, 1
(56,52), 0, 1
(56,53), 0, 1
(56,54), 0, 1
(56,55), 0, 1
(56,58), 0, 1
(56,60), 0, 1
(56,61), 0, 1
(56,62), 0, 1
(56,63), 0, 1
(56,65), 0, 1
(56,66), 0, 1
(56,67), 0, 1
(56,68), 0, 1
(56,69), 0, 1
(56,70), 0, 1
(56,71), 0, 1
(56,72), 0, 1
(56,73), 0, 1
(56,74), 0, 1
(56,75), 0, 1
(56,76), 0, 1
(56,77), 0, 1
(56,78), 0, 1
(56,79), 0, 1
(56,80), 0, 1
(56,83), 0, 1
(56,87), 0, 1
(56,88), 0, 1
(56,90), 0, 1
(56,92), 0, 1
(56,93), 0, 1
(57,9), 0, 1
(57,17), 0, 1
(57,22), 0, 1
(57,30), 0, 1
(57,52), 0, 1
(57,55), 0, 1
(57,73), 0, 1
(58,1), 0, 1
(58,2), 0, 1
(58,3), 0, 1
(58,4), 0, 1
(58,5), 0, 1
(58,6), 0, 1
(58,7), 0, 1
(58,8), 0, 1
(58,9), 0, 1
(58,10), 0, 1
(58,11), 0, 1
(58,12), 0, 1
(58,13), 0, 1
(58,14), 0, 1
(58,15), 0, 1
(58,16), 0, 1
(58,17), 0, 1
(58,18), 0, 1
(58,21), 0, 1
(58,22), 0, 1
(58,23), 0, 1
(58,24), 0, 1
(58,25), 0, 1
(58,26), 0, 1
(58,27), 0, 1
(58,28), 0, 1
(58,29), 0, 1
(58,30), 0, 1
(58,31), 0, 1
(58,32), 0, 1
(58,33), 0, 1
(58,34), 0, 1
(58,35), 0, 1
(58,37), 0, 1
(58,38), 0, 1
(58,40), 0, 1
(58,41), 0, 1
(58,42), 0, 1
(58,44), 0, 1
(58,45), 0, 1
(58,46), 0, 1
(58,48), 0, 1
(58,51), 0, 1
(58,52), 0, 1
(58,54), 0, 1
(58,55), 0, 1
(58,57), 0, 1
(58,59), 0, 1
(58,60), 0, 1
(58,61), 0, 1
(58,62), 0, 1
(58,63), 0, 1
(58,65), 0, 1
(58,66), 0, 1
(58,67), 0, 1
(58,68), 0, 1
(58,69), 0, 1
(58,70), 0, 1
(58,71), 0, 1
(58,72), 0, 1
(58,73), 0, 1
(58,74), 0, 1
(58,75), 0, 1
(58,76), 0, 1
(58,77), 0, 1
(58,78), 0, 1
(58,79), 0, 1
(58,80), 0, 1
(58,81), 0, 1
(58,83), 0, 1
(58,86), 0, 1
(58,87), 0, 1
(58,89), 0, 1
(58,90), 0, 1
(58,92), 0, 1
(58,93), 0, 1
(58,94), 0, 1
(58,95), 0, 1
(59,9), 0, 1
(59,17), 0, 1
(59,22), 0, 1
(59,30), 0, 1
(59,38), 0, 1
(59,52), 0, 1
(59,55), 0, 1
(59,60), 0, 1
(59,72), 0, 1
(59,73), 0, 1
(60,3), 0, 1
(60,15), 0, 1
(60,26), 0, 1
(60,27), 0, 1
(60,37), 0, 1
(60,45), 0, 1
(60,50), 0, 1
(60,53), 0, 1
(60,69), 0, 1
(60,71), 0, 1
(60,75), 0, 1
(60,77), 0, 1
(60,78), 0, 1
(60,79), 0, 1
(60,83), 0, 1
(60,86), 0, 1
(60,89), 0, 1
(60,90), 0, 1
(61,0), 0, 1
(61,9), 0, 1
(61,17), 0, 1
(61,22), 0, 1
(61,30), 0, 1
(61,38), 0, 1
(61,52), 0, 1
(61,55), 0, 1
(61,60), 0, 1
(61,72), 0, 1
(61,73), 0, 1
(62,9), 0, 1
(62,17), 0, 1
(62,22), 0, 1
(62,30), 0, 1
(62,38), 0, 1
(62,52), 0, 1
(62,55), 0, 1
(62,60), 0, 1
(62,72), 0, 1
(62,73), 0, 1
(63,3), 0, 1
(63,15), 0, 1
(63,26), 0, 1
(63,27), 0, 1
(63,37), 0, 1
(63,39), 0, 1
(63,43), 0, 1
(63,45), 0, 1
(63,50), 0, 1
(63,53), 0, 1
(63,69), 0, 1
(63,71), 0, 1
(63,75), 0, 1
(63,77), 0, 1
(63,78), 0, 1
(63,79), 0, 1
(63,83), 0, 1
(63,86), 0, 1
(63,89), 0, 1
(63,90), 0, 1
(63,94), 0, 1
(64,3), 0, 1
(64,6), 0, 1
(64,13), 0, 1
(64,15), 0, 1
(64,26), 0, 1
(64,27), 0, 1
(64,45), 0, 1
(64,53), 0, 1
(64,69), 0, 1
(64,71), 0, 1
(64,75), 0, 1
(64,77), 0, 1
(64,78), 0, 1
(64,79), 0, 1
(64,83), 0, 1
(64,86), 0, 1
(64,89), 0, 1
(64,90), 0, 1
(64,92), 0, 1
(64,94), 0, 1
(66,3), 0, 1
(66,13), 0, 1
(66,26), 0, 1
(66,27), 0, 1
(66,37), 0, 1
(66,45), 0, 1
(66,50), 0, 1
(66,53), 0, 1
(66,69), 0, 1
(66,75), 0, 1
(66,77), 0, 1
(66,78), 0, 1
(66,83), 0, 1
(66,86), 0, 1
(66,89), 0, 1
(66,90), 0, 1
(66,92), 0, 1
(66,94), 0, 1
(67,3), 0, 1
(67,15), 0, 1
(67,26), 0, 1
(67,27), 0, 1
(67,37), 0, 1
(67,45), 0, 1
(67,53), 0, 1
(67,69), 0, 1
(67,71), 0, 1
(67,75), 0, 1
(67,77), 0, 1
(67,78), 0, 1
(67,79), 0, 1
(67,83), 0, 1
(67,86), 0, 1
(67,89), 0, 1
(67,90), 0, 1
(67,94), 0, 1
(68,3), 0, 1
(68,15), 0, 1
(68,26), 0, 1
(68,27), 0, 1
(68,39), 0, 1
(68,45), 0, 1
(68,53), 0, 1
(68,69), 0, 1
(68,71), 0, 1
(68,75), 0, 1
(68,77), 0, 1
(68,78), 0, 1
(68,83), 0, 1
(68,86), 0, 1
(68,89), 0, 1
(68,90), 0, 1
(68,92), 0, 1
(69,9), 0, 1
(69,13), 0, 1
(69,17), 0, 1
(69,22), 0, 1
(69,30), 0, 1
(69,38), 0, 1
(69,52), 0, 1
(69,55), 0, 1
(69,60), 0, 1
(69,72), 0, 1
(69,73), 0, 1
(70,9), 0, 1
(70,22), 0, 1
(70,30), 0, 1
(70,38), 0, 1
(70,52), 0, 1
(70,55), 0, 1
(70,72), 0, 1
(72,3), 0, 1
(72,15), 0, 1
(72,26), 0, 1
(72,27), 0, 1
(72,37), 0, 1
(72,39), 0, 1
(72,45), 0, 1
(72,50), 0, 1
(72,53), 0, 1
(72,69), 0, 1
(72,71), 0, 1
(72,75), 0, 1
(72,77), 0, 1
(72,78), 0, 1
(72,83), 0, 1
(72,89), 0, 1
(72,90), 0, 1
(72,94), 0, 1
(73,3), 0, 1
(73,15), 0, 1
(73,26), 0, 1
(73,27), 0, 1
(73,37), 0, 1
(73,39), 0, 1
(73,45), 0, 1
(73,50), 0, 1
(73,53), 0, 1
(73,69), 0, 1
(73,71), 0, 1
(73,75), 0, 1
(73,78), 0, 1
(73,83), 0, 1
(73,86), 0, 1
(73,89), 0, 1
(73,90), 0, 1
(73,94), 0, 1
(74,3), 0, 1
(74,15), 0, 1
(74,27), 0, 1
(74,37), 0, 1
(74,39), 0, 1
(74,45), 0, 1
(74,53), 0, 1
(74,69), 0, 1
(74,71), 0, 1
(74,75), 0, 1
(74,77), 0, 1
(74,83), 0, 1
(74,89), 0, 1
(74,90), 0, 1
(74,92), 0, 1
(74,94), 0, 1
(75,9), 0, 1
(75,17), 0, 1
(75,22), 0, 1
(75,30), 0, 1
(75,38), 0, 1
(75,52), 0, 1
(75,55), 0, 1
(75,60), 0, 1
(75,72), 0, 1
(75,73), 0, 1
(76,3), 0, 1
(76,15), 0, 1
(76,26), 0, 1
(76,27), 0, 1
(76,37), 0, 1
(76,39), 0, 1
(76,45), 0, 1
(76,53), 0, 1
(76,69), 0, 1
(76,71), 0, 1
(76,75), 0, 1
(76,78), 0, 1
(76,79), 0, 1
(76,83), 0, 1
(76,86), 0, 1
(76,89), 0, 1
(76,90), 0, 1
(76,92), 0, 1
(76,94), 0, 1
(77,17), 0, 1
(77,22), 0, 1
(77,30), 0, 1
(77,38), 0, 1
(77,52), 0, 1
(77,55), 0, 1
(77,60), 0, 1
(77,72), 0, 1
(77,73), 0, 1
(78,9), 0, 1
(78,17), 0, 1
(78,22), 0, 1
(78,30), 0, 1
(78,38), 0, 1
(78,52), 0, 1
(78,60), 0, 1
(78,72), 0, 1
(78,73), 0, 1
(79,1), 0, 1
(79,2), 0, 1
(79,3), 0, 1
(79,4), 0, 1
(79,6), 0, 1
(79,9), 0, 1
(79,10), 0, 1
(79,11), 0, 1
(79,12), 0, 1
(79,14), 0, 1
(79,17), 0, 1
(79,18), 0, 1
(79,21), 0, 1
(79,22), 0, 1
(79,23), 0, 1
(79,24), 0, 1
(79,25), 0, 1
(79,26), 0, 1
(79,27), 0, 1
(79,28), 0, 1
(79,29), 0, 1
(79,31), 0, 1
(79,34), 0, 1
(79,35), 0, 1
(79,36), 0, 1
(79,37), 0, 1
(79,38), 0, 1
(79,40), 0, 1
(79,41), 0, 1
(79,42), 0, 1
(79,44), 0, 1
(79,45), 0, 1
(79,46), 0, 1
(79,48), 0, 1
(79,51), 0, 1
(79,52), 0, 1
(79,53), 0, 1
(79,54), 0, 1
(79,55), 0, 1
(79,57), 0, 1
(79,59), 0, 1
(79,60), 0, 1
(79,61), 0, 1
(79,62), 0, 1
(79,63), 0, 1
(79,65), 0, 1
(79,66), 0, 1
(79,67), 0, 1
(79,68), 0, 1
(79,69), 0, 1
(79,70), 0, 1
(79,71), 0, 1
(79,72), 0, 1
(79,73), 0, 1
(79,74), 0, 1
(79,75), 0, 1
(79,76), 0, 1
(79,77), 0, 1
(79,80), 0, 1
(79,81), 0, 1
(79,83), 0, 1
(79,84), 0, 1
(79,86), 0, 1
(79,87), 0, 1
(79,88), 0, 1
(79,89), 0, 1
(79,90), 0, 1
(79,91), 0, 1
(79,93), 0, 1
(79,94), 0, 1
(79,95), 0, 1
(80,3), 0, 1
(80,6), 0, 1
(80,15), 0, 1
(80,27), 0, 1
(80,37), 0, 1
(80,39), 0, 1
(80,45), 0, 1
(80,50), 0, 1
(80,53), 0, 1
(80,69), 0, 1
(80,71), 0, 1
(80,75), 0, 1
(80,77), 0, 1
(80,79), 0, 1
(80,82), 0, 1
(80,83), 0, 1
(80,86), 0, 1
(80,89), 0, 1
(80,90), 0, 1
(80,92), 0, 1
(80,94), 0, 1
(81,3), 0, 1
(81,13), 0, 1
(81,15), 0, 1
(81,26), 0, 1
(81,27), 0, 1
(81,39), 0, 1
(81,45), 0, 1
(81,50), 0, 1
(81,53), 0, 1
(81,69), 0, 1
(81,71), 0, 1
(81,75), 0, 1
(81,77), 0, 1
(81,78), 0, 1
(81,79), 0, 1
(81,83), 0, 1
(81,85), 0, 1
(81,86), 0, 1
(81,89), 0, 1
(81,90), 0, 1
(81,94), 0, 1
(82,1), 0, 1
(82,2), 0, 1
(82,3), 0, 1
(82,4), 0, 1
(82,7), 0, 1
(82,8), 0, 1
(82,9), 0, 1
(82,10), 0, 1
(82,12), 0, 1
(82,14), 0, 1
(82,15), 0, 1
(82,17), 0, 1
(82,18), 0, 1
(82,21), 0, 1
(82,22), 0, 1
(82,23), 0, 1
(82,24), 0, 1
(82,25), 0, 1
(82,26), 0, 1
(82,27), 0, 1
(82,28), 0, 1
(82,31), 0, 1
(82,32), 0, 1
(82,34), 0, 1
(82,35), 0, 1
(82,36), 0, 1
(82,37), 0, 1
(82,38), 0, 1
(82,39), 0, 1
(82,40), 0, 1
(82,42), 0, 1
(82,44), 0, 1
(82,45), 0, 1
(82,46), 0, 1
(82,48), 0, 1
(82,51), 0, 1
(82,52), 0, 1
(82,53), 0, 1
(82,54), 0, 1
(82,55), 0, 1
(82,57), 0, 1
(82,58), 0, 1
(82,59), 0, 1
(82,60), 0, 1
(82,61), 0, 1
(82,62), 0, 1
(82,63), 0, 1
(82,65), 0, 1
(82,66), 0, 1
(82,67), 0, 1
(82,68), 0, 1
(82,69), 0, 1
(82,70), 0, 1
(82,71), 0, 1
(82,72), 0, 1
(82,73), 0, 1
(82,74), 0, 1
(82,75), 0, 1
(82,76), 0, 1
(82,77), 0, 1
(82,80), 0, 1
(82,81), 0, 1
(82,83), 0, 1
(82,84), 0, 1
(82,85), 0, 1
(82,87), 0, 1
(82,88), 0, 1
(82,89), 0, 1
(82,90), 0, 1
(82,92), 0, 1
(82,93), 0, 1
(82,94), 0, 1
(82,95), 0, 1
(84,1), 0, 1
(84,2), 0, 1
(84,3), 0, 1
(84,4), 0, 1
(84,8), 0, 1
(84,9), 0, 1
(84,10), 0, 1
(84,11), 0, 1
(84,12), 0, 1
(84,14), 0, 1
(84,15), 0, 1
(84,17), 0, 1
(84,18), 0, 1
(84,21), 0, 1
(84,22), 0, 1
(84,23), 0, 1
(84,24), 0, 1
(84,25), 0, 1
(84,26), 0, 1
(84,27), 0, 1
(84,28), 0, 1
(84,29), 0, 1
(84,30), 0, 1
(84,31), 0, 1
(84,32), 0, 1
(84,33), 0, 1
(84,34), 0, 1
(84,35), 0, 1
(84,36), 0, 1
(84,37), 0, 1
(84,38), 0, 1
(84,40), 0, 1
(84,41), 0, 1
(84,42), 0, 1
(84,43), 0, 1
(84,44), 0, 1
(84,45), 0, 1
(84,46), 0, 1
(84,48), 0, 1
(84,49), 0, 1
(84,50), 0, 1
(84,51), 0, 1
(84,52), 0, 1
(84,53), 0, 1
(84,54), 0, 1
(84,55), 0, 1
(84,57), 0, 1
(84,58), 0, 1
(84,59), 0, 1
(84,60), 0, 1
(84,61), 0, 1
(84,62), 0, 1
(84,63), 0, 1
(84,65), 0, 1
(84,66), 0, 1
(84,67), 0, 1
(84,68), 0, 1
(84,69), 0, 1
(84,70), 0, 1
(84,71), 0, 1
(84,72), 0, 1
(84,73), 0, 1
(84,74), 0, 1
(84,75), 0, 1
(84,77), 0, 1
(84,78), 0, 1
(84,79), 0, 1
(84,81), 0, 1
(84,83), 0, 1
(84,86), 0, 1
(84,87), 0, 1
(84,88), 0, 1
(84,89), 0, 1
(84,90), 0, 1
(84,92), 0, 1
(84,93), 0, 1
(84,94), 0, 1
(84,95), 0, 1
(85,1), 0, 1
(85,2), 0, 1
(85,4), 0, 1
(85,7), 0, 1
(85,8), 0, 1
(85,9), 0, 1
(85,10), 0, 1
(85,11), 0, 1
(85,12), 0, 1
(85,14), 0, 1
(85,15), 0, 1
(85,17), 0, 1
(85,18), 0, 1
(85,20), 0, 1
(85,21), 0, 1
(85,22), 0, 1
(85,23), 0, 1
(85,24), 0, 1
(85,25), 0, 1
(85,26), 0, 1
(85,27), 0, 1
(85,28), 0, 1
(85,29), 0, 1
(85,30), 0, 1
(85,31), 0, 1
(85,32), 0, 1
(85,33), 0, 1
(85,35), 0, 1
(85,36), 0, 1
(85,37), 0, 1
(85,38), 0, 1
(85,39), 0, 1
(85,40), 0, 1
(85,41), 0, 1
(85,42), 0, 1
(85,44), 0, 1
(85,45), 0, 1
(85,46), 0, 1
(85,48), 0, 1
(85,51), 0, 1
(85,52), 0, 1
(85,53), 0, 1
(85,54), 0, 1
(85,55), 0, 1
(85,56), 0, 1
(85,57), 0, 1
(85,58), 0, 1
(85,59), 0, 1
(85,61), 0, 1
(85,62), 0, 1
(85,63), 0, 1
(85,65), 0, 1
(85,66), 0, 1
(85,67), 0, 1
(85,68), 0, 1
(85,69), 0, 1
(85,70), 0, 1
(85,71), 0, 1
(85,72), 0, 1
(85,73), 0, 1
(85,74), 0, 1
(85,75), 0, 1
(85,76), 0, 1
(85,77), 0, 1
(85,78), 0, 1
(85,79), 0, 1
(85,80), 0, 1
(85,81), 0, 1
(85,83), 0, 1
(85,86), 0, 1
(85,87), 0, 1
(85,88), 0, 1
(85,89), 0, 1
(85,90), 0, 1
(85,92), 0, 1
(85,95), 0, 1
(86,17), 0, 1
(86,30), 0, 1
(86,38), 0, 1
(86,52), 0, 1
(86,55), 0, 1
(86,72), 0, 1
(86,73), 0, 1
(87,3), 0, 1
(87,15), 0, 1
(87,27), 0, 1
(87,37), 0, 1
(87,39), 0, 1
(87,43), 0, 1
(87,45), 0, 1
(87,53), 0, 1
(87,69), 0, 1
(87,71), 0, 1
(87,75), 0, 1
(87,77), 0, 1
(87,78), 0, 1
(87,79), 0, 1
(87,83), 0, 1
(87,86), 0, 1
(87,89), 0, 1
(87,90), 0, 1
(87,92), 0, 1
(87,96), 0, 1
(88,0), 0, 1
(88,1), 0, 1
(88,2), 0, 1
(88,3), 0, 1
(88,4), 0, 1
(88,8), 0, 1
(88,9), 0, 1
(88,10), 0, 1
(88,11), 0, 1
(88,12), 0, 1
(88,13), 0, 1
(88,14), 0, 1
(88,15), 0, 1
(88,17), 0, 1
(88,18), 0, 1
(88,21), 0, 1
(88,22), 0, 1
(88,23), 0, 1
(88,24), 0, 1
(88,25), 0, 1
(88,26), 0, 1
(88,27), 0, 1
(88,28), 0, 1
(88,29), 0, 1
(88,30), 0, 1
(88,31), 0, 1
(88,32), 0, 1
(88,33), 0, 1
(88,35), 0, 1
(88,37), 0, 1
(88,38), 0, 1
(88,40), 0, 1
(88,44), 0, 1
(88,45), 0, 1
(88,46), 0, 1
(88,48), 0, 1
(88,50), 0, 1
(88,51), 0, 1
(88,52), 0, 1
(88,53), 0, 1
(88,54), 0, 1
(88,55), 0, 1
(88,56), 0, 1
(88,57), 0, 1
(88,60), 0, 1
(88,61), 0, 1
(88,62), 0, 1
(88,63), 0, 1
(88,65), 0, 1
(88,66), 0, 1
(88,67), 0, 1
(88,68), 0, 1
(88,69), 0, 1
(88,70), 0, 1
(88,71), 0, 1
(88,72), 0, 1
(88,73), 0, 1
(88,74), 0, 1
(88,75), 0, 1
(88,76), 0, 1
(88,77), 0, 1
(88,78), 0, 1
(88,80), 0, 1
(88,81), 0, 1
(88,83), 0, 1
(88,86), 0, 1
(88,87), 0, 1
(88,89), 0, 1
(88,90), 0, 1
(88,92), 0, 1
(88,93), 0, 1
(88,94), 0, 1
(88,95), 0, 1
(89,9), 0, 1
(89,17), 0, 1
(89,22), 0, 1
(89,30), 0, 1
(89,38), 0, 1
(89,52), 0, 1
(89,55), 0, 1
(89,60), 0, 1
(89,72), 0, 1
(89,73), 0, 1
(91,2), 0, 1
(91,4), 0, 1
(91,7), 0, 1
(91,8), 0, 1
(91,9), 0, 1
(91,10), 0, 1
(91,11), 0, 1
(91,12), 0, 1
(91,14), 0, 1
(91,15), 0, 1
(91,18), 0, 1
(91,19), 0, 1
(91,21), 0, 1
(91,22), 0, 1
(91,23), 0, 1
(91,24), 0, 1
(91,25), 0, 1
(91,27), 0, 1
(91,29), 0, 1
(91,31), 0, 1
(91,34), 0, 1
(91,35), 0, 1
(91,36), 0, 1
(91,37), 0, 1
(91,38), 0, 1
(91,39), 0, 1
(91,40), 0, 1
(91,41), 0, 1
(91,42), 0, 1
(91,44), 0, 1
(91,45), 0, 1
(91,46), 0, 1
(91,47), 0, 1
(91,48), 0, 1
(91,51), 0, 1
(91,52), 0, 1
(91,53), 0, 1
(91,54), 0, 1
(91,55), 0, 1
(91,56), 0, 1
(91,57), 0, 1
(91,59), 0, 1
(91,60), 0, 1
(91,61), 0, 1
(91,62), 0, 1
(91,63), 0, 1
(91,64), 0, 1
(91,65), 0, 1
(91,66), 0, 1
(91,67), 0, 1
(91,68), 0, 1
(91,69), 0, 1
(91,70), 0, 1
(91,71), 0, 1
(91,72), 0, 1
(91,73), 0, 1
(91,74), 0, 1
(91,75), 0, 1
(91,76), 0, 1
(91,77), 0, 1
(91,79), 0, 1
(91,80), 0, 1
(91,81), 0, 1
(91,82), 0, 1
(91,83), 0, 1
(91,84), 0, 1
(91,86), 0, 1
(91,87), 0, 1
(91,88), 0, 1
(91,89), 0, 1
(91,90), 0, 1
(91,92), 0, 1
(91,93), 0, 1
(91,95), 0, 1
(93,9), 0, 1
(93,17), 0, 1
(93,22), 0, 1
(93,30), 0, 1
(93,52), 0, 1
(93,60), 0, 1
(93,72), 0, 1
(93,73), 0, 1
(94,3), 0, 1
(94,19), 0, 1
(94,26), 0, 1
(94,27), 0, 1
(94,39), 0, 1
(94,45), 0, 1
(94,50), 0, 1
(94,53), 0, 1
(94,64), 0, 1
(94,69), 0, 1
(94,71), 0, 1
(94,75), 0, 1
(94,77), 0, 1
(94,78), 0, 1
(94,83), 0, 1
(94,86), 0, 1
(94,89), 0, 1
(96,9), 0, 1
(96,17), 0, 1
(96,22), 0, 1
(96,30), 0, 1
(96,38), 0, 1
(96,52), 0, 1
(96,55), 0, 1
(96,60), 0, 1
(96,72), 0, 1
(96,73), 0, 1
(97,1), 0, 1
(97,2), 0, 1
(97,3), 0, 1
(97,7), 0, 1
(97,8), 0, 1
(97,10), 0, 1
(97,11), 0, 1
(97,14), 0, 1
(97,15), 0, 1
(97,16), 0, 1
(97,17), 0, 1
(97,18), 0, 1
(97,21), 0, 1
(97,22), 0, 1
(97,23), 0, 1
(97,24), 0, 1
(97,25), 0, 1
(97,26), 0, 1
(97,27), 0, 1
(97,28), 0, 1
(97,29), 0, 1
(97,30), 0, 1
(97,31), 0, 1
(97,33), 0, 1
(97,34), 0, 1
(97,35), 0, 1
(97,36), 0, 1
(97,37), 0, 1
(97,38), 0, 1
(97,39), 0, 1
(97,40), 0, 1
(97,41), 0, 1
(97,42), 0, 1
(97,43), 0, 1
(97,44), 0, 1
(97,45), 0, 1
(97,46), 0, 1
(97,48), 0, 1
(97,50), 0, 1
(97,51), 0, 1
(97,52), 0, 1
(97,53), 0, 1
(97,54), 0, 1
(97,55), 0, 1
(97,57), 0, 1
(97,59), 0, 1
(97,60), 0, 1
(97,61), 0, 1
(97,62), 0, 1
(97,63), 0, 1
(97,65), 0, 1
(97,66), 0, 1
(97,67), 0, 1
(97,68), 0, 1
(97,69), 0, 1
(97,71), 0, 1
(97,72), 0, 1
(97,73), 0, 1
(97,74), 0, 1
(97,75), 0, 1
(97,76), 0, 1
(97,77), 0, 1
(97,78), 0, 1
(97,79), 0, 1
(97,80), 0, 1
(97,83), 0, 1
(97,84), 0, 1
(97,86), 0, 1
(97,87), 0, 1
(97,88), 0, 1
(97,89), 0, 1
(97,90), 0, 1
(97,92), 0, 1
(97,93), 0, 1
(97,95), 0, 1
(98,9), 0, 1
(98,17), 0, 1
(98,22), 0, 1
(98,30), 0, 1
(98,38), 0, 1
(98,52), 0, 1
(98,55), 0, 1
(98,60), 0, 1
(98,72), 0, 1
(98,73), 0, 1
(99,3), 0, 1
(99,26), 0, 1
(99,27), 0, 1
(99,37), 0, 1
(99,39), 0, 1
(99,45), 0, 1
(99,50), 0, 1
(99,53), 0, 1
(99,69), 0, 1
(99,71), 0, 1
(99,75), 0, 1
(99,77), 0, 1
(99,78), 0, 1
(99,79), 0, 1
(99,83), 0, 1
(99,86), 0, 1
(99,89), 0, 1
(99,90), 0, 1
(99,92), 0, 1
(99,94), 0, 1
