Nr_Pairs = 97
Nr_NDD = 3
Nr_Arcs = 3108
0	0.28
1	0.5
2	0.28
3	0.90
4	0.90
5	0.28
6	0.32
7	0.28
8	0.28
9	0.28
10	0.5
11	0.90
12	0.5
13	0.10
14	0.10
15	0.5
16	0.10
17	0.10
18	0.5
19	0.92
20	0.28
21	0.5
22	0.32
23	0.28
24	0.5
25	0.28
26	0.28
27	0.5
28	0.10
29	0.5
30	0.28
31	0.28
32	0.5
33	0.90
34	0.28
35	0.28
36	0.5
37	0.90
38	0.5
39	0.10
40	0.5
41	0.5
42	0.90
43	0.5
44	0.92
45	0.5
46	0.5
47	0.28
48	0.5
49	0.28
50	0.10
51	0.5
52	0.28
53	0.28
54	0.10
55	0.5
56	0.28
57	0.28
58	0.90
59	0.32
60	0.90
61	0.90
62	0.28
63	0.90
64	0.5
65	0.5
66	0.90
67	0.5
68	0.5
69	0.28
70	0.10
71	0.5
72	0.10
73	0.5
74	0.28
75	0.5
76	0.90
77	0.32
78	0.28
79	0.10
80	0.90
81	0.90
82	0.5
83	0.5
84	0.10
85	0.32
86	0.10
87	0.10
88	0.5
89	0.5
90	0.5
91	0.28
92	0.5
93	0.90
94	0.92
95	0.90
96	0.5
97	0.0
98	0.0
99	0.0
(0,2), 0, 1
(0,8), 0, 1
(0,13), 0, 1
(0,14), 0, 1
(0,17), 0, 1
(0,22), 0, 1
(0,33), 0, 1
(0,34), 0, 1
(0,40), 0, 1
(0,45), 0, 1
(0,49), 0, 1
(0,52), 0, 1
(0,59), 0, 1
(0,64), 0, 1
(0,65), 0, 1
(0,71), 0, 1
(0,73), 0, 1
(0,75), 0, 1
(0,77), 0, 1
(0,82), 0, 1
(0,88), 0, 1
(0,89), 0, 1
(1,2), 0, 1
(1,8), 0, 1
(1,13), 0, 1
(1,14), 0, 1
(1,17), 0, 1
(1,22), 0, 1
(1,33), 0, 1
(1,34), 0, 1
(1,40), 0, 1
(1,41), 0, 1
(1,42), 0, 1
(1,45), 0, 1
(1,48), 0, 1
(1,49), 0, 1
(1,64), 0, 1
(1,65), 0, 1
(1,69), 0, 1
(1,71), 0, 1
(1,73), 0, 1
(1,75), 0, 1
(1,77), 0, 1
(1,82), 0, 1
(1,87), 0, 1
(1,88), 0, 1
(1,89), 0, 1
(2,8), 0, 1
(2,13), 0, 1
(2,14), 0, 1
(2,26), 0, 1
(2,40), 0, 1
(2,41), 0, 1
(2,45), 0, 1
(2,48), 0, 1
(2,59), 0, 1
(2,64), 0, 1
(2,65), 0, 1
(2,69), 0, 1
(2,71), 0, 1
(2,75), 0, 1
(2,77), 0, 1
(2,82), 0, 1
(2,87), 0, 1
(2,88), 0, 1
(2,89), 0, 1
(2,93), 0, 1
(3,0), 0, 1
(3,1), 0, 1
(3,9), 0, 1
(3,10), 0, 1
(3,12), 0, 1
(3,13), 0, 1
(3,14), 0, 1
(3,15), 0, 1
(3,16), 0, 1
(3,17), 0, 1
(3,18), 0, 1
(3,20), 0, 1
(3,21), 0, 1
(3,24), 0, 1
(3,25), 0, 1
(3,26), 0, 1
(3,27), 0, 1
(3,28), 0, 1
(3,29), 0, 1
(3,30), 0, 1
(3,31), 0, 1
(3,32), 0, 1
(3,34), 0, 1
(3,35), 0, 1
(3,36), 0, 1
(3,38), 0, 1
(3,39), 0, 1
(3,40), 0, 1
(3,41), 0, 1
(3,45), 0, 1
(3,46), 0, 1
(3,47), 0, 1
(3,48), 0, 1
(3,50), 0, 1
(3,51), 0, 1
(3,52), 0, 1
(3,54), 0, 1
(3,55), 0, 1
(3,56), 0, 1
(3,57), 0, 1
(3,62), 0, 1
(3,64), 0, 1
(3,65), 0, 1
(3,67), 0, 1
(3,68), 0, 1
(3,69), 0, 1
(3,70), 0, 1
(3,71), 0, 1
(3,73), 0, 1
(3,75), 0, 1
(3,78), 0, 1
(3,79), 0, 1
(3,82), 0, 1
(3,83), 0, 1
(3,84), 0, 1
(3,86), 0, 1
(3,87), 0, 1
(3,88), 0, 1
(3,89), 0, 1
(3,90), 0, 1
(3,92), 0, 1
(3,96), 0, 1
(4,0), 0, 1
(4,1), 0, 1
(4,2), 0, 1
(4,7), 0, 1
(4,8), 0, 1
(4,9), 0, 1
(4,10), 0, 1
(4,12), 0, 1
(4,13), 0, 1
(4,14), 0, 1
(4,15), 0, 1
(4,16), 0, 1
(4,17), 0, 1
(4,18), 0, 1
(4,21), 0, 1
(4,24), 0, 1
(4,26), 0, 1
(4,27), 0, 1
(4,28), 0, 1
(4,29), 0, 1
(4,30), 0, 1
(4,31), 0, 1
(4,32), 0, 1
(4,34), 0, 1
(4,36), 0, 1
(4,38), 0, 1
(4,39), 0, 1
(4,40), 0, 1
(4,41), 0, 1
(4,43), 0, 1
(4,45), 0, 1
(4,46), 0, 1
(4,47), 0, 1
(4,48), 0, 1
(4,49), 0, 1
(4,50), 0, 1
(4,51), 0, 1
(4,52), 0, 1
(4,54), 0, 1
(4,55), 0, 1
(4,57), 0, 1
(4,62), 0, 1
(4,64), 0, 1
(4,65), 0, 1
(4,67), 0, 1
(4,68), 0, 1
(4,69), 0, 1
(4,70), 0, 1
(4,71), 0, 1
(4,72), 0, 1
(4,73), 0, 1
(4,75), 0, 1
(4,77), 0, 1
(4,78), 0, 1
(4,79), 0, 1
(4,82), 0, 1
(4,83), 0, 1
(4,84), 0, 1
(4,85), 0, 1
(4,86), 0, 1
(4,87), 0, 1
(4,88), 0, 1
(4,89), 0, 1
(4,90), 0, 1
(4,91), 0, 1
(4,92), 0, 1
(4,96), 0, 1
(5,2), 0, 1
(5,8), 0, 1
(5,14), 0, 1
(5,17), 0, 1
(5,22), 0, 1
(5,26), 0, 1
(5,34), 0, 1
(5,40), 0, 1
(5,41), 0, 1
(5,42), 0, 1
(5,45), 0, 1
(5,48), 0, 1
(5,49), 0, 1
(5,52), 0, 1
(5,59), 0, 1
(5,64), 0, 1
(5,65), 0, 1
(5,69), 0, 1
(5,71), 0, 1
(5,73), 0, 1
(5,75), 0, 1
(5,77), 0, 1
(5,82), 0, 1
(5,87), 0, 1
(5,88), 0, 1
(5,89), 0, 1
(6,0), 0, 1
(6,8), 0, 1
(6,32), 0, 1
(6,35), 0, 1
(6,53), 0, 1
(6,54), 0, 1
(6,72), 0, 1
(6,75), 0, 1
(6,77), 0, 1
(6,91), 0, 1
(7,2), 0, 1
(7,8), 0, 1
(7,13), 0, 1
(7,14), 0, 1
(7,17), 0, 1
(7,22), 0, 1
(7,26), 0, 1
(7,34), 0, 1
(7,40), 0, 1
(7,41), 0, 1
(7,45), 0, 1
(7,48), 0, 1
(7,49), 0, 1
(7,64), 0, 1
(7,65), 0, 1
(7,69), 0, 1
(7,71), 0, 1
(7,73), 0, 1
(7,75), 0, 1
(7,77), 0, 1
(7,82), 0, 1
(7,87), 0, 1
(7,88), 0, 1
(7,89), 0, 1
(8,0), 0, 1
(8,2), 0, 1
(8,6), 0, 1
(8,7), 0, 1
(8,9), 0, 1
(8,10), 0, 1
(8,12), 0, 1
(8,14), 0, 1
(8,15), 0, 1
(8,16), 0, 1
(8,18), 0, 1
(8,22), 0, 1
(8,23), 0, 1
(8,24), 0, 1
(8,25), 0, 1
(8,26), 0, 1
(8,27), 0, 1
(8,28), 0, 1
(8,29), 0, 1
(8,30), 0, 1
(8,31), 0, 1
(8,32), 0, 1
(8,34), 0, 1
(8,35), 0, 1
(8,36), 0, 1
(8,38), 0, 1
(8,39), 0, 1
(8,40), 0, 1
(8,41), 0, 1
(8,43), 0, 1
(8,45), 0, 1
(8,46), 0, 1
(8,47), 0, 1
(8,48), 0, 1
(8,50), 0, 1
(8,51), 0, 1
(8,52), 0, 1
(8,53), 0, 1
(8,54), 0, 1
(8,55), 0, 1
(8,56), 0, 1
(8,59), 0, 1
(8,62), 0, 1
(8,64), 0, 1
(8,65), 0, 1
(8,67), 0, 1
(8,68), 0, 1
(8,69), 0, 1
(8,70), 0, 1
(8,71), 0, 1
(8,72), 0, 1
(8,73), 0, 1
(8,75), 0, 1
(8,79), 0, 1
(8,82), 0, 1
(8,83), 0, 1
(8,84), 0, 1
(8,86), 0, 1
(8,87), 0, 1
(8,88), 0, 1
(8,89), 0, 1
(8,90), 0, 1
(8,92), 0, 1
(8,95), 0, 1
(8,96), 0, 1
(9,2), 0, 1
(9,8), 0, 1
(9,13), 0, 1
(9,14), 0, 1
(9,17), 0, 1
(9,26), 0, 1
(9,34), 0, 1
(9,40), 0, 1
(9,41), 0, 1
(9,45), 0, 1
(9,48), 0, 1
(9,52), 0, 1
(9,59), 0, 1
(9,64), 0, 1
(9,65), 0, 1
(9,69), 0, 1
(9,71), 0, 1
(9,73), 0, 1
(9,75), 0, 1
(9,77), 0, 1
(9,82), 0, 1
(9,88), 0, 1
(9,89), 0, 1
(10,13), 0, 1
(10,14), 0, 1
(10,17), 0, 1
(10,22), 0, 1
(10,26), 0, 1
(10,40), 0, 1
(10,41), 0, 1
(10,42), 0, 1
(10,45), 0, 1
(10,48), 0, 1
(10,52), 0, 1
(10,64), 0, 1
(10,65), 0, 1
(10,71), 0, 1
(10,73), 0, 1
(10,75), 0, 1
(10,77), 0, 1
(10,82), 0, 1
(10,87), 0, 1
(10,88), 0, 1
(10,89), 0, 1
(11,0), 0, 1
(11,1), 0, 1
(11,2), 0, 1
(11,4), 0, 1
(11,5), 0, 1
(11,8), 0, 1
(11,9), 0, 1
(11,10), 0, 1
(11,12), 0, 1
(11,13), 0, 1
(11,14), 0, 1
(11,16), 0, 1
(11,17), 0, 1
(11,18), 0, 1
(11,20), 0, 1
(11,21), 0, 1
(11,24), 0, 1
(11,25), 0, 1
(11,26), 0, 1
(11,27), 0, 1
(11,29), 0, 1
(11,30), 0, 1
(11,31), 0, 1
(11,32), 0, 1
(11,34), 0, 1
(11,36), 0, 1
(11,38), 0, 1
(11,39), 0, 1
(11,41), 0, 1
(11,42), 0, 1
(11,43), 0, 1
(11,45), 0, 1
(11,46), 0, 1
(11,47), 0, 1
(11,48), 0, 1
(11,50), 0, 1
(11,51), 0, 1
(11,52), 0, 1
(11,53), 0, 1
(11,54), 0, 1
(11,55), 0, 1
(11,57), 0, 1
(11,60), 0, 1
(11,64), 0, 1
(11,65), 0, 1
(11,67), 0, 1
(11,68), 0, 1
(11,69), 0, 1
(11,70), 0, 1
(11,71), 0, 1
(11,72), 0, 1
(11,73), 0, 1
(11,74), 0, 1
(11,75), 0, 1
(11,77), 0, 1
(11,78), 0, 1
(11,79), 0, 1
(11,80), 0, 1
(11,82), 0, 1
(11,83), 0, 1
(11,84), 0, 1
(11,85), 0, 1
(11,86), 0, 1
(11,87), 0, 1
(11,88), 0, 1
(11,89), 0, 1
(11,90), 0, 1
(11,92), 0, 1
(11,95), 0, 1
(11,96), 0, 1
(12,0), 0, 1
(12,1), 0, 1
(12,2), 0, 1
(12,5), 0, 1
(12,6), 0, 1
(12,7), 0, 1
(12,9), 0, 1
(12,10), 0, 1
(12,11), 0, 1
(12,13), 0, 1
(12,14), 0, 1
(12,15), 0, 1
(12,16), 0, 1
(12,17), 0, 1
(12,18), 0, 1
(12,22), 0, 1
(12,24), 0, 1
(12,25), 0, 1
(12,26), 0, 1
(12,28), 0, 1
(12,29), 0, 1
(12,30), 0, 1
(12,31), 0, 1
(12,32), 0, 1
(12,34), 0, 1
(12,35), 0, 1
(12,36), 0, 1
(12,39), 0, 1
(12,40), 0, 1
(12,41), 0, 1
(12,43), 0, 1
(12,45), 0, 1
(12,46), 0, 1
(12,47), 0, 1
(12,48), 0, 1
(12,49), 0, 1
(12,50), 0, 1
(12,51), 0, 1
(12,52), 0, 1
(12,54), 0, 1
(12,55), 0, 1
(12,56), 0, 1
(12,57), 0, 1
(12,62), 0, 1
(12,64), 0, 1
(12,65), 0, 1
(12,67), 0, 1
(12,68), 0, 1
(12,70), 0, 1
(12,71), 0, 1
(12,72), 0, 1
(12,73), 0, 1
(12,74), 0, 1
(12,75), 0, 1
(12,77), 0, 1
(12,78), 0, 1
(12,79), 0, 1
(12,82), 0, 1
(12,83), 0, 1
(12,84), 0, 1
(12,85), 0, 1
(12,86), 0, 1
(12,87), 0, 1
(12,88), 0, 1
(12,89), 0, 1
(12,90), 0, 1
(12,91), 0, 1
(12,92), 0, 1
(12,96), 0, 1
(13,0), 0, 1
(13,8), 0, 1
(13,23), 0, 1
(13,35), 0, 1
(13,53), 0, 1
(13,54), 0, 1
(13,72), 0, 1
(13,75), 0, 1
(13,77), 0, 1
(13,91), 0, 1
(14,8), 0, 1
(14,23), 0, 1
(14,32), 0, 1
(14,54), 0, 1
(14,57), 0, 1
(14,72), 0, 1
(14,75), 0, 1
(14,77), 0, 1
(14,91), 0, 1
(15,2), 0, 1
(15,8), 0, 1
(15,13), 0, 1
(15,14), 0, 1
(15,17), 0, 1
(15,22), 0, 1
(15,26), 0, 1
(15,34), 0, 1
(15,40), 0, 1
(15,41), 0, 1
(15,45), 0, 1
(15,48), 0, 1
(15,59), 0, 1
(15,64), 0, 1
(15,65), 0, 1
(15,69), 0, 1
(15,71), 0, 1
(15,73), 0, 1
(15,75), 0, 1
(15,77), 0, 1
(15,82), 0, 1
(15,87), 0, 1
(15,88), 0, 1
(15,89), 0, 1
(16,2), 0, 1
(16,8), 0, 1
(16,13), 0, 1
(16,14), 0, 1
(16,22), 0, 1
(16,26), 0, 1
(16,33), 0, 1
(16,34), 0, 1
(16,40), 0, 1
(16,45), 0, 1
(16,48), 0, 1
(16,59), 0, 1
(16,64), 0, 1
(16,65), 0, 1
(16,69), 0, 1
(16,71), 0, 1
(16,73), 0, 1
(16,75), 0, 1
(16,77), 0, 1
(16,82), 0, 1
(16,87), 0, 1
(16,88), 0, 1
(16,89), 0, 1
(16,93), 0, 1
(17,0), 0, 1
(17,8), 0, 1
(17,32), 0, 1
(17,35), 0, 1
(17,54), 0, 1
(17,57), 0, 1
(17,72), 0, 1
(17,75), 0, 1
(18,13), 0, 1
(18,14), 0, 1
(18,17), 0, 1
(18,22), 0, 1
(18,26), 0, 1
(18,34), 0, 1
(18,40), 0, 1
(18,41), 0, 1
(18,45), 0, 1
(18,48), 0, 1
(18,49), 0, 1
(18,59), 0, 1
(18,64), 0, 1
(18,65), 0, 1
(18,71), 0, 1
(18,73), 0, 1
(18,75), 0, 1
(18,77), 0, 1
(18,82), 0, 1
(18,87), 0, 1
(18,88), 0, 1
(18,89), 0, 1
(19,0), 0, 1
(19,1), 0, 1
(19,2), 0, 1
(19,5), 0, 1
(19,6), 0, 1
(19,7), 0, 1
(19,9), 0, 1
(19,10), 0, 1
(19,12), 0, 1
(19,13), 0, 1
(19,15), 0, 1
(19,16), 0, 1
(19,17), 0, 1
(19,18), 0, 1
(19,20), 0, 1
(19,21), 0, 1
(19,24), 0, 1
(19,25), 0, 1
(19,26), 0, 1
(19,27), 0, 1
(19,28), 0, 1
(19,29), 0, 1
(19,30), 0, 1
(19,31), 0, 1
(19,32), 0, 1
(19,33), 0, 1
(19,35), 0, 1
(19,36), 0, 1
(19,37), 0, 1
(19,38), 0, 1
(19,39), 0, 1
(19,41), 0, 1
(19,43), 0, 1
(19,45), 0, 1
(19,46), 0, 1
(19,48), 0, 1
(19,50), 0, 1
(19,51), 0, 1
(19,52), 0, 1
(19,53), 0, 1
(19,54), 0, 1
(19,55), 0, 1
(19,56), 0, 1
(19,57), 0, 1
(19,59), 0, 1
(19,62), 0, 1
(19,64), 0, 1
(19,65), 0, 1
(19,67), 0, 1
(19,68), 0, 1
(19,71), 0, 1
(19,72), 0, 1
(19,74), 0, 1
(19,75), 0, 1
(19,77), 0, 1
(19,78), 0, 1
(19,79), 0, 1
(19,82), 0, 1
(19,83), 0, 1
(19,84), 0, 1
(19,85), 0, 1
(19,86), 0, 1
(19,87), 0, 1
(19,88), 0, 1
(19,89), 0, 1
(19,90), 0, 1
(19,91), 0, 1
(19,92), 0, 1
(19,96), 0, 1
(20,0), 0, 1
(20,1), 0, 1
(20,5), 0, 1
(20,6), 0, 1
(20,7), 0, 1
(20,8), 0, 1
(20,9), 0, 1
(20,10), 0, 1
(20,12), 0, 1
(20,13), 0, 1
(20,15), 0, 1
(20,16), 0, 1
(20,17), 0, 1
(20,18), 0, 1
(20,21), 0, 1
(20,22), 0, 1
(20,23), 0, 1
(20,24), 0, 1
(20,25), 0, 1
(20,26), 0, 1
(20,27), 0, 1
(20,28), 0, 1
(20,29), 0, 1
(20,30), 0, 1
(20,31), 0, 1
(20,34), 0, 1
(20,35), 0, 1
(20,36), 0, 1
(20,38), 0, 1
(20,39), 0, 1
(20,40), 0, 1
(20,41), 0, 1
(20,43), 0, 1
(20,44), 0, 1
(20,46), 0, 1
(20,47), 0, 1
(20,48), 0, 1
(20,49), 0, 1
(20,50), 0, 1
(20,52), 0, 1
(20,53), 0, 1
(20,54), 0, 1
(20,55), 0, 1
(20,64), 0, 1
(20,65), 0, 1
(20,67), 0, 1
(20,68), 0, 1
(20,69), 0, 1
(20,71), 0, 1
(20,72), 0, 1
(20,73), 0, 1
(20,74), 0, 1
(20,75), 0, 1
(20,77), 0, 1
(20,78), 0, 1
(20,79), 0, 1
(20,82), 0, 1
(20,83), 0, 1
(20,85), 0, 1
(20,86), 0, 1
(20,87), 0, 1
(20,88), 0, 1
(20,89), 0, 1
(20,90), 0, 1
(20,91), 0, 1
(20,92), 0, 1
(20,96), 0, 1
(21,1), 0, 1
(21,2), 0, 1
(21,3), 0, 1
(21,6), 0, 1
(21,7), 0, 1
(21,8), 0, 1
(21,10), 0, 1
(21,12), 0, 1
(21,13), 0, 1
(21,14), 0, 1
(21,15), 0, 1
(21,16), 0, 1
(21,17), 0, 1
(21,18), 0, 1
(21,20), 0, 1
(21,22), 0, 1
(21,24), 0, 1
(21,25), 0, 1
(21,26), 0, 1
(21,27), 0, 1
(21,28), 0, 1
(21,29), 0, 1
(21,30), 0, 1
(21,31), 0, 1
(21,35), 0, 1
(21,36), 0, 1
(21,39), 0, 1
(21,40), 0, 1
(21,41), 0, 1
(21,43), 0, 1
(21,45), 0, 1
(21,46), 0, 1
(21,47), 0, 1
(21,49), 0, 1
(21,50), 0, 1
(21,51), 0, 1
(21,53), 0, 1
(21,54), 0, 1
(21,55), 0, 1
(21,56), 0, 1
(21,57), 0, 1
(21,61), 0, 1
(21,64), 0, 1
(21,65), 0, 1
(21,67), 0, 1
(21,68), 0, 1
(21,69), 0, 1
(21,70), 0, 1
(21,71), 0, 1
(21,72), 0, 1
(21,73), 0, 1
(21,75), 0, 1
(21,77), 0, 1
(21,78), 0, 1
(21,79), 0, 1
(21,82), 0, 1
(21,83), 0, 1
(21,84), 0, 1
(21,85), 0, 1
(21,86), 0, 1
(21,87), 0, 1
(21,88), 0, 1
(21,89), 0, 1
(21,90), 0, 1
(21,91), 0, 1
(21,92), 0, 1
(21,96), 0, 1
(22,0), 0, 1
(22,1), 0, 1
(22,2), 0, 1
(22,5), 0, 1
(22,6), 0, 1
(22,8), 0, 1
(22,10), 0, 1
(22,12), 0, 1
(22,13), 0, 1
(22,14), 0, 1
(22,15), 0, 1
(22,16), 0, 1
(22,17), 0, 1
(22,18), 0, 1
(22,21), 0, 1
(22,23), 0, 1
(22,24), 0, 1
(22,25), 0, 1
(22,26), 0, 1
(22,27), 0, 1
(22,29), 0, 1
(22,30), 0, 1
(22,32), 0, 1
(22,34), 0, 1
(22,35), 0, 1
(22,36), 0, 1
(22,38), 0, 1
(22,39), 0, 1
(22,40), 0, 1
(22,41), 0, 1
(22,42), 0, 1
(22,43), 0, 1
(22,45), 0, 1
(22,46), 0, 1
(22,47), 0, 1
(22,48), 0, 1
(22,50), 0, 1
(22,51), 0, 1
(22,52), 0, 1
(22,53), 0, 1
(22,54), 0, 1
(22,55), 0, 1
(22,56), 0, 1
(22,57), 0, 1
(22,64), 0, 1
(22,65), 0, 1
(22,67), 0, 1
(22,68), 0, 1
(22,70), 0, 1
(22,71), 0, 1
(22,72), 0, 1
(22,73), 0, 1
(22,75), 0, 1
(22,76), 0, 1
(22,77), 0, 1
(22,78), 0, 1
(22,79), 0, 1
(22,82), 0, 1
(22,83), 0, 1
(22,84), 0, 1
(22,86), 0, 1
(22,87), 0, 1
(22,88), 0, 1
(22,89), 0, 1
(22,90), 0, 1
(22,91), 0, 1
(22,92), 0, 1
(22,96), 0, 1
(23,2), 0, 1
(23,8), 0, 1
(23,14), 0, 1
(23,17), 0, 1
(23,22), 0, 1
(23,26), 0, 1
(23,34), 0, 1
(23,40), 0, 1
(23,41), 0, 1
(23,45), 0, 1
(23,48), 0, 1
(23,49), 0, 1
(23,52), 0, 1
(23,59), 0, 1
(23,64), 0, 1
(23,65), 0, 1
(23,71), 0, 1
(23,73), 0, 1
(23,75), 0, 1
(23,77), 0, 1
(23,82), 0, 1
(23,87), 0, 1
(23,88), 0, 1
(23,89), 0, 1
(24,2), 0, 1
(24,8), 0, 1
(24,13), 0, 1
(24,14), 0, 1
(24,17), 0, 1
(24,22), 0, 1
(24,26), 0, 1
(24,40), 0, 1
(24,45), 0, 1
(24,48), 0, 1
(24,49), 0, 1
(24,52), 0, 1
(24,59), 0, 1
(24,64), 0, 1
(24,65), 0, 1
(24,69), 0, 1
(24,71), 0, 1
(24,73), 0, 1
(24,75), 0, 1
(24,82), 0, 1
(24,87), 0, 1
(24,88), 0, 1
(24,89), 0, 1
(25,2), 0, 1
(25,8), 0, 1
(25,13), 0, 1
(25,14), 0, 1
(25,17), 0, 1
(25,26), 0, 1
(25,34), 0, 1
(25,40), 0, 1
(25,42), 0, 1
(25,45), 0, 1
(25,48), 0, 1
(25,49), 0, 1
(25,52), 0, 1
(25,59), 0, 1
(25,64), 0, 1
(25,65), 0, 1
(25,69), 0, 1
(25,71), 0, 1
(25,73), 0, 1
(25,75), 0, 1
(25,77), 0, 1
(25,82), 0, 1
(25,87), 0, 1
(25,88), 0, 1
(26,2), 0, 1
(26,8), 0, 1
(26,14), 0, 1
(26,17), 0, 1
(26,34), 0, 1
(26,41), 0, 1
(26,45), 0, 1
(26,48), 0, 1
(26,49), 0, 1
(26,59), 0, 1
(26,64), 0, 1
(26,65), 0, 1
(26,69), 0, 1
(26,71), 0, 1
(26,73), 0, 1
(26,75), 0, 1
(26,82), 0, 1
(26,88), 0, 1
(26,89), 0, 1
(27,0), 0, 1
(27,8), 0, 1
(27,11), 0, 1
(27,32), 0, 1
(27,35), 0, 1
(27,53), 0, 1
(27,54), 0, 1
(27,57), 0, 1
(27,72), 0, 1
(27,75), 0, 1
(27,91), 0, 1
(28,0), 0, 1
(28,23), 0, 1
(28,32), 0, 1
(28,35), 0, 1
(28,53), 0, 1
(28,54), 0, 1
(28,57), 0, 1
(28,72), 0, 1
(28,75), 0, 1
(29,0), 0, 1
(29,8), 0, 1
(29,32), 0, 1
(29,35), 0, 1
(29,53), 0, 1
(29,54), 0, 1
(29,57), 0, 1
(29,72), 0, 1
(29,75), 0, 1
(29,77), 0, 1
(29,91), 0, 1
(30,0), 0, 1
(30,8), 0, 1
(30,32), 0, 1
(30,35), 0, 1
(30,53), 0, 1
(30,54), 0, 1
(30,75), 0, 1
(30,77), 0, 1
(31,8), 0, 1
(31,23), 0, 1
(31,32), 0, 1
(31,35), 0, 1
(31,53), 0, 1
(31,54), 0, 1
(31,72), 0, 1
(31,75), 0, 1
(31,77), 0, 1
(32,2), 0, 1
(32,8), 0, 1
(32,13), 0, 1
(32,14), 0, 1
(32,17), 0, 1
(32,22), 0, 1
(32,26), 0, 1
(32,34), 0, 1
(32,40), 0, 1
(32,41), 0, 1
(32,45), 0, 1
(32,48), 0, 1
(32,49), 0, 1
(32,59), 0, 1
(32,64), 0, 1
(32,65), 0, 1
(32,69), 0, 1
(32,71), 0, 1
(32,73), 0, 1
(32,75), 0, 1
(32,77), 0, 1
(32,82), 0, 1
(32,88), 0, 1
(32,89), 0, 1
(33,0), 0, 1
(33,1), 0, 1
(33,2), 0, 1
(33,6), 0, 1
(33,7), 0, 1
(33,8), 0, 1
(33,9), 0, 1
(33,10), 0, 1
(33,12), 0, 1
(33,13), 0, 1
(33,14), 0, 1
(33,15), 0, 1
(33,16), 0, 1
(33,17), 0, 1
(33,18), 0, 1
(33,20), 0, 1
(33,21), 0, 1
(33,22), 0, 1
(33,23), 0, 1
(33,24), 0, 1
(33,25), 0, 1
(33,27), 0, 1
(33,29), 0, 1
(33,30), 0, 1
(33,31), 0, 1
(33,32), 0, 1
(33,35), 0, 1
(33,36), 0, 1
(33,38), 0, 1
(33,39), 0, 1
(33,40), 0, 1
(33,41), 0, 1
(33,43), 0, 1
(33,44), 0, 1
(33,45), 0, 1
(33,46), 0, 1
(33,47), 0, 1
(33,48), 0, 1
(33,49), 0, 1
(33,50), 0, 1
(33,51), 0, 1
(33,52), 0, 1
(33,53), 0, 1
(33,55), 0, 1
(33,56), 0, 1
(33,57), 0, 1
(33,59), 0, 1
(33,64), 0, 1
(33,65), 0, 1
(33,67), 0, 1
(33,69), 0, 1
(33,70), 0, 1
(33,71), 0, 1
(33,72), 0, 1
(33,73), 0, 1
(33,74), 0, 1
(33,75), 0, 1
(33,77), 0, 1
(33,79), 0, 1
(33,82), 0, 1
(33,83), 0, 1
(33,84), 0, 1
(33,85), 0, 1
(33,86), 0, 1
(33,87), 0, 1
(33,88), 0, 1
(33,89), 0, 1
(33,90), 0, 1
(33,92), 0, 1
(33,96), 0, 1
(34,2), 0, 1
(34,8), 0, 1
(34,14), 0, 1
(34,17), 0, 1
(34,26), 0, 1
(34,33), 0, 1
(34,40), 0, 1
(34,41), 0, 1
(34,45), 0, 1
(34,48), 0, 1
(34,52), 0, 1
(34,59), 0, 1
(34,65), 0, 1
(34,69), 0, 1
(34,71), 0, 1
(34,73), 0, 1
(34,75), 0, 1
(34,77), 0, 1
(34,82), 0, 1
(34,87), 0, 1
(34,88), 0, 1
(34,89), 0, 1
(35,1), 0, 1
(35,5), 0, 1
(35,6), 0, 1
(35,7), 0, 1
(35,9), 0, 1
(35,10), 0, 1
(35,12), 0, 1
(35,13), 0, 1
(35,14), 0, 1
(35,15), 0, 1
(35,16), 0, 1
(35,17), 0, 1
(35,18), 0, 1
(35,20), 0, 1
(35,22), 0, 1
(35,23), 0, 1
(35,24), 0, 1
(35,25), 0, 1
(35,26), 0, 1
(35,27), 0, 1
(35,28), 0, 1
(35,30), 0, 1
(35,31), 0, 1
(35,32), 0, 1
(35,34), 0, 1
(35,36), 0, 1
(35,40), 0, 1
(35,41), 0, 1
(35,43), 0, 1
(35,45), 0, 1
(35,46), 0, 1
(35,47), 0, 1
(35,48), 0, 1
(35,49), 0, 1
(35,50), 0, 1
(35,51), 0, 1
(35,53), 0, 1
(35,54), 0, 1
(35,55), 0, 1
(35,56), 0, 1
(35,57), 0, 1
(35,59), 0, 1
(35,61), 0, 1
(35,62), 0, 1
(35,64), 0, 1
(35,65), 0, 1
(35,67), 0, 1
(35,68), 0, 1
(35,69), 0, 1
(35,70), 0, 1
(35,71), 0, 1
(35,72), 0, 1
(35,73), 0, 1
(35,74), 0, 1
(35,75), 0, 1
(35,78), 0, 1
(35,79), 0, 1
(35,82), 0, 1
(35,83), 0, 1
(35,84), 0, 1
(35,85), 0, 1
(35,86), 0, 1
(35,87), 0, 1
(35,88), 0, 1
(35,89), 0, 1
(35,90), 0, 1
(35,91), 0, 1
(35,92), 0, 1
(35,96), 0, 1
(36,0), 0, 1
(36,8), 0, 1
(36,32), 0, 1
(36,53), 0, 1
(36,54), 0, 1
(36,57), 0, 1
(36,72), 0, 1
(36,75), 0, 1
(36,77), 0, 1
(37,2), 0, 1
(37,14), 0, 1
(37,17), 0, 1
(37,22), 0, 1
(37,26), 0, 1
(37,40), 0, 1
(37,41), 0, 1
(37,45), 0, 1
(37,48), 0, 1
(37,49), 0, 1
(37,59), 0, 1
(37,64), 0, 1
(37,65), 0, 1
(37,69), 0, 1
(37,71), 0, 1
(37,73), 0, 1
(37,75), 0, 1
(37,77), 0, 1
(37,82), 0, 1
(37,87), 0, 1
(37,88), 0, 1
(37,89), 0, 1
(38,2), 0, 1
(38,13), 0, 1
(38,17), 0, 1
(38,40), 0, 1
(38,41), 0, 1
(38,45), 0, 1
(38,48), 0, 1
(38,49), 0, 1
(38,52), 0, 1
(38,59), 0, 1
(38,64), 0, 1
(38,65), 0, 1
(38,69), 0, 1
(38,71), 0, 1
(38,73), 0, 1
(38,75), 0, 1
(38,82), 0, 1
(38,88), 0, 1
(38,89), 0, 1
(39,0), 0, 1
(39,3), 0, 1
(39,23), 0, 1
(39,32), 0, 1
(39,35), 0, 1
(39,53), 0, 1
(39,54), 0, 1
(39,57), 0, 1
(39,75), 0, 1
(39,77), 0, 1
(39,91), 0, 1
(40,8), 0, 1
(40,32), 0, 1
(40,35), 0, 1
(40,53), 0, 1
(40,54), 0, 1
(40,57), 0, 1
(40,72), 0, 1
(40,75), 0, 1
(40,77), 0, 1
(40,91), 0, 1
(41,0), 0, 1
(41,8), 0, 1
(41,23), 0, 1
(41,32), 0, 1
(41,35), 0, 1
(41,53), 0, 1
(41,54), 0, 1
(41,57), 0, 1
(41,72), 0, 1
(41,75), 0, 1
(41,77), 0, 1
(41,91), 0, 1
(42,8), 0, 1
(43,2), 0, 1
(43,8), 0, 1
(43,13), 0, 1
(43,14), 0, 1
(43,17), 0, 1
(43,26), 0, 1
(43,34), 0, 1
(43,40), 0, 1
(43,41), 0, 1
(43,45), 0, 1
(43,48), 0, 1
(43,49), 0, 1
(43,52), 0, 1
(43,59), 0, 1
(43,64), 0, 1
(43,65), 0, 1
(43,71), 0, 1
(43,73), 0, 1
(43,75), 0, 1
(43,77), 0, 1
(43,82), 0, 1
(43,87), 0, 1
(43,88), 0, 1
(43,89), 0, 1
(44,2), 0, 1
(44,8), 0, 1
(44,13), 0, 1
(44,14), 0, 1
(44,17), 0, 1
(44,26), 0, 1
(44,40), 0, 1
(44,41), 0, 1
(44,45), 0, 1
(44,48), 0, 1
(44,49), 0, 1
(44,52), 0, 1
(44,59), 0, 1
(44,69), 0, 1
(44,71), 0, 1
(44,73), 0, 1
(44,75), 0, 1
(44,77), 0, 1
(44,82), 0, 1
(44,87), 0, 1
(44,88), 0, 1
(44,89), 0, 1
(45,8), 0, 1
(45,75), 0, 1
(45,77), 0, 1
(46,0), 0, 1
(46,8), 0, 1
(46,23), 0, 1
(46,32), 0, 1
(46,35), 0, 1
(46,53), 0, 1
(46,54), 0, 1
(46,57), 0, 1
(46,72), 0, 1
(46,75), 0, 1
(46,77), 0, 1
(46,91), 0, 1
(47,0), 0, 1
(47,1), 0, 1
(47,2), 0, 1
(47,6), 0, 1
(47,7), 0, 1
(47,8), 0, 1
(47,10), 0, 1
(47,12), 0, 1
(47,13), 0, 1
(47,14), 0, 1
(47,15), 0, 1
(47,16), 0, 1
(47,17), 0, 1
(47,18), 0, 1
(47,20), 0, 1
(47,21), 0, 1
(47,22), 0, 1
(47,23), 0, 1
(47,24), 0, 1
(47,25), 0, 1
(47,26), 0, 1
(47,28), 0, 1
(47,29), 0, 1
(47,31), 0, 1
(47,32), 0, 1
(47,34), 0, 1
(47,35), 0, 1
(47,36), 0, 1
(47,38), 0, 1
(47,39), 0, 1
(47,40), 0, 1
(47,41), 0, 1
(47,43), 0, 1
(47,45), 0, 1
(47,46), 0, 1
(47,48), 0, 1
(47,50), 0, 1
(47,51), 0, 1
(47,52), 0, 1
(47,53), 0, 1
(47,54), 0, 1
(47,55), 0, 1
(47,56), 0, 1
(47,57), 0, 1
(47,59), 0, 1
(47,64), 0, 1
(47,65), 0, 1
(47,67), 0, 1
(47,68), 0, 1
(47,69), 0, 1
(47,70), 0, 1
(47,71), 0, 1
(47,73), 0, 1
(47,74), 0, 1
(47,75), 0, 1
(47,79), 0, 1
(47,82), 0, 1
(47,83), 0, 1
(47,84), 0, 1
(47,85), 0, 1
(47,86), 0, 1
(47,87), 0, 1
(47,88), 0, 1
(47,89), 0, 1
(47,90), 0, 1
(47,91), 0, 1
(47,92), 0, 1
(47,96), 0, 1
(48,0), 0, 1
(48,8), 0, 1
(48,32), 0, 1
(48,35), 0, 1
(48,53), 0, 1
(48,54), 0, 1
(48,57), 0, 1
(48,72), 0, 1
(48,75), 0, 1
(48,77), 0, 1
(49,0), 0, 1
(49,1), 0, 1
(49,5), 0, 1
(49,7), 0, 1
(49,8), 0, 1
(49,9), 0, 1
(49,10), 0, 1
(49,11), 0, 1
(49,12), 0, 1
(49,13), 0, 1
(49,16), 0, 1
(49,17), 0, 1
(49,18), 0, 1
(49,20), 0, 1
(49,21), 0, 1
(49,24), 0, 1
(49,25), 0, 1
(49,26), 0, 1
(49,27), 0, 1
(49,28), 0, 1
(49,29), 0, 1
(49,30), 0, 1
(49,31), 0, 1
(49,32), 0, 1
(49,33), 0, 1
(49,34), 0, 1
(49,36), 0, 1
(49,38), 0, 1
(49,39), 0, 1
(49,40), 0, 1
(49,41), 0, 1
(49,43), 0, 1
(49,45), 0, 1
(49,46), 0, 1
(49,47), 0, 1
(49,50), 0, 1
(49,51), 0, 1
(49,52), 0, 1
(49,53), 0, 1
(49,54), 0, 1
(49,55), 0, 1
(49,56), 0, 1
(49,57), 0, 1
(49,62), 0, 1
(49,64), 0, 1
(49,65), 0, 1
(49,67), 0, 1
(49,68), 0, 1
(49,69), 0, 1
(49,70), 0, 1
(49,71), 0, 1
(49,72), 0, 1
(49,73), 0, 1
(49,75), 0, 1
(49,77), 0, 1
(49,79), 0, 1
(49,83), 0, 1
(49,84), 0, 1
(49,85), 0, 1
(49,87), 0, 1
(49,88), 0, 1
(49,89), 0, 1
(49,90), 0, 1
(49,92), 0, 1
(49,96), 0, 1
(50,2), 0, 1
(50,13), 0, 1
(50,14), 0, 1
(50,17), 0, 1
(50,22), 0, 1
(50,26), 0, 1
(50,34), 0, 1
(50,40), 0, 1
(50,41), 0, 1
(50,45), 0, 1
(50,48), 0, 1
(50,49), 0, 1
(50,59), 0, 1
(50,64), 0, 1
(50,65), 0, 1
(50,69), 0, 1
(50,71), 0, 1
(50,73), 0, 1
(50,75), 0, 1
(50,82), 0, 1
(50,88), 0, 1
(50,89), 0, 1
(51,8), 0, 1
(51,13), 0, 1
(51,14), 0, 1
(51,17), 0, 1
(51,22), 0, 1
(51,26), 0, 1
(51,34), 0, 1
(51,40), 0, 1
(51,41), 0, 1
(51,48), 0, 1
(51,49), 0, 1
(51,52), 0, 1
(51,59), 0, 1
(51,64), 0, 1
(51,65), 0, 1
(51,69), 0, 1
(51,71), 0, 1
(51,73), 0, 1
(51,75), 0, 1
(51,77), 0, 1
(51,82), 0, 1
(51,87), 0, 1
(51,88), 0, 1
(51,89), 0, 1
(52,8), 0, 1
(52,13), 0, 1
(52,14), 0, 1
(52,17), 0, 1
(52,34), 0, 1
(52,41), 0, 1
(52,45), 0, 1
(52,48), 0, 1
(52,64), 0, 1
(52,65), 0, 1
(52,71), 0, 1
(52,73), 0, 1
(52,75), 0, 1
(52,77), 0, 1
(52,82), 0, 1
(52,87), 0, 1
(52,89), 0, 1
(53,2), 0, 1
(53,13), 0, 1
(53,14), 0, 1
(53,17), 0, 1
(53,22), 0, 1
(53,26), 0, 1
(53,34), 0, 1
(53,40), 0, 1
(53,41), 0, 1
(53,45), 0, 1
(53,48), 0, 1
(53,49), 0, 1
(53,52), 0, 1
(53,64), 0, 1
(53,65), 0, 1
(53,69), 0, 1
(53,71), 0, 1
(53,73), 0, 1
(53,77), 0, 1
(53,82), 0, 1
(53,87), 0, 1
(53,88), 0, 1
(53,89), 0, 1
(54,2), 0, 1
(54,13), 0, 1
(54,14), 0, 1
(54,17), 0, 1
(54,26), 0, 1
(54,34), 0, 1
(54,40), 0, 1
(54,41), 0, 1
(54,45), 0, 1
(54,48), 0, 1
(54,49), 0, 1
(54,52), 0, 1
(54,64), 0, 1
(54,65), 0, 1
(54,71), 0, 1
(54,73), 0, 1
(54,75), 0, 1
(54,77), 0, 1
(54,82), 0, 1
(54,88), 0, 1
(54,89), 0, 1
(55,2), 0, 1
(55,13), 0, 1
(55,14), 0, 1
(55,17), 0, 1
(55,26), 0, 1
(55,34), 0, 1
(55,40), 0, 1
(55,41), 0, 1
(55,42), 0, 1
(55,45), 0, 1
(55,48), 0, 1
(55,49), 0, 1
(55,52), 0, 1
(55,64), 0, 1
(55,65), 0, 1
(55,69), 0, 1
(55,71), 0, 1
(55,73), 0, 1
(55,75), 0, 1
(55,82), 0, 1
(55,87), 0, 1
(55,88), 0, 1
(56,8), 0, 1
(56,13), 0, 1
(56,14), 0, 1
(56,17), 0, 1
(56,26), 0, 1
(56,34), 0, 1
(56,40), 0, 1
(56,41), 0, 1
(56,42), 0, 1
(56,45), 0, 1
(56,48), 0, 1
(56,49), 0, 1
(56,52), 0, 1
(56,59), 0, 1
(56,64), 0, 1
(56,65), 0, 1
(56,69), 0, 1
(56,71), 0, 1
(56,73), 0, 1
(56,75), 0, 1
(56,77), 0, 1
(56,82), 0, 1
(56,87), 0, 1
(56,88), 0, 1
(56,89), 0, 1
(56,93), 0, 1
(57,0), 0, 1
(57,1), 0, 1
(57,6), 0, 1
(57,7), 0, 1
(57,8), 0, 1
(57,9), 0, 1
(57,10), 0, 1
(57,12), 0, 1
(57,13), 0, 1
(57,14), 0, 1
(57,15), 0, 1
(57,16), 0, 1
(57,17), 0, 1
(57,18), 0, 1
(57,20), 0, 1
(57,21), 0, 1
(57,22), 0, 1
(57,23), 0, 1
(57,24), 0, 1
(57,25), 0, 1
(57,26), 0, 1
(57,27), 0, 1
(57,28), 0, 1
(57,29), 0, 1
(57,31), 0, 1
(57,32), 0, 1
(57,34), 0, 1
(57,38), 0, 1
(57,39), 0, 1
(57,40), 0, 1
(57,41), 0, 1
(57,43), 0, 1
(57,45), 0, 1
(57,46), 0, 1
(57,48), 0, 1
(57,49), 0, 1
(57,50), 0, 1
(57,51), 0, 1
(57,53), 0, 1
(57,54), 0, 1
(57,55), 0, 1
(57,56), 0, 1
(57,59), 0, 1
(57,64), 0, 1
(57,65), 0, 1
(57,67), 0, 1
(57,68), 0, 1
(57,69), 0, 1
(57,70), 0, 1
(57,71), 0, 1
(57,72), 0, 1
(57,73), 0, 1
(57,74), 0, 1
(57,75), 0, 1
(57,78), 0, 1
(57,79), 0, 1
(57,82), 0, 1
(57,83), 0, 1
(57,84), 0, 1
(57,85), 0, 1
(57,86), 0, 1
(57,87), 0, 1
(57,88), 0, 1
(57,89), 0, 1
(57,90), 0, 1
(57,91), 0, 1
(57,92), 0, 1
(57,96), 0, 1
(58,2), 0, 1
(58,8), 0, 1
(58,13), 0, 1
(58,14), 0, 1
(58,17), 0, 1
(58,22), 0, 1
(58,34), 0, 1
(58,40), 0, 1
(58,41), 0, 1
(58,45), 0, 1
(58,48), 0, 1
(58,49), 0, 1
(58,52), 0, 1
(58,64), 0, 1
(58,65), 0, 1
(58,69), 0, 1
(58,71), 0, 1
(58,73), 0, 1
(58,75), 0, 1
(58,77), 0, 1
(58,82), 0, 1
(58,87), 0, 1
(58,88), 0, 1
(58,89), 0, 1
(59,0), 0, 1
(59,1), 0, 1
(59,2), 0, 1
(59,5), 0, 1
(59,6), 0, 1
(59,8), 0, 1
(59,9), 0, 1
(59,12), 0, 1
(59,14), 0, 1
(59,15), 0, 1
(59,16), 0, 1
(59,17), 0, 1
(59,18), 0, 1
(59,20), 0, 1
(59,22), 0, 1
(59,23), 0, 1
(59,24), 0, 1
(59,26), 0, 1
(59,27), 0, 1
(59,28), 0, 1
(59,29), 0, 1
(59,30), 0, 1
(59,31), 0, 1
(59,32), 0, 1
(59,35), 0, 1
(59,36), 0, 1
(59,38), 0, 1
(59,39), 0, 1
(59,40), 0, 1
(59,41), 0, 1
(59,42), 0, 1
(59,43), 0, 1
(59,45), 0, 1
(59,46), 0, 1
(59,47), 0, 1
(59,48), 0, 1
(59,49), 0, 1
(59,50), 0, 1
(59,51), 0, 1
(59,56), 0, 1
(59,57), 0, 1
(59,62), 0, 1
(59,64), 0, 1
(59,65), 0, 1
(59,67), 0, 1
(59,68), 0, 1
(59,70), 0, 1
(59,71), 0, 1
(59,72), 0, 1
(59,73), 0, 1
(59,74), 0, 1
(59,75), 0, 1
(59,76), 0, 1
(59,77), 0, 1
(59,78), 0, 1
(59,79), 0, 1
(59,83), 0, 1
(59,84), 0, 1
(59,85), 0, 1
(59,88), 0, 1
(59,89), 0, 1
(59,90), 0, 1
(59,91), 0, 1
(59,92), 0, 1
(59,96), 0, 1
(60,2), 0, 1
(60,8), 0, 1
(60,14), 0, 1
(60,17), 0, 1
(60,33), 0, 1
(60,34), 0, 1
(60,40), 0, 1
(60,41), 0, 1
(60,45), 0, 1
(60,48), 0, 1
(60,49), 0, 1
(60,52), 0, 1
(60,65), 0, 1
(60,69), 0, 1
(60,71), 0, 1
(60,73), 0, 1
(60,75), 0, 1
(60,77), 0, 1
(60,82), 0, 1
(60,87), 0, 1
(60,88), 0, 1
(60,89), 0, 1
(61,2), 0, 1
(61,13), 0, 1
(61,14), 0, 1
(61,22), 0, 1
(61,26), 0, 1
(61,40), 0, 1
(61,41), 0, 1
(61,44), 0, 1
(61,45), 0, 1
(61,48), 0, 1
(61,49), 0, 1
(61,52), 0, 1
(61,59), 0, 1
(61,64), 0, 1
(61,65), 0, 1
(61,69), 0, 1
(61,71), 0, 1
(61,75), 0, 1
(61,77), 0, 1
(61,82), 0, 1
(61,87), 0, 1
(61,88), 0, 1
(61,89), 0, 1
(62,0), 0, 1
(62,1), 0, 1
(62,2), 0, 1
(62,5), 0, 1
(62,6), 0, 1
(62,7), 0, 1
(62,8), 0, 1
(62,9), 0, 1
(62,10), 0, 1
(62,12), 0, 1
(62,14), 0, 1
(62,17), 0, 1
(62,18), 0, 1
(62,20), 0, 1
(62,21), 0, 1
(62,22), 0, 1
(62,23), 0, 1
(62,24), 0, 1
(62,27), 0, 1
(62,28), 0, 1
(62,29), 0, 1
(62,31), 0, 1
(62,32), 0, 1
(62,35), 0, 1
(62,38), 0, 1
(62,39), 0, 1
(62,40), 0, 1
(62,41), 0, 1
(62,43), 0, 1
(62,44), 0, 1
(62,45), 0, 1
(62,46), 0, 1
(62,47), 0, 1
(62,48), 0, 1
(62,51), 0, 1
(62,53), 0, 1
(62,55), 0, 1
(62,56), 0, 1
(62,64), 0, 1
(62,65), 0, 1
(62,67), 0, 1
(62,68), 0, 1
(62,71), 0, 1
(62,72), 0, 1
(62,73), 0, 1
(62,74), 0, 1
(62,75), 0, 1
(62,77), 0, 1
(62,78), 0, 1
(62,79), 0, 1
(62,82), 0, 1
(62,83), 0, 1
(62,84), 0, 1
(62,85), 0, 1
(62,86), 0, 1
(62,87), 0, 1
(62,89), 0, 1
(62,90), 0, 1
(62,91), 0, 1
(62,92), 0, 1
(62,96), 0, 1
(63,0), 0, 1
(63,1), 0, 1
(63,5), 0, 1
(63,7), 0, 1
(63,8), 0, 1
(63,10), 0, 1
(63,12), 0, 1
(63,13), 0, 1
(63,14), 0, 1
(63,15), 0, 1
(63,16), 0, 1
(63,17), 0, 1
(63,18), 0, 1
(63,20), 0, 1
(63,21), 0, 1
(63,22), 0, 1
(63,23), 0, 1
(63,24), 0, 1
(63,27), 0, 1
(63,28), 0, 1
(63,29), 0, 1
(63,32), 0, 1
(63,33), 0, 1
(63,34), 0, 1
(63,35), 0, 1
(63,36), 0, 1
(63,40), 0, 1
(63,41), 0, 1
(63,43), 0, 1
(63,45), 0, 1
(63,46), 0, 1
(63,47), 0, 1
(63,48), 0, 1
(63,49), 0, 1
(63,50), 0, 1
(63,51), 0, 1
(63,52), 0, 1
(63,54), 0, 1
(63,55), 0, 1
(63,62), 0, 1
(63,64), 0, 1
(63,65), 0, 1
(63,67), 0, 1
(63,68), 0, 1
(63,69), 0, 1
(63,70), 0, 1
(63,71), 0, 1
(63,72), 0, 1
(63,73), 0, 1
(63,74), 0, 1
(63,75), 0, 1
(63,78), 0, 1
(63,79), 0, 1
(63,82), 0, 1
(63,83), 0, 1
(63,84), 0, 1
(63,85), 0, 1
(63,86), 0, 1
(63,87), 0, 1
(63,88), 0, 1
(63,89), 0, 1
(63,90), 0, 1
(63,91), 0, 1
(63,92), 0, 1
(63,95), 0, 1
(63,96), 0, 1
(64,0), 0, 1
(64,2), 0, 1
(64,5), 0, 1
(64,6), 0, 1
(64,7), 0, 1
(64,8), 0, 1
(64,9), 0, 1
(64,10), 0, 1
(64,11), 0, 1
(64,13), 0, 1
(64,14), 0, 1
(64,15), 0, 1
(64,16), 0, 1
(64,17), 0, 1
(64,18), 0, 1
(64,20), 0, 1
(64,21), 0, 1
(64,22), 0, 1
(64,23), 0, 1
(64,24), 0, 1
(64,27), 0, 1
(64,28), 0, 1
(64,30), 0, 1
(64,31), 0, 1
(64,32), 0, 1
(64,34), 0, 1
(64,35), 0, 1
(64,36), 0, 1
(64,38), 0, 1
(64,39), 0, 1
(64,40), 0, 1
(64,43), 0, 1
(64,45), 0, 1
(64,46), 0, 1
(64,47), 0, 1
(64,48), 0, 1
(64,49), 0, 1
(64,50), 0, 1
(64,51), 0, 1
(64,52), 0, 1
(64,53), 0, 1
(64,54), 0, 1
(64,55), 0, 1
(64,58), 0, 1
(64,59), 0, 1
(64,61), 0, 1
(64,62), 0, 1
(64,67), 0, 1
(64,68), 0, 1
(64,69), 0, 1
(64,70), 0, 1
(64,71), 0, 1
(64,72), 0, 1
(64,73), 0, 1
(64,74), 0, 1
(64,75), 0, 1
(64,77), 0, 1
(64,78), 0, 1
(64,79), 0, 1
(64,82), 0, 1
(64,83), 0, 1
(64,84), 0, 1
(64,86), 0, 1
(64,87), 0, 1
(64,88), 0, 1
(64,89), 0, 1
(64,90), 0, 1
(64,91), 0, 1
(64,92), 0, 1
(65,0), 0, 1
(65,8), 0, 1
(65,23), 0, 1
(65,32), 0, 1
(65,35), 0, 1
(65,53), 0, 1
(65,54), 0, 1
(65,57), 0, 1
(65,72), 0, 1
(65,75), 0, 1
(65,77), 0, 1
(66,0), 0, 1
(66,8), 0, 1
(66,23), 0, 1
(66,32), 0, 1
(66,35), 0, 1
(66,53), 0, 1
(66,54), 0, 1
(66,57), 0, 1
(66,72), 0, 1
(66,75), 0, 1
(67,23), 0, 1
(67,32), 0, 1
(67,53), 0, 1
(67,54), 0, 1
(67,57), 0, 1
(67,72), 0, 1
(67,77), 0, 1
(67,91), 0, 1
(68,13), 0, 1
(68,14), 0, 1
(68,17), 0, 1
(68,22), 0, 1
(68,26), 0, 1
(68,34), 0, 1
(68,40), 0, 1
(68,41), 0, 1
(68,45), 0, 1
(68,48), 0, 1
(68,52), 0, 1
(68,59), 0, 1
(68,64), 0, 1
(68,65), 0, 1
(68,69), 0, 1
(68,71), 0, 1
(68,73), 0, 1
(68,75), 0, 1
(68,77), 0, 1
(68,82), 0, 1
(68,89), 0, 1
(69,1), 0, 1
(69,6), 0, 1
(69,7), 0, 1
(69,8), 0, 1
(69,10), 0, 1
(69,12), 0, 1
(69,13), 0, 1
(69,14), 0, 1
(69,15), 0, 1
(69,16), 0, 1
(69,17), 0, 1
(69,18), 0, 1
(69,21), 0, 1
(69,23), 0, 1
(69,24), 0, 1
(69,26), 0, 1
(69,27), 0, 1
(69,28), 0, 1
(69,29), 0, 1
(69,31), 0, 1
(69,32), 0, 1
(69,34), 0, 1
(69,35), 0, 1
(69,36), 0, 1
(69,37), 0, 1
(69,38), 0, 1
(69,39), 0, 1
(69,40), 0, 1
(69,41), 0, 1
(69,43), 0, 1
(69,45), 0, 1
(69,46), 0, 1
(69,47), 0, 1
(69,48), 0, 1
(69,49), 0, 1
(69,50), 0, 1
(69,51), 0, 1
(69,52), 0, 1
(69,55), 0, 1
(69,56), 0, 1
(69,57), 0, 1
(69,59), 0, 1
(69,62), 0, 1
(69,64), 0, 1
(69,65), 0, 1
(69,67), 0, 1
(69,68), 0, 1
(69,71), 0, 1
(69,73), 0, 1
(69,74), 0, 1
(69,75), 0, 1
(69,77), 0, 1
(69,78), 0, 1
(69,79), 0, 1
(69,82), 0, 1
(69,83), 0, 1
(69,84), 0, 1
(69,85), 0, 1
(69,86), 0, 1
(69,87), 0, 1
(69,88), 0, 1
(69,89), 0, 1
(69,90), 0, 1
(69,91), 0, 1
(69,92), 0, 1
(69,96), 0, 1
(70,1), 0, 1
(70,5), 0, 1
(70,6), 0, 1
(70,7), 0, 1
(70,8), 0, 1
(70,9), 0, 1
(70,10), 0, 1
(70,12), 0, 1
(70,13), 0, 1
(70,14), 0, 1
(70,15), 0, 1
(70,16), 0, 1
(70,17), 0, 1
(70,18), 0, 1
(70,20), 0, 1
(70,21), 0, 1
(70,23), 0, 1
(70,24), 0, 1
(70,25), 0, 1
(70,27), 0, 1
(70,28), 0, 1
(70,29), 0, 1
(70,30), 0, 1
(70,32), 0, 1
(70,34), 0, 1
(70,35), 0, 1
(70,36), 0, 1
(70,38), 0, 1
(70,39), 0, 1
(70,41), 0, 1
(70,42), 0, 1
(70,43), 0, 1
(70,45), 0, 1
(70,46), 0, 1
(70,47), 0, 1
(70,48), 0, 1
(70,49), 0, 1
(70,50), 0, 1
(70,53), 0, 1
(70,54), 0, 1
(70,55), 0, 1
(70,56), 0, 1
(70,57), 0, 1
(70,59), 0, 1
(70,62), 0, 1
(70,64), 0, 1
(70,65), 0, 1
(70,67), 0, 1
(70,68), 0, 1
(70,69), 0, 1
(70,71), 0, 1
(70,72), 0, 1
(70,73), 0, 1
(70,75), 0, 1
(70,77), 0, 1
(70,78), 0, 1
(70,79), 0, 1
(70,82), 0, 1
(70,83), 0, 1
(70,85), 0, 1
(70,87), 0, 1
(70,89), 0, 1
(70,90), 0, 1
(70,91), 0, 1
(70,92), 0, 1
(70,96), 0, 1
(71,0), 0, 1
(71,11), 0, 1
(71,23), 0, 1
(71,32), 0, 1
(71,35), 0, 1
(71,53), 0, 1
(71,54), 0, 1
(71,57), 0, 1
(71,72), 0, 1
(71,75), 0, 1
(71,77), 0, 1
(71,91), 0, 1
(72,2), 0, 1
(72,8), 0, 1
(72,14), 0, 1
(72,17), 0, 1
(72,40), 0, 1
(72,41), 0, 1
(72,45), 0, 1
(72,48), 0, 1
(72,49), 0, 1
(72,52), 0, 1
(72,59), 0, 1
(72,64), 0, 1
(72,65), 0, 1
(72,69), 0, 1
(72,71), 0, 1
(72,73), 0, 1
(72,75), 0, 1
(72,82), 0, 1
(72,87), 0, 1
(72,88), 0, 1
(72,89), 0, 1
(73,8), 0, 1
(73,75), 0, 1
(73,77), 0, 1
(74,8), 0, 1
(74,14), 0, 1
(74,17), 0, 1
(74,22), 0, 1
(74,40), 0, 1
(74,41), 0, 1
(74,45), 0, 1
(74,48), 0, 1
(74,52), 0, 1
(74,59), 0, 1
(74,64), 0, 1
(74,65), 0, 1
(74,71), 0, 1
(74,73), 0, 1
(74,75), 0, 1
(74,77), 0, 1
(74,82), 0, 1
(74,88), 0, 1
(74,89), 0, 1
(75,1), 0, 1
(75,2), 0, 1
(75,6), 0, 1
(75,7), 0, 1
(75,8), 0, 1
(75,9), 0, 1
(75,10), 0, 1
(75,11), 0, 1
(75,12), 0, 1
(75,13), 0, 1
(75,14), 0, 1
(75,15), 0, 1
(75,16), 0, 1
(75,17), 0, 1
(75,18), 0, 1
(75,21), 0, 1
(75,23), 0, 1
(75,24), 0, 1
(75,25), 0, 1
(75,26), 0, 1
(75,27), 0, 1
(75,28), 0, 1
(75,29), 0, 1
(75,30), 0, 1
(75,31), 0, 1
(75,32), 0, 1
(75,34), 0, 1
(75,35), 0, 1
(75,36), 0, 1
(75,38), 0, 1
(75,39), 0, 1
(75,40), 0, 1
(75,41), 0, 1
(75,43), 0, 1
(75,45), 0, 1
(75,47), 0, 1
(75,48), 0, 1
(75,49), 0, 1
(75,50), 0, 1
(75,51), 0, 1
(75,52), 0, 1
(75,54), 0, 1
(75,55), 0, 1
(75,57), 0, 1
(75,59), 0, 1
(75,62), 0, 1
(75,64), 0, 1
(75,65), 0, 1
(75,67), 0, 1
(75,69), 0, 1
(75,70), 0, 1
(75,71), 0, 1
(75,73), 0, 1
(75,74), 0, 1
(75,77), 0, 1
(75,79), 0, 1
(75,82), 0, 1
(75,83), 0, 1
(75,85), 0, 1
(75,86), 0, 1
(75,87), 0, 1
(75,88), 0, 1
(75,89), 0, 1
(75,90), 0, 1
(75,92), 0, 1
(76,0), 0, 1
(76,1), 0, 1
(76,2), 0, 1
(76,5), 0, 1
(76,6), 0, 1
(76,7), 0, 1
(76,10), 0, 1
(76,11), 0, 1
(76,12), 0, 1
(76,13), 0, 1
(76,14), 0, 1
(76,15), 0, 1
(76,16), 0, 1
(76,17), 0, 1
(76,18), 0, 1
(76,20), 0, 1
(76,21), 0, 1
(76,22), 0, 1
(76,23), 0, 1
(76,24), 0, 1
(76,26), 0, 1
(76,27), 0, 1
(76,28), 0, 1
(76,29), 0, 1
(76,30), 0, 1
(76,31), 0, 1
(76,32), 0, 1
(76,34), 0, 1
(76,36), 0, 1
(76,37), 0, 1
(76,38), 0, 1
(76,40), 0, 1
(76,41), 0, 1
(76,43), 0, 1
(76,45), 0, 1
(76,46), 0, 1
(76,47), 0, 1
(76,48), 0, 1
(76,49), 0, 1
(76,50), 0, 1
(76,51), 0, 1
(76,53), 0, 1
(76,54), 0, 1
(76,55), 0, 1
(76,56), 0, 1
(76,57), 0, 1
(76,59), 0, 1
(76,62), 0, 1
(76,64), 0, 1
(76,65), 0, 1
(76,67), 0, 1
(76,68), 0, 1
(76,69), 0, 1
(76,70), 0, 1
(76,71), 0, 1
(76,73), 0, 1
(76,74), 0, 1
(76,75), 0, 1
(76,77), 0, 1
(76,78), 0, 1
(76,79), 0, 1
(76,82), 0, 1
(76,83), 0, 1
(76,84), 0, 1
(76,85), 0, 1
(76,87), 0, 1
(76,88), 0, 1
(76,89), 0, 1
(76,90), 0, 1
(76,91), 0, 1
(76,92), 0, 1
(76,96), 0, 1
(77,2), 0, 1
(77,8), 0, 1
(77,13), 0, 1
(77,14), 0, 1
(77,17), 0, 1
(77,22), 0, 1
(77,26), 0, 1
(77,34), 0, 1
(77,40), 0, 1
(77,41), 0, 1
(77,45), 0, 1
(77,48), 0, 1
(77,49), 0, 1
(77,52), 0, 1
(77,64), 0, 1
(77,65), 0, 1
(77,69), 0, 1
(77,71), 0, 1
(77,73), 0, 1
(77,75), 0, 1
(77,82), 0, 1
(77,88), 0, 1
(77,89), 0, 1
(78,2), 0, 1
(78,8), 0, 1
(78,14), 0, 1
(78,17), 0, 1
(78,22), 0, 1
(78,26), 0, 1
(78,34), 0, 1
(78,40), 0, 1
(78,41), 0, 1
(78,45), 0, 1
(78,48), 0, 1
(78,64), 0, 1
(78,65), 0, 1
(78,69), 0, 1
(78,71), 0, 1
(78,73), 0, 1
(78,77), 0, 1
(78,87), 0, 1
(78,88), 0, 1
(78,89), 0, 1
(79,0), 0, 1
(79,32), 0, 1
(79,53), 0, 1
(79,54), 0, 1
(79,57), 0, 1
(79,72), 0, 1
(79,75), 0, 1
(79,91), 0, 1
(80,0), 0, 1
(80,8), 0, 1
(80,32), 0, 1
(80,35), 0, 1
(80,53), 0, 1
(80,54), 0, 1
(80,57), 0, 1
(80,72), 0, 1
(80,75), 0, 1
(80,77), 0, 1
(80,91), 0, 1
(81,2), 0, 1
(81,8), 0, 1
(81,13), 0, 1
(81,14), 0, 1
(81,17), 0, 1
(81,22), 0, 1
(81,26), 0, 1
(81,34), 0, 1
(81,40), 0, 1
(81,41), 0, 1
(81,42), 0, 1
(81,45), 0, 1
(81,48), 0, 1
(81,49), 0, 1
(81,64), 0, 1
(81,65), 0, 1
(81,69), 0, 1
(81,71), 0, 1
(81,73), 0, 1
(81,75), 0, 1
(81,82), 0, 1
(81,87), 0, 1
(81,88), 0, 1
(82,23), 0, 1
(82,32), 0, 1
(82,35), 0, 1
(82,53), 0, 1
(82,54), 0, 1
(82,72), 0, 1
(82,75), 0, 1
(82,77), 0, 1
(82,91), 0, 1
(83,0), 0, 1
(83,8), 0, 1
(83,23), 0, 1
(83,32), 0, 1
(83,35), 0, 1
(83,53), 0, 1
(83,54), 0, 1
(83,57), 0, 1
(83,72), 0, 1
(83,75), 0, 1
(83,77), 0, 1
(83,91), 0, 1
(84,2), 0, 1
(84,8), 0, 1
(84,13), 0, 1
(84,14), 0, 1
(84,17), 0, 1
(84,22), 0, 1
(84,41), 0, 1
(84,42), 0, 1
(84,45), 0, 1
(84,48), 0, 1
(84,49), 0, 1
(84,59), 0, 1
(84,64), 0, 1
(84,65), 0, 1
(84,71), 0, 1
(84,73), 0, 1
(84,77), 0, 1
(84,82), 0, 1
(84,87), 0, 1
(84,88), 0, 1
(84,89), 0, 1
(85,2), 0, 1
(85,8), 0, 1
(85,13), 0, 1
(85,14), 0, 1
(85,17), 0, 1
(85,26), 0, 1
(85,34), 0, 1
(85,40), 0, 1
(85,41), 0, 1
(85,45), 0, 1
(85,48), 0, 1
(85,49), 0, 1
(85,52), 0, 1
(85,59), 0, 1
(85,64), 0, 1
(85,65), 0, 1
(85,71), 0, 1
(85,73), 0, 1
(85,75), 0, 1
(85,77), 0, 1
(85,82), 0, 1
(85,87), 0, 1
(85,88), 0, 1
(85,89), 0, 1
(86,1), 0, 1
(86,2), 0, 1
(86,4), 0, 1
(86,5), 0, 1
(86,7), 0, 1
(86,8), 0, 1
(86,9), 0, 1
(86,10), 0, 1
(86,12), 0, 1
(86,13), 0, 1
(86,14), 0, 1
(86,15), 0, 1
(86,16), 0, 1
(86,17), 0, 1
(86,18), 0, 1
(86,20), 0, 1
(86,21), 0, 1
(86,22), 0, 1
(86,23), 0, 1
(86,24), 0, 1
(86,26), 0, 1
(86,27), 0, 1
(86,28), 0, 1
(86,31), 0, 1
(86,32), 0, 1
(86,36), 0, 1
(86,38), 0, 1
(86,39), 0, 1
(86,40), 0, 1
(86,41), 0, 1
(86,43), 0, 1
(86,45), 0, 1
(86,46), 0, 1
(86,47), 0, 1
(86,48), 0, 1
(86,49), 0, 1
(86,50), 0, 1
(86,51), 0, 1
(86,52), 0, 1
(86,53), 0, 1
(86,54), 0, 1
(86,55), 0, 1
(86,56), 0, 1
(86,57), 0, 1
(86,58), 0, 1
(86,59), 0, 1
(86,62), 0, 1
(86,64), 0, 1
(86,65), 0, 1
(86,66), 0, 1
(86,67), 0, 1
(86,68), 0, 1
(86,69), 0, 1
(86,70), 0, 1
(86,71), 0, 1
(86,72), 0, 1
(86,73), 0, 1
(86,74), 0, 1
(86,75), 0, 1
(86,77), 0, 1
(86,78), 0, 1
(86,80), 0, 1
(86,82), 0, 1
(86,83), 0, 1
(86,84), 0, 1
(86,85), 0, 1
(86,88), 0, 1
(86,89), 0, 1
(86,90), 0, 1
(86,91), 0, 1
(86,92), 0, 1
(86,96), 0, 1
(87,0), 0, 1
(87,1), 0, 1
(87,2), 0, 1
(87,5), 0, 1
(87,8), 0, 1
(87,9), 0, 1
(87,10), 0, 1
(87,13), 0, 1
(87,14), 0, 1
(87,15), 0, 1
(87,18), 0, 1
(87,21), 0, 1
(87,22), 0, 1
(87,24), 0, 1
(87,25), 0, 1
(87,26), 0, 1
(87,27), 0, 1
(87,28), 0, 1
(87,29), 0, 1
(87,30), 0, 1
(87,31), 0, 1
(87,32), 0, 1
(87,33), 0, 1
(87,35), 0, 1
(87,36), 0, 1
(87,37), 0, 1
(87,38), 0, 1
(87,39), 0, 1
(87,40), 0, 1
(87,41), 0, 1
(87,43), 0, 1
(87,45), 0, 1
(87,46), 0, 1
(87,47), 0, 1
(87,48), 0, 1
(87,49), 0, 1
(87,50), 0, 1
(87,51), 0, 1
(87,53), 0, 1
(87,54), 0, 1
(87,55), 0, 1
(87,56), 0, 1
(87,61), 0, 1
(87,62), 0, 1
(87,63), 0, 1
(87,64), 0, 1
(87,65), 0, 1
(87,67), 0, 1
(87,69), 0, 1
(87,70), 0, 1
(87,71), 0, 1
(87,72), 0, 1
(87,73), 0, 1
(87,74), 0, 1
(87,75), 0, 1
(87,79), 0, 1
(87,82), 0, 1
(87,83), 0, 1
(87,84), 0, 1
(87,86), 0, 1
(87,88), 0, 1
(87,89), 0, 1
(87,90), 0, 1
(87,91), 0, 1
(87,92), 0, 1
(87,95), 0, 1
(87,96), 0, 1
(88,0), 0, 1
(88,3), 0, 1
(88,8), 0, 1
(88,23), 0, 1
(88,32), 0, 1
(88,53), 0, 1
(88,54), 0, 1
(88,57), 0, 1
(88,72), 0, 1
(88,75), 0, 1
(88,91), 0, 1
(89,8), 0, 1
(89,75), 0, 1
(89,77), 0, 1
(90,8), 0, 1
(90,14), 0, 1
(90,17), 0, 1
(90,22), 0, 1
(90,26), 0, 1
(90,40), 0, 1
(90,41), 0, 1
(90,45), 0, 1
(90,48), 0, 1
(90,49), 0, 1
(90,52), 0, 1
(90,59), 0, 1
(90,64), 0, 1
(90,65), 0, 1
(90,69), 0, 1
(90,71), 0, 1
(90,73), 0, 1
(90,75), 0, 1
(90,77), 0, 1
(90,82), 0, 1
(90,87), 0, 1
(90,88), 0, 1
(90,89), 0, 1
(91,2), 0, 1
(91,8), 0, 1
(91,13), 0, 1
(91,14), 0, 1
(91,17), 0, 1
(91,34), 0, 1
(91,40), 0, 1
(91,41), 0, 1
(91,45), 0, 1
(91,48), 0, 1
(91,49), 0, 1
(91,52), 0, 1
(91,59), 0, 1
(91,64), 0, 1
(91,71), 0, 1
(91,73), 0, 1
(91,75), 0, 1
(91,77), 0, 1
(91,82), 0, 1
(91,87), 0, 1
(91,88), 0, 1
(91,89), 0, 1
(92,2), 0, 1
(92,8), 0, 1
(92,13), 0, 1
(92,14), 0, 1
(92,22), 0, 1
(92,26), 0, 1
(92,33), 0, 1
(92,34), 0, 1
(92,40), 0, 1
(92,41), 0, 1
(92,44), 0, 1
(92,45), 0, 1
(92,48), 0, 1
(92,64), 0, 1
(92,65), 0, 1
(92,69), 0, 1
(92,71), 0, 1
(92,73), 0, 1
(92,75), 0, 1
(92,82), 0, 1
(92,87), 0, 1
(92,88), 0, 1
(92,89), 0, 1
(93,8), 0, 1
(93,13), 0, 1
(93,14), 0, 1
(93,17), 0, 1
(93,26), 0, 1
(93,34), 0, 1
(93,40), 0, 1
(93,41), 0, 1
(93,45), 0, 1
(93,48), 0, 1
(93,52), 0, 1
(93,59), 0, 1
(93,64), 0, 1
(93,65), 0, 1
(93,69), 0, 1
(93,71), 0, 1
(93,73), 0, 1
(93,75), 0, 1
(93,77), 0, 1
(93,82), 0, 1
(93,87), 0, 1
(93,88), 0, 1
(93,89), 0, 1
(94,1), 0, 1
(94,2), 0, 1
(94,6), 0, 1
(94,7), 0, 1
(94,12), 0, 1
(94,14), 0, 1
(94,15), 0, 1
(94,16), 0, 1
(94,17), 0, 1
(94,18), 0, 1
(94,20), 0, 1
(94,21), 0, 1
(94,24), 0, 1
(94,25), 0, 1
(94,26), 0, 1
(94,27), 0, 1
(94,28), 0, 1
(94,29), 0, 1
(94,30), 0, 1
(94,32), 0, 1
(94,34), 0, 1
(94,36), 0, 1
(94,38), 0, 1
(94,39), 0, 1
(94,40), 0, 1
(94,41), 0, 1
(94,43), 0, 1
(94,44), 0, 1
(94,45), 0, 1
(94,46), 0, 1
(94,47), 0, 1
(94,48), 0, 1
(94,49), 0, 1
(94,50), 0, 1
(94,51), 0, 1
(94,54), 0, 1
(94,55), 0, 1
(94,56), 0, 1
(94,57), 0, 1
(94,59), 0, 1
(94,61), 0, 1
(94,64), 0, 1
(94,65), 0, 1
(94,67), 0, 1
(94,68), 0, 1
(94,70), 0, 1
(94,71), 0, 1
(94,72), 0, 1
(94,73), 0, 1
(94,74), 0, 1
(94,75), 0, 1
(94,79), 0, 1
(94,82), 0, 1
(94,83), 0, 1
(94,84), 0, 1
(94,85), 0, 1
(94,87), 0, 1
(94,88), 0, 1
(94,89), 0, 1
(94,90), 0, 1
(94,91), 0, 1
(94,92), 0, 1
(94,96), 0, 1
(95,0), 0, 1
(95,1), 0, 1
(95,2), 0, 1
(95,4), 0, 1
(95,5), 0, 1
(95,7), 0, 1
(95,9), 0, 1
(95,10), 0, 1
(95,12), 0, 1
(95,14), 0, 1
(95,15), 0, 1
(95,16), 0, 1
(95,17), 0, 1
(95,18), 0, 1
(95,21), 0, 1
(95,22), 0, 1
(95,23), 0, 1
(95,24), 0, 1
(95,25), 0, 1
(95,26), 0, 1
(95,27), 0, 1
(95,28), 0, 1
(95,29), 0, 1
(95,32), 0, 1
(95,34), 0, 1
(95,35), 0, 1
(95,36), 0, 1
(95,37), 0, 1
(95,38), 0, 1
(95,39), 0, 1
(95,40), 0, 1
(95,41), 0, 1
(95,43), 0, 1
(95,45), 0, 1
(95,46), 0, 1
(95,48), 0, 1
(95,50), 0, 1
(95,51), 0, 1
(95,52), 0, 1
(95,53), 0, 1
(95,54), 0, 1
(95,55), 0, 1
(95,56), 0, 1
(95,57), 0, 1
(95,61), 0, 1
(95,62), 0, 1
(95,64), 0, 1
(95,65), 0, 1
(95,67), 0, 1
(95,68), 0, 1
(95,69), 0, 1
(95,70), 0, 1
(95,71), 0, 1
(95,72), 0, 1
(95,73), 0, 1
(95,74), 0, 1
(95,75), 0, 1
(95,78), 0, 1
(95,79), 0, 1
(95,82), 0, 1
(95,83), 0, 1
(95,84), 0, 1
(95,86), 0, 1
(95,87), 0, 1
(95,88), 0, 1
(95,89), 0, 1
(95,90), 0, 1
(95,91), 0, 1
(95,92), 0, 1
(95,96), 0, 1
(96,2), 0, 1
(96,8), 0, 1
(96,13), 0, 1
(96,14), 0, 1
(96,17), 0, 1
(96,22), 0, 1
(96,34), 0, 1
(96,40), 0, 1
(96,41), 0, 1
(96,48), 0, 1
(96,52), 0, 1
(96,59), 0, 1
(96,64), 0, 1
(96,65), 0, 1
(96,69), 0, 1
(96,71), 0, 1
(96,75), 0, 1
(96,82), 0, 1
(96,87), 0, 1
(96,88), 0, 1
(96,89), 0, 1
(96,93), 0, 1
(97,0), 0, 1
(97,3), 0, 1
(97,8), 0, 1
(97,23), 0, 1
(97,32), 0, 1
(97,35), 0, 1
(97,53), 0, 1
(97,54), 0, 1
(97,75), 0, 1
(97,77), 0, 1
(97,91), 0, 1
(98,0), 0, 1
(98,5), 0, 1
(98,7), 0, 1
(98,8), 0, 1
(98,9), 0, 1
(98,10), 0, 1
(98,12), 0, 1
(98,13), 0, 1
(98,14), 0, 1
(98,15), 0, 1
(98,16), 0, 1
(98,17), 0, 1
(98,18), 0, 1
(98,21), 0, 1
(98,22), 0, 1
(98,24), 0, 1
(98,25), 0, 1
(98,26), 0, 1
(98,28), 0, 1
(98,29), 0, 1
(98,30), 0, 1
(98,31), 0, 1
(98,32), 0, 1
(98,35), 0, 1
(98,36), 0, 1
(98,38), 0, 1
(98,39), 0, 1
(98,40), 0, 1
(98,41), 0, 1
(98,42), 0, 1
(98,43), 0, 1
(98,45), 0, 1
(98,46), 0, 1
(98,47), 0, 1
(98,48), 0, 1
(98,49), 0, 1
(98,50), 0, 1
(98,51), 0, 1
(98,53), 0, 1
(98,54), 0, 1
(98,55), 0, 1
(98,57), 0, 1
(98,62), 0, 1
(98,64), 0, 1
(98,65), 0, 1
(98,67), 0, 1
(98,68), 0, 1
(98,69), 0, 1
(98,70), 0, 1
(98,72), 0, 1
(98,73), 0, 1
(98,74), 0, 1
(98,75), 0, 1
(98,82), 0, 1
(98,83), 0, 1
(98,84), 0, 1
(98,85), 0, 1
(98,87), 0, 1
(98,88), 0, 1
(98,89), 0, 1
(98,90), 0, 1
(98,91), 0, 1
(98,92), 0, 1
(98,96), 0, 1
(99,0), 0, 1
(99,1), 0, 1
(99,2), 0, 1
(99,6), 0, 1
(99,7), 0, 1
(99,8), 0, 1
(99,10), 0, 1
(99,12), 0, 1
(99,13), 0, 1
(99,14), 0, 1
(99,15), 0, 1
(99,16), 0, 1
(99,17), 0, 1
(99,18), 0, 1
(99,19), 0, 1
(99,20), 0, 1
(99,21), 0, 1
(99,23), 0, 1
(99,25), 0, 1
(99,26), 0, 1
(99,27), 0, 1
(99,28), 0, 1
(99,29), 0, 1
(99,30), 0, 1
(99,31), 0, 1
(99,32), 0, 1
(99,33), 0, 1
(99,34), 0, 1
(99,35), 0, 1
(99,36), 0, 1
(99,38), 0, 1
(99,39), 0, 1
(99,40), 0, 1
(99,41), 0, 1
(99,43), 0, 1
(99,45), 0, 1
(99,46), 0, 1
(99,48), 0, 1
(99,50), 0, 1
(99,51), 0, 1
(99,52), 0, 1
(99,54), 0, 1
(99,55), 0, 1
(99,56), 0, 1
(99,57), 0, 1
(99,59), 0, 1
(99,62), 0, 1
(99,64), 0, 1
(99,65), 0, 1
(99,66), 0, 1
(99,67), 0, 1
(99,68), 0, 1
(99,69), 0, 1
(99,70), 0, 1
(99,71), 0, 1
(99,72), 0, 1
(99,73), 0, 1
(99,74), 0, 1
(99,75), 0, 1
(99,77), 0, 1
(99,79), 0, 1
(99,82), 0, 1
(99,83), 0, 1
(99,84), 0, 1
(99,85), 0, 1
(99,86), 0, 1
(99,87), 0, 1
(99,88), 0, 1
(99,89), 0, 1
(99,90), 0, 1
(99,91), 0, 1
(99,92), 0, 1
(99,96), 0, 1
