Nr_Pairs = 95
Nr_NDD = 5
Nr_Arcs = 2388
0	0.5
1	0.90
2	0.10
3	0.5
4	0.5
5	0.5
6	0.10
7	0.90
8	0.10
9	0.10
10	0.5
11	0.5
12	0.5
13	0.5
14	0.5
15	0.10
16	0.28
17	0.92
18	0.32
19	0.5
20	0.28
21	0.5
22	0.10
23	0.5
24	0.5
25	0.90
26	0.10
27	0.10
28	0.5
29	0.5
30	0.28
31	0.90
32	0.5
33	0.28
34	0.32
35	0.92
36	0.32
37	0.28
38	0.5
39	0.5
40	0.28
41	0.90
42	0.28
43	0.5
44	0.5
45	0.92
46	0.5
47	0.90
48	0.92
49	0.5
50	0.5
51	0.92
52	0.90
53	0.5
54	0.5
55	0.5
56	0.90
57	0.5
58	0.10
59	0.10
60	0.90
61	0.28
62	0.28
63	0.32
64	0.32
65	0.92
66	0.5
67	0.10
68	0.28
69	0.5
70	0.10
71	0.5
72	0.5
73	0.5
74	0.5
75	0.90
76	0.5
77	0.10
78	0.92
79	0.28
80	0.5
81	0.10
82	0.5
83	0.92
84	0.28
85	0.10
86	0.90
87	0.10
88	0.90
89	0.28
90	0.28
91	0.10
92	0.5
93	0.90
94	0.5
95	0.0
96	0.0
97	0.0
98	0.0
99	0.0
(0,8), 0, 1
(0,10), 0, 1
(0,16), 0, 1
(0,23), 0, 1
(0,27), 0, 1
(0,28), 0, 1
(0,29), 0, 1
(0,36), 0, 1
(0,38), 0, 1
(0,43), 0, 1
(0,45), 0, 1
(0,46), 0, 1
(0,49), 0, 1
(0,55), 0, 1
(0,58), 0, 1
(0,64), 0, 1
(0,66), 0, 1
(0,74), 0, 1
(0,76), 0, 1
(0,81), 0, 1
(0,82), 0, 1
(0,87), 0, 1
(0,90), 0, 1
(1,0), 0, 1
(1,3), 0, 1
(1,4), 0, 1
(1,5), 0, 1
(1,6), 0, 1
(1,8), 0, 1
(1,9), 0, 1
(1,10), 0, 1
(1,11), 0, 1
(1,12), 0, 1
(1,13), 0, 1
(1,14), 0, 1
(1,15), 0, 1
(1,16), 0, 1
(1,19), 0, 1
(1,20), 0, 1
(1,21), 0, 1
(1,22), 0, 1
(1,23), 0, 1
(1,24), 0, 1
(1,26), 0, 1
(1,27), 0, 1
(1,28), 0, 1
(1,29), 0, 1
(1,32), 0, 1
(1,33), 0, 1
(1,34), 0, 1
(1,36), 0, 1
(1,37), 0, 1
(1,38), 0, 1
(1,39), 0, 1
(1,40), 0, 1
(1,42), 0, 1
(1,43), 0, 1
(1,44), 0, 1
(1,49), 0, 1
(1,50), 0, 1
(1,53), 0, 1
(1,55), 0, 1
(1,57), 0, 1
(1,58), 0, 1
(1,59), 0, 1
(1,62), 0, 1
(1,63), 0, 1
(1,65), 0, 1
(1,66), 0, 1
(1,67), 0, 1
(1,69), 0, 1
(1,70), 0, 1
(1,71), 0, 1
(1,73), 0, 1
(1,74), 0, 1
(1,76), 0, 1
(1,77), 0, 1
(1,80), 0, 1
(1,81), 0, 1
(1,82), 0, 1
(1,83), 0, 1
(1,84), 0, 1
(1,85), 0, 1
(1,87), 0, 1
(1,89), 0, 1
(1,90), 0, 1
(1,92), 0, 1
(1,94), 0, 1
(2,8), 0, 1
(2,10), 0, 1
(2,16), 0, 1
(2,23), 0, 1
(2,27), 0, 1
(2,28), 0, 1
(2,29), 0, 1
(2,36), 0, 1
(2,38), 0, 1
(2,43), 0, 1
(2,46), 0, 1
(2,49), 0, 1
(2,55), 0, 1
(2,58), 0, 1
(2,61), 0, 1
(2,64), 0, 1
(2,66), 0, 1
(2,73), 0, 1
(2,74), 0, 1
(2,76), 0, 1
(2,81), 0, 1
(2,82), 0, 1
(2,87), 0, 1
(2,90), 0, 1
(3,8), 0, 1
(3,10), 0, 1
(3,16), 0, 1
(3,23), 0, 1
(3,27), 0, 1
(3,28), 0, 1
(3,29), 0, 1
(3,30), 0, 1
(3,38), 0, 1
(3,43), 0, 1
(3,46), 0, 1
(3,49), 0, 1
(3,55), 0, 1
(3,58), 0, 1
(3,61), 0, 1
(3,64), 0, 1
(3,66), 0, 1
(3,73), 0, 1
(3,74), 0, 1
(3,76), 0, 1
(3,82), 0, 1
(3,87), 0, 1
(4,8), 0, 1
(4,10), 0, 1
(4,16), 0, 1
(4,23), 0, 1
(4,27), 0, 1
(4,28), 0, 1
(4,30), 0, 1
(4,36), 0, 1
(4,38), 0, 1
(4,43), 0, 1
(4,46), 0, 1
(4,49), 0, 1
(4,55), 0, 1
(4,58), 0, 1
(4,61), 0, 1
(4,66), 0, 1
(4,73), 0, 1
(4,74), 0, 1
(4,75), 0, 1
(4,76), 0, 1
(4,81), 0, 1
(4,82), 0, 1
(4,87), 0, 1
(4,90), 0, 1
(6,60), 0, 1
(7,0), 0, 1
(7,2), 0, 1
(7,3), 0, 1
(7,4), 0, 1
(7,5), 0, 1
(7,6), 0, 1
(7,8), 0, 1
(7,9), 0, 1
(7,10), 0, 1
(7,11), 0, 1
(7,12), 0, 1
(7,13), 0, 1
(7,14), 0, 1
(7,15), 0, 1
(7,16), 0, 1
(7,18), 0, 1
(7,19), 0, 1
(7,20), 0, 1
(7,21), 0, 1
(7,22), 0, 1
(7,23), 0, 1
(7,26), 0, 1
(7,27), 0, 1
(7,28), 0, 1
(7,30), 0, 1
(7,32), 0, 1
(7,34), 0, 1
(7,37), 0, 1
(7,38), 0, 1
(7,39), 0, 1
(7,43), 0, 1
(7,44), 0, 1
(7,46), 0, 1
(7,49), 0, 1
(7,50), 0, 1
(7,53), 0, 1
(7,55), 0, 1
(7,57), 0, 1
(7,58), 0, 1
(7,59), 0, 1
(7,60), 0, 1
(7,61), 0, 1
(7,62), 0, 1
(7,63), 0, 1
(7,66), 0, 1
(7,67), 0, 1
(7,68), 0, 1
(7,69), 0, 1
(7,70), 0, 1
(7,72), 0, 1
(7,73), 0, 1
(7,74), 0, 1
(7,76), 0, 1
(7,77), 0, 1
(7,78), 0, 1
(7,79), 0, 1
(7,80), 0, 1
(7,81), 0, 1
(7,82), 0, 1
(7,85), 0, 1
(7,87), 0, 1
(7,89), 0, 1
(7,90), 0, 1
(7,91), 0, 1
(7,92), 0, 1
(7,93), 0, 1
(7,94), 0, 1
(8,60), 0, 1
(9,8), 0, 1
(9,10), 0, 1
(9,16), 0, 1
(9,23), 0, 1
(9,27), 0, 1
(9,28), 0, 1
(9,29), 0, 1
(9,30), 0, 1
(9,36), 0, 1
(9,38), 0, 1
(9,46), 0, 1
(9,49), 0, 1
(9,55), 0, 1
(9,58), 0, 1
(9,60), 0, 1
(9,61), 0, 1
(9,64), 0, 1
(9,66), 0, 1
(9,74), 0, 1
(9,76), 0, 1
(9,81), 0, 1
(9,82), 0, 1
(9,90), 0, 1
(11,13), 0, 1
(11,37), 0, 1
(11,44), 0, 1
(11,53), 0, 1
(11,68), 0, 1
(11,71), 0, 1
(11,94), 0, 1
(12,8), 0, 1
(12,10), 0, 1
(12,16), 0, 1
(12,23), 0, 1
(12,27), 0, 1
(12,28), 0, 1
(12,29), 0, 1
(12,30), 0, 1
(12,36), 0, 1
(12,38), 0, 1
(12,43), 0, 1
(12,46), 0, 1
(12,49), 0, 1
(12,55), 0, 1
(12,58), 0, 1
(12,61), 0, 1
(12,66), 0, 1
(12,73), 0, 1
(12,74), 0, 1
(12,76), 0, 1
(12,81), 0, 1
(12,82), 0, 1
(12,87), 0, 1
(12,90), 0, 1
(13,8), 0, 1
(13,10), 0, 1
(13,16), 0, 1
(13,23), 0, 1
(13,27), 0, 1
(13,28), 0, 1
(13,29), 0, 1
(13,30), 0, 1
(13,38), 0, 1
(13,43), 0, 1
(13,46), 0, 1
(13,49), 0, 1
(13,55), 0, 1
(13,58), 0, 1
(13,61), 0, 1
(13,66), 0, 1
(13,73), 0, 1
(13,76), 0, 1
(13,82), 0, 1
(13,87), 0, 1
(13,90), 0, 1
(13,93), 0, 1
(14,13), 0, 1
(14,40), 0, 1
(14,44), 0, 1
(14,53), 0, 1
(14,94), 0, 1
(15,8), 0, 1
(15,10), 0, 1
(15,16), 0, 1
(15,23), 0, 1
(15,27), 0, 1
(15,28), 0, 1
(15,29), 0, 1
(15,30), 0, 1
(15,36), 0, 1
(15,46), 0, 1
(15,48), 0, 1
(15,49), 0, 1
(15,55), 0, 1
(15,58), 0, 1
(15,64), 0, 1
(15,66), 0, 1
(15,73), 0, 1
(15,74), 0, 1
(15,76), 0, 1
(15,81), 0, 1
(15,82), 0, 1
(15,87), 0, 1
(16,8), 0, 1
(16,10), 0, 1
(16,23), 0, 1
(16,27), 0, 1
(16,28), 0, 1
(16,29), 0, 1
(16,30), 0, 1
(16,36), 0, 1
(16,38), 0, 1
(16,41), 0, 1
(16,43), 0, 1
(16,46), 0, 1
(16,49), 0, 1
(16,55), 0, 1
(16,58), 0, 1
(16,61), 0, 1
(16,66), 0, 1
(16,73), 0, 1
(16,74), 0, 1
(16,76), 0, 1
(16,81), 0, 1
(16,82), 0, 1
(16,87), 0, 1
(16,90), 0, 1
(17,8), 0, 1
(17,10), 0, 1
(17,23), 0, 1
(17,27), 0, 1
(17,28), 0, 1
(17,29), 0, 1
(17,30), 0, 1
(17,36), 0, 1
(17,38), 0, 1
(17,43), 0, 1
(17,46), 0, 1
(17,49), 0, 1
(17,51), 0, 1
(17,55), 0, 1
(17,58), 0, 1
(17,61), 0, 1
(17,64), 0, 1
(17,66), 0, 1
(17,73), 0, 1
(17,74), 0, 1
(17,76), 0, 1
(17,81), 0, 1
(17,82), 0, 1
(17,87), 0, 1
(17,90), 0, 1
(18,0), 0, 1
(18,2), 0, 1
(18,3), 0, 1
(18,4), 0, 1
(18,5), 0, 1
(18,6), 0, 1
(18,8), 0, 1
(18,9), 0, 1
(18,10), 0, 1
(18,11), 0, 1
(18,12), 0, 1
(18,13), 0, 1
(18,14), 0, 1
(18,15), 0, 1
(18,16), 0, 1
(18,19), 0, 1
(18,20), 0, 1
(18,21), 0, 1
(18,22), 0, 1
(18,23), 0, 1
(18,24), 0, 1
(18,26), 0, 1
(18,27), 0, 1
(18,28), 0, 1
(18,29), 0, 1
(18,30), 0, 1
(18,32), 0, 1
(18,34), 0, 1
(18,37), 0, 1
(18,38), 0, 1
(18,39), 0, 1
(18,43), 0, 1
(18,44), 0, 1
(18,46), 0, 1
(18,49), 0, 1
(18,50), 0, 1
(18,53), 0, 1
(18,55), 0, 1
(18,57), 0, 1
(18,58), 0, 1
(18,59), 0, 1
(18,61), 0, 1
(18,63), 0, 1
(18,64), 0, 1
(18,66), 0, 1
(18,67), 0, 1
(18,68), 0, 1
(18,69), 0, 1
(18,70), 0, 1
(18,71), 0, 1
(18,72), 0, 1
(18,73), 0, 1
(18,74), 0, 1
(18,76), 0, 1
(18,77), 0, 1
(18,80), 0, 1
(18,82), 0, 1
(18,84), 0, 1
(18,85), 0, 1
(18,86), 0, 1
(18,87), 0, 1
(18,90), 0, 1
(18,92), 0, 1
(18,94), 0, 1
(19,10), 0, 1
(19,23), 0, 1
(19,27), 0, 1
(19,28), 0, 1
(19,30), 0, 1
(19,36), 0, 1
(19,38), 0, 1
(19,43), 0, 1
(19,46), 0, 1
(19,49), 0, 1
(19,55), 0, 1
(19,64), 0, 1
(19,66), 0, 1
(19,74), 0, 1
(19,75), 0, 1
(19,76), 0, 1
(19,81), 0, 1
(19,82), 0, 1
(19,90), 0, 1
(20,8), 0, 1
(20,10), 0, 1
(20,23), 0, 1
(20,27), 0, 1
(20,28), 0, 1
(20,29), 0, 1
(20,30), 0, 1
(20,38), 0, 1
(20,43), 0, 1
(20,46), 0, 1
(20,49), 0, 1
(20,55), 0, 1
(20,58), 0, 1
(20,61), 0, 1
(20,64), 0, 1
(20,66), 0, 1
(20,73), 0, 1
(20,74), 0, 1
(20,76), 0, 1
(20,81), 0, 1
(20,82), 0, 1
(20,87), 0, 1
(20,93), 0, 1
(21,13), 0, 1
(21,25), 0, 1
(21,34), 0, 1
(21,40), 0, 1
(21,44), 0, 1
(21,53), 0, 1
(21,71), 0, 1
(21,94), 0, 1
(22,8), 0, 1
(22,10), 0, 1
(22,16), 0, 1
(22,23), 0, 1
(22,28), 0, 1
(22,29), 0, 1
(22,36), 0, 1
(22,38), 0, 1
(22,46), 0, 1
(22,48), 0, 1
(22,49), 0, 1
(22,55), 0, 1
(22,56), 0, 1
(22,61), 0, 1
(22,66), 0, 1
(22,73), 0, 1
(22,74), 0, 1
(22,76), 0, 1
(22,81), 0, 1
(22,82), 0, 1
(22,87), 0, 1
(23,37), 0, 1
(23,40), 0, 1
(23,44), 0, 1
(23,53), 0, 1
(23,68), 0, 1
(23,71), 0, 1
(23,94), 0, 1
(24,8), 0, 1
(24,10), 0, 1
(24,16), 0, 1
(24,23), 0, 1
(24,27), 0, 1
(24,28), 0, 1
(24,29), 0, 1
(24,38), 0, 1
(24,43), 0, 1
(24,46), 0, 1
(24,49), 0, 1
(24,55), 0, 1
(24,58), 0, 1
(24,61), 0, 1
(24,66), 0, 1
(24,73), 0, 1
(24,74), 0, 1
(24,76), 0, 1
(24,81), 0, 1
(24,82), 0, 1
(24,87), 0, 1
(24,90), 0, 1
(25,0), 0, 1
(25,2), 0, 1
(25,3), 0, 1
(25,4), 0, 1
(25,5), 0, 1
(25,9), 0, 1
(25,10), 0, 1
(25,11), 0, 1
(25,12), 0, 1
(25,13), 0, 1
(25,14), 0, 1
(25,15), 0, 1
(25,16), 0, 1
(25,18), 0, 1
(25,19), 0, 1
(25,20), 0, 1
(25,21), 0, 1
(25,22), 0, 1
(25,23), 0, 1
(25,24), 0, 1
(25,26), 0, 1
(25,27), 0, 1
(25,28), 0, 1
(25,29), 0, 1
(25,30), 0, 1
(25,32), 0, 1
(25,33), 0, 1
(25,36), 0, 1
(25,37), 0, 1
(25,38), 0, 1
(25,42), 0, 1
(25,43), 0, 1
(25,44), 0, 1
(25,46), 0, 1
(25,49), 0, 1
(25,53), 0, 1
(25,54), 0, 1
(25,55), 0, 1
(25,57), 0, 1
(25,58), 0, 1
(25,59), 0, 1
(25,61), 0, 1
(25,62), 0, 1
(25,63), 0, 1
(25,64), 0, 1
(25,66), 0, 1
(25,67), 0, 1
(25,68), 0, 1
(25,69), 0, 1
(25,70), 0, 1
(25,71), 0, 1
(25,72), 0, 1
(25,73), 0, 1
(25,74), 0, 1
(25,76), 0, 1
(25,77), 0, 1
(25,79), 0, 1
(25,80), 0, 1
(25,81), 0, 1
(25,82), 0, 1
(25,84), 0, 1
(25,87), 0, 1
(25,89), 0, 1
(25,90), 0, 1
(25,91), 0, 1
(25,92), 0, 1
(25,94), 0, 1
(26,8), 0, 1
(26,10), 0, 1
(26,16), 0, 1
(26,23), 0, 1
(26,27), 0, 1
(26,28), 0, 1
(26,29), 0, 1
(26,30), 0, 1
(26,36), 0, 1
(26,38), 0, 1
(26,43), 0, 1
(26,46), 0, 1
(26,47), 0, 1
(26,49), 0, 1
(26,55), 0, 1
(26,58), 0, 1
(26,61), 0, 1
(26,64), 0, 1
(26,66), 0, 1
(26,73), 0, 1
(26,74), 0, 1
(26,76), 0, 1
(26,81), 0, 1
(26,82), 0, 1
(26,87), 0, 1
(26,93), 0, 1
(27,13), 0, 1
(27,34), 0, 1
(27,37), 0, 1
(27,40), 0, 1
(27,44), 0, 1
(27,53), 0, 1
(27,68), 0, 1
(27,71), 0, 1
(27,94), 0, 1
(29,13), 0, 1
(29,34), 0, 1
(29,37), 0, 1
(29,40), 0, 1
(29,44), 0, 1
(29,53), 0, 1
(29,71), 0, 1
(29,94), 0, 1
(30,13), 0, 1
(30,34), 0, 1
(30,37), 0, 1
(30,40), 0, 1
(30,44), 0, 1
(30,53), 0, 1
(30,68), 0, 1
(30,71), 0, 1
(30,94), 0, 1
(31,8), 0, 1
(31,10), 0, 1
(31,16), 0, 1
(31,23), 0, 1
(31,27), 0, 1
(31,28), 0, 1
(31,29), 0, 1
(31,30), 0, 1
(31,36), 0, 1
(31,38), 0, 1
(31,43), 0, 1
(31,46), 0, 1
(31,49), 0, 1
(31,55), 0, 1
(31,58), 0, 1
(31,61), 0, 1
(31,66), 0, 1
(31,73), 0, 1
(31,74), 0, 1
(31,76), 0, 1
(31,81), 0, 1
(31,82), 0, 1
(31,87), 0, 1
(32,8), 0, 1
(32,10), 0, 1
(32,23), 0, 1
(32,27), 0, 1
(32,28), 0, 1
(32,29), 0, 1
(32,30), 0, 1
(32,36), 0, 1
(32,38), 0, 1
(32,43), 0, 1
(32,45), 0, 1
(32,46), 0, 1
(32,49), 0, 1
(32,55), 0, 1
(32,56), 0, 1
(32,58), 0, 1
(32,64), 0, 1
(32,66), 0, 1
(32,73), 0, 1
(32,74), 0, 1
(32,76), 0, 1
(32,81), 0, 1
(32,82), 0, 1
(32,87), 0, 1
(32,90), 0, 1
(32,93), 0, 1
(34,13), 0, 1
(34,37), 0, 1
(34,40), 0, 1
(34,44), 0, 1
(34,71), 0, 1
(34,94), 0, 1
(35,0), 0, 1
(35,2), 0, 1
(35,3), 0, 1
(35,4), 0, 1
(35,5), 0, 1
(35,6), 0, 1
(35,7), 0, 1
(35,8), 0, 1
(35,9), 0, 1
(35,12), 0, 1
(35,13), 0, 1
(35,14), 0, 1
(35,15), 0, 1
(35,16), 0, 1
(35,18), 0, 1
(35,19), 0, 1
(35,20), 0, 1
(35,21), 0, 1
(35,22), 0, 1
(35,23), 0, 1
(35,24), 0, 1
(35,26), 0, 1
(35,27), 0, 1
(35,28), 0, 1
(35,29), 0, 1
(35,30), 0, 1
(35,32), 0, 1
(35,33), 0, 1
(35,34), 0, 1
(35,36), 0, 1
(35,38), 0, 1
(35,39), 0, 1
(35,40), 0, 1
(35,42), 0, 1
(35,43), 0, 1
(35,44), 0, 1
(35,46), 0, 1
(35,49), 0, 1
(35,50), 0, 1
(35,53), 0, 1
(35,54), 0, 1
(35,55), 0, 1
(35,57), 0, 1
(35,58), 0, 1
(35,59), 0, 1
(35,61), 0, 1
(35,62), 0, 1
(35,64), 0, 1
(35,66), 0, 1
(35,67), 0, 1
(35,69), 0, 1
(35,70), 0, 1
(35,71), 0, 1
(35,72), 0, 1
(35,73), 0, 1
(35,74), 0, 1
(35,75), 0, 1
(35,76), 0, 1
(35,77), 0, 1
(35,79), 0, 1
(35,81), 0, 1
(35,82), 0, 1
(35,83), 0, 1
(35,84), 0, 1
(35,85), 0, 1
(35,87), 0, 1
(35,89), 0, 1
(35,90), 0, 1
(35,91), 0, 1
(35,92), 0, 1
(35,94), 0, 1
(36,13), 0, 1
(36,34), 0, 1
(36,37), 0, 1
(36,40), 0, 1
(36,44), 0, 1
(36,53), 0, 1
(36,71), 0, 1
(36,94), 0, 1
(37,8), 0, 1
(37,10), 0, 1
(37,16), 0, 1
(37,23), 0, 1
(37,27), 0, 1
(37,28), 0, 1
(37,29), 0, 1
(37,36), 0, 1
(37,38), 0, 1
(37,41), 0, 1
(37,43), 0, 1
(37,46), 0, 1
(37,49), 0, 1
(37,55), 0, 1
(37,58), 0, 1
(37,64), 0, 1
(37,66), 0, 1
(37,73), 0, 1
(37,74), 0, 1
(37,75), 0, 1
(37,76), 0, 1
(37,82), 0, 1
(37,87), 0, 1
(37,90), 0, 1
(38,8), 0, 1
(38,10), 0, 1
(38,23), 0, 1
(38,27), 0, 1
(38,28), 0, 1
(38,29), 0, 1
(38,36), 0, 1
(38,43), 0, 1
(38,46), 0, 1
(38,49), 0, 1
(38,55), 0, 1
(38,58), 0, 1
(38,61), 0, 1
(38,74), 0, 1
(38,81), 0, 1
(38,82), 0, 1
(38,87), 0, 1
(38,90), 0, 1
(39,8), 0, 1
(39,10), 0, 1
(39,16), 0, 1
(39,23), 0, 1
(39,27), 0, 1
(39,28), 0, 1
(39,29), 0, 1
(39,38), 0, 1
(39,43), 0, 1
(39,46), 0, 1
(39,49), 0, 1
(39,55), 0, 1
(39,58), 0, 1
(39,61), 0, 1
(39,64), 0, 1
(39,66), 0, 1
(39,73), 0, 1
(39,74), 0, 1
(39,76), 0, 1
(39,81), 0, 1
(39,82), 0, 1
(39,86), 0, 1
(39,87), 0, 1
(39,90), 0, 1
(40,8), 0, 1
(40,10), 0, 1
(40,16), 0, 1
(40,23), 0, 1
(40,27), 0, 1
(40,28), 0, 1
(40,29), 0, 1
(40,30), 0, 1
(40,36), 0, 1
(40,38), 0, 1
(40,43), 0, 1
(40,46), 0, 1
(40,49), 0, 1
(40,51), 0, 1
(40,55), 0, 1
(40,58), 0, 1
(40,61), 0, 1
(40,64), 0, 1
(40,73), 0, 1
(40,74), 0, 1
(40,76), 0, 1
(40,81), 0, 1
(40,82), 0, 1
(40,87), 0, 1
(40,90), 0, 1
(41,13), 0, 1
(41,34), 0, 1
(41,37), 0, 1
(41,40), 0, 1
(41,53), 0, 1
(41,68), 0, 1
(41,71), 0, 1
(41,94), 0, 1
(42,8), 0, 1
(42,10), 0, 1
(42,16), 0, 1
(42,23), 0, 1
(42,27), 0, 1
(42,28), 0, 1
(42,29), 0, 1
(42,43), 0, 1
(42,46), 0, 1
(42,49), 0, 1
(42,55), 0, 1
(42,58), 0, 1
(42,61), 0, 1
(42,66), 0, 1
(42,73), 0, 1
(42,74), 0, 1
(42,76), 0, 1
(42,81), 0, 1
(42,82), 0, 1
(42,87), 0, 1
(42,90), 0, 1
(44,10), 0, 1
(44,16), 0, 1
(44,23), 0, 1
(44,28), 0, 1
(44,29), 0, 1
(44,30), 0, 1
(44,36), 0, 1
(44,43), 0, 1
(44,46), 0, 1
(44,49), 0, 1
(44,51), 0, 1
(44,55), 0, 1
(44,58), 0, 1
(44,61), 0, 1
(44,64), 0, 1
(44,66), 0, 1
(44,73), 0, 1
(44,74), 0, 1
(44,76), 0, 1
(44,81), 0, 1
(44,82), 0, 1
(44,87), 0, 1
(44,90), 0, 1
(45,13), 0, 1
(45,34), 0, 1
(45,37), 0, 1
(45,44), 0, 1
(45,53), 0, 1
(45,71), 0, 1
(45,94), 0, 1
(46,13), 0, 1
(46,34), 0, 1
(46,37), 0, 1
(46,40), 0, 1
(46,44), 0, 1
(46,53), 0, 1
(46,68), 0, 1
(46,71), 0, 1
(46,94), 0, 1
(47,0), 0, 1
(47,2), 0, 1
(47,3), 0, 1
(47,4), 0, 1
(47,5), 0, 1
(47,6), 0, 1
(47,8), 0, 1
(47,9), 0, 1
(47,10), 0, 1
(47,11), 0, 1
(47,12), 0, 1
(47,13), 0, 1
(47,14), 0, 1
(47,15), 0, 1
(47,18), 0, 1
(47,20), 0, 1
(47,21), 0, 1
(47,22), 0, 1
(47,23), 0, 1
(47,24), 0, 1
(47,26), 0, 1
(47,27), 0, 1
(47,28), 0, 1
(47,29), 0, 1
(47,30), 0, 1
(47,32), 0, 1
(47,33), 0, 1
(47,34), 0, 1
(47,37), 0, 1
(47,38), 0, 1
(47,39), 0, 1
(47,40), 0, 1
(47,42), 0, 1
(47,43), 0, 1
(47,44), 0, 1
(47,46), 0, 1
(47,49), 0, 1
(47,50), 0, 1
(47,53), 0, 1
(47,54), 0, 1
(47,55), 0, 1
(47,57), 0, 1
(47,58), 0, 1
(47,59), 0, 1
(47,61), 0, 1
(47,62), 0, 1
(47,63), 0, 1
(47,64), 0, 1
(47,66), 0, 1
(47,67), 0, 1
(47,69), 0, 1
(47,70), 0, 1
(47,71), 0, 1
(47,72), 0, 1
(47,73), 0, 1
(47,74), 0, 1
(47,77), 0, 1
(47,79), 0, 1
(47,80), 0, 1
(47,81), 0, 1
(47,82), 0, 1
(47,85), 0, 1
(47,87), 0, 1
(47,90), 0, 1
(47,91), 0, 1
(47,92), 0, 1
(47,94), 0, 1
(48,13), 0, 1
(48,34), 0, 1
(48,37), 0, 1
(48,40), 0, 1
(48,44), 0, 1
(48,53), 0, 1
(48,60), 0, 1
(48,68), 0, 1
(48,71), 0, 1
(48,94), 0, 1
(49,13), 0, 1
(49,34), 0, 1
(49,37), 0, 1
(49,40), 0, 1
(49,44), 0, 1
(49,53), 0, 1
(49,68), 0, 1
(49,71), 0, 1
(49,94), 0, 1
(50,8), 0, 1
(50,10), 0, 1
(50,16), 0, 1
(50,23), 0, 1
(50,27), 0, 1
(50,28), 0, 1
(50,29), 0, 1
(50,30), 0, 1
(50,38), 0, 1
(50,41), 0, 1
(50,43), 0, 1
(50,46), 0, 1
(50,49), 0, 1
(50,55), 0, 1
(50,58), 0, 1
(50,61), 0, 1
(50,64), 0, 1
(50,66), 0, 1
(50,73), 0, 1
(50,74), 0, 1
(50,76), 0, 1
(50,81), 0, 1
(50,82), 0, 1
(50,87), 0, 1
(52,37), 0, 1
(52,44), 0, 1
(52,53), 0, 1
(52,68), 0, 1
(52,71), 0, 1
(52,94), 0, 1
(53,8), 0, 1
(53,10), 0, 1
(53,16), 0, 1
(53,23), 0, 1
(53,27), 0, 1
(53,29), 0, 1
(53,38), 0, 1
(53,43), 0, 1
(53,46), 0, 1
(53,47), 0, 1
(53,49), 0, 1
(53,55), 0, 1
(53,58), 0, 1
(53,61), 0, 1
(53,64), 0, 1
(53,66), 0, 1
(53,73), 0, 1
(53,74), 0, 1
(53,76), 0, 1
(53,81), 0, 1
(53,82), 0, 1
(53,87), 0, 1
(53,90), 0, 1
(54,8), 0, 1
(54,10), 0, 1
(54,16), 0, 1
(54,23), 0, 1
(54,27), 0, 1
(54,28), 0, 1
(54,29), 0, 1
(54,36), 0, 1
(54,38), 0, 1
(54,41), 0, 1
(54,43), 0, 1
(54,45), 0, 1
(54,46), 0, 1
(54,49), 0, 1
(54,55), 0, 1
(54,56), 0, 1
(54,58), 0, 1
(54,61), 0, 1
(54,64), 0, 1
(54,66), 0, 1
(54,73), 0, 1
(54,74), 0, 1
(54,76), 0, 1
(54,81), 0, 1
(54,82), 0, 1
(54,87), 0, 1
(55,13), 0, 1
(55,34), 0, 1
(55,37), 0, 1
(55,40), 0, 1
(55,44), 0, 1
(55,53), 0, 1
(55,68), 0, 1
(55,94), 0, 1
(56,8), 0, 1
(56,16), 0, 1
(56,23), 0, 1
(56,27), 0, 1
(56,28), 0, 1
(56,29), 0, 1
(56,30), 0, 1
(56,36), 0, 1
(56,38), 0, 1
(56,43), 0, 1
(56,46), 0, 1
(56,47), 0, 1
(56,49), 0, 1
(56,55), 0, 1
(56,58), 0, 1
(56,61), 0, 1
(56,66), 0, 1
(56,73), 0, 1
(56,74), 0, 1
(56,76), 0, 1
(56,81), 0, 1
(56,82), 0, 1
(56,87), 0, 1
(56,90), 0, 1
(56,93), 0, 1
(57,13), 0, 1
(57,37), 0, 1
(57,40), 0, 1
(57,44), 0, 1
(57,53), 0, 1
(57,68), 0, 1
(57,71), 0, 1
(57,94), 0, 1
(58,0), 0, 1
(58,2), 0, 1
(58,3), 0, 1
(58,4), 0, 1
(58,5), 0, 1
(58,6), 0, 1
(58,9), 0, 1
(58,10), 0, 1
(58,11), 0, 1
(58,12), 0, 1
(58,13), 0, 1
(58,14), 0, 1
(58,16), 0, 1
(58,18), 0, 1
(58,19), 0, 1
(58,21), 0, 1
(58,22), 0, 1
(58,23), 0, 1
(58,24), 0, 1
(58,26), 0, 1
(58,27), 0, 1
(58,28), 0, 1
(58,29), 0, 1
(58,30), 0, 1
(58,32), 0, 1
(58,33), 0, 1
(58,34), 0, 1
(58,38), 0, 1
(58,39), 0, 1
(58,40), 0, 1
(58,43), 0, 1
(58,44), 0, 1
(58,46), 0, 1
(58,49), 0, 1
(58,50), 0, 1
(58,53), 0, 1
(58,54), 0, 1
(58,55), 0, 1
(58,57), 0, 1
(58,59), 0, 1
(58,61), 0, 1
(58,62), 0, 1
(58,66), 0, 1
(58,67), 0, 1
(58,68), 0, 1
(58,69), 0, 1
(58,70), 0, 1
(58,71), 0, 1
(58,72), 0, 1
(58,73), 0, 1
(58,74), 0, 1
(58,75), 0, 1
(58,76), 0, 1
(58,77), 0, 1
(58,79), 0, 1
(58,80), 0, 1
(58,81), 0, 1
(58,82), 0, 1
(58,83), 0, 1
(58,84), 0, 1
(58,85), 0, 1
(58,87), 0, 1
(58,89), 0, 1
(58,90), 0, 1
(58,91), 0, 1
(58,92), 0, 1
(58,93), 0, 1
(58,94), 0, 1
(59,8), 0, 1
(59,10), 0, 1
(59,23), 0, 1
(59,27), 0, 1
(59,28), 0, 1
(59,29), 0, 1
(59,30), 0, 1
(59,36), 0, 1
(59,38), 0, 1
(59,43), 0, 1
(59,46), 0, 1
(59,49), 0, 1
(59,51), 0, 1
(59,55), 0, 1
(59,58), 0, 1
(59,61), 0, 1
(59,64), 0, 1
(59,66), 0, 1
(59,73), 0, 1
(59,76), 0, 1
(59,81), 0, 1
(59,82), 0, 1
(59,87), 0, 1
(59,90), 0, 1
(60,8), 0, 1
(60,10), 0, 1
(60,16), 0, 1
(60,23), 0, 1
(60,27), 0, 1
(60,28), 0, 1
(60,29), 0, 1
(60,30), 0, 1
(60,36), 0, 1
(60,38), 0, 1
(60,43), 0, 1
(60,46), 0, 1
(60,49), 0, 1
(60,51), 0, 1
(60,55), 0, 1
(60,58), 0, 1
(60,61), 0, 1
(60,64), 0, 1
(60,66), 0, 1
(60,73), 0, 1
(60,74), 0, 1
(60,75), 0, 1
(60,76), 0, 1
(60,81), 0, 1
(60,82), 0, 1
(60,87), 0, 1
(60,90), 0, 1
(61,13), 0, 1
(61,34), 0, 1
(61,37), 0, 1
(61,53), 0, 1
(61,68), 0, 1
(61,71), 0, 1
(61,94), 0, 1
(62,10), 0, 1
(62,16), 0, 1
(62,23), 0, 1
(62,27), 0, 1
(62,28), 0, 1
(62,29), 0, 1
(62,30), 0, 1
(62,36), 0, 1
(62,38), 0, 1
(62,41), 0, 1
(62,43), 0, 1
(62,46), 0, 1
(62,47), 0, 1
(62,49), 0, 1
(62,55), 0, 1
(62,61), 0, 1
(62,66), 0, 1
(62,73), 0, 1
(62,74), 0, 1
(62,76), 0, 1
(62,81), 0, 1
(62,87), 0, 1
(62,90), 0, 1
(63,0), 0, 1
(63,2), 0, 1
(63,3), 0, 1
(63,4), 0, 1
(63,5), 0, 1
(63,6), 0, 1
(63,8), 0, 1
(63,9), 0, 1
(63,10), 0, 1
(63,11), 0, 1
(63,12), 0, 1
(63,13), 0, 1
(63,14), 0, 1
(63,15), 0, 1
(63,18), 0, 1
(63,19), 0, 1
(63,20), 0, 1
(63,21), 0, 1
(63,22), 0, 1
(63,23), 0, 1
(63,24), 0, 1
(63,26), 0, 1
(63,27), 0, 1
(63,28), 0, 1
(63,29), 0, 1
(63,32), 0, 1
(63,33), 0, 1
(63,34), 0, 1
(63,36), 0, 1
(63,37), 0, 1
(63,38), 0, 1
(63,39), 0, 1
(63,42), 0, 1
(63,43), 0, 1
(63,44), 0, 1
(63,46), 0, 1
(63,50), 0, 1
(63,53), 0, 1
(63,54), 0, 1
(63,55), 0, 1
(63,57), 0, 1
(63,59), 0, 1
(63,61), 0, 1
(63,62), 0, 1
(63,64), 0, 1
(63,66), 0, 1
(63,67), 0, 1
(63,68), 0, 1
(63,69), 0, 1
(63,70), 0, 1
(63,71), 0, 1
(63,72), 0, 1
(63,73), 0, 1
(63,74), 0, 1
(63,76), 0, 1
(63,77), 0, 1
(63,79), 0, 1
(63,80), 0, 1
(63,81), 0, 1
(63,82), 0, 1
(63,85), 0, 1
(63,87), 0, 1
(63,89), 0, 1
(63,91), 0, 1
(63,92), 0, 1
(63,94), 0, 1
(64,0), 0, 1
(64,2), 0, 1
(64,3), 0, 1
(64,4), 0, 1
(64,5), 0, 1
(64,6), 0, 1
(64,8), 0, 1
(64,9), 0, 1
(64,10), 0, 1
(64,11), 0, 1
(64,12), 0, 1
(64,13), 0, 1
(64,14), 0, 1
(64,15), 0, 1
(64,16), 0, 1
(64,18), 0, 1
(64,19), 0, 1
(64,20), 0, 1
(64,21), 0, 1
(64,22), 0, 1
(64,24), 0, 1
(64,26), 0, 1
(64,27), 0, 1
(64,28), 0, 1
(64,29), 0, 1
(64,30), 0, 1
(64,32), 0, 1
(64,33), 0, 1
(64,36), 0, 1
(64,38), 0, 1
(64,39), 0, 1
(64,43), 0, 1
(64,44), 0, 1
(64,46), 0, 1
(64,49), 0, 1
(64,50), 0, 1
(64,51), 0, 1
(64,53), 0, 1
(64,54), 0, 1
(64,55), 0, 1
(64,57), 0, 1
(64,58), 0, 1
(64,59), 0, 1
(64,61), 0, 1
(64,62), 0, 1
(64,63), 0, 1
(64,65), 0, 1
(64,66), 0, 1
(64,67), 0, 1
(64,68), 0, 1
(64,69), 0, 1
(64,70), 0, 1
(64,71), 0, 1
(64,72), 0, 1
(64,73), 0, 1
(64,74), 0, 1
(64,76), 0, 1
(64,77), 0, 1
(64,80), 0, 1
(64,81), 0, 1
(64,82), 0, 1
(64,84), 0, 1
(64,85), 0, 1
(64,87), 0, 1
(64,89), 0, 1
(64,90), 0, 1
(64,91), 0, 1
(64,92), 0, 1
(64,94), 0, 1
(65,0), 0, 1
(65,2), 0, 1
(65,3), 0, 1
(65,4), 0, 1
(65,5), 0, 1
(65,6), 0, 1
(65,8), 0, 1
(65,10), 0, 1
(65,12), 0, 1
(65,13), 0, 1
(65,14), 0, 1
(65,15), 0, 1
(65,16), 0, 1
(65,18), 0, 1
(65,19), 0, 1
(65,20), 0, 1
(65,21), 0, 1
(65,22), 0, 1
(65,23), 0, 1
(65,25), 0, 1
(65,26), 0, 1
(65,27), 0, 1
(65,28), 0, 1
(65,30), 0, 1
(65,32), 0, 1
(65,34), 0, 1
(65,36), 0, 1
(65,37), 0, 1
(65,38), 0, 1
(65,40), 0, 1
(65,42), 0, 1
(65,43), 0, 1
(65,44), 0, 1
(65,46), 0, 1
(65,49), 0, 1
(65,50), 0, 1
(65,53), 0, 1
(65,54), 0, 1
(65,55), 0, 1
(65,57), 0, 1
(65,58), 0, 1
(65,59), 0, 1
(65,61), 0, 1
(65,62), 0, 1
(65,64), 0, 1
(65,66), 0, 1
(65,68), 0, 1
(65,69), 0, 1
(65,70), 0, 1
(65,71), 0, 1
(65,72), 0, 1
(65,73), 0, 1
(65,74), 0, 1
(65,76), 0, 1
(65,77), 0, 1
(65,80), 0, 1
(65,82), 0, 1
(65,85), 0, 1
(65,87), 0, 1
(65,89), 0, 1
(65,90), 0, 1
(65,91), 0, 1
(65,92), 0, 1
(65,94), 0, 1
(67,8), 0, 1
(67,10), 0, 1
(67,23), 0, 1
(67,28), 0, 1
(67,29), 0, 1
(67,30), 0, 1
(67,36), 0, 1
(67,38), 0, 1
(67,43), 0, 1
(67,46), 0, 1
(67,55), 0, 1
(67,56), 0, 1
(67,58), 0, 1
(67,61), 0, 1
(67,64), 0, 1
(67,66), 0, 1
(67,73), 0, 1
(67,74), 0, 1
(67,76), 0, 1
(67,81), 0, 1
(67,82), 0, 1
(67,87), 0, 1
(67,90), 0, 1
(68,0), 0, 1
(68,2), 0, 1
(68,3), 0, 1
(68,4), 0, 1
(68,5), 0, 1
(68,6), 0, 1
(68,8), 0, 1
(68,9), 0, 1
(68,10), 0, 1
(68,11), 0, 1
(68,12), 0, 1
(68,13), 0, 1
(68,14), 0, 1
(68,15), 0, 1
(68,16), 0, 1
(68,19), 0, 1
(68,21), 0, 1
(68,22), 0, 1
(68,24), 0, 1
(68,26), 0, 1
(68,27), 0, 1
(68,28), 0, 1
(68,29), 0, 1
(68,30), 0, 1
(68,32), 0, 1
(68,33), 0, 1
(68,34), 0, 1
(68,36), 0, 1
(68,37), 0, 1
(68,38), 0, 1
(68,39), 0, 1
(68,40), 0, 1
(68,43), 0, 1
(68,44), 0, 1
(68,46), 0, 1
(68,49), 0, 1
(68,50), 0, 1
(68,53), 0, 1
(68,55), 0, 1
(68,59), 0, 1
(68,62), 0, 1
(68,63), 0, 1
(68,64), 0, 1
(68,66), 0, 1
(68,69), 0, 1
(68,70), 0, 1
(68,71), 0, 1
(68,72), 0, 1
(68,73), 0, 1
(68,74), 0, 1
(68,76), 0, 1
(68,77), 0, 1
(68,80), 0, 1
(68,81), 0, 1
(68,82), 0, 1
(68,84), 0, 1
(68,85), 0, 1
(68,87), 0, 1
(68,88), 0, 1
(68,89), 0, 1
(68,90), 0, 1
(68,91), 0, 1
(68,92), 0, 1
(68,94), 0, 1
(70,8), 0, 1
(70,10), 0, 1
(70,23), 0, 1
(70,28), 0, 1
(70,29), 0, 1
(70,30), 0, 1
(70,36), 0, 1
(70,38), 0, 1
(70,43), 0, 1
(70,47), 0, 1
(70,48), 0, 1
(70,49), 0, 1
(70,51), 0, 1
(70,55), 0, 1
(70,56), 0, 1
(70,58), 0, 1
(70,64), 0, 1
(70,66), 0, 1
(70,73), 0, 1
(70,74), 0, 1
(70,76), 0, 1
(70,81), 0, 1
(70,82), 0, 1
(70,87), 0, 1
(71,8), 0, 1
(71,10), 0, 1
(71,16), 0, 1
(71,23), 0, 1
(71,27), 0, 1
(71,28), 0, 1
(71,29), 0, 1
(71,30), 0, 1
(71,36), 0, 1
(71,38), 0, 1
(71,43), 0, 1
(71,46), 0, 1
(71,49), 0, 1
(71,55), 0, 1
(71,61), 0, 1
(71,66), 0, 1
(71,73), 0, 1
(71,74), 0, 1
(71,76), 0, 1
(71,81), 0, 1
(71,82), 0, 1
(71,86), 0, 1
(71,87), 0, 1
(71,90), 0, 1
(72,8), 0, 1
(72,10), 0, 1
(72,23), 0, 1
(72,27), 0, 1
(72,28), 0, 1
(72,29), 0, 1
(72,36), 0, 1
(72,38), 0, 1
(72,43), 0, 1
(72,46), 0, 1
(72,49), 0, 1
(72,55), 0, 1
(72,58), 0, 1
(72,61), 0, 1
(72,64), 0, 1
(72,66), 0, 1
(72,73), 0, 1
(72,74), 0, 1
(72,76), 0, 1
(72,81), 0, 1
(72,82), 0, 1
(72,87), 0, 1
(72,90), 0, 1
(73,34), 0, 1
(73,44), 0, 1
(73,53), 0, 1
(73,94), 0, 1
(74,13), 0, 1
(74,37), 0, 1
(74,40), 0, 1
(74,44), 0, 1
(74,53), 0, 1
(74,71), 0, 1
(74,94), 0, 1
(75,0), 0, 1
(75,2), 0, 1
(75,3), 0, 1
(75,4), 0, 1
(75,5), 0, 1
(75,6), 0, 1
(75,8), 0, 1
(75,9), 0, 1
(75,10), 0, 1
(75,11), 0, 1
(75,13), 0, 1
(75,14), 0, 1
(75,15), 0, 1
(75,18), 0, 1
(75,19), 0, 1
(75,21), 0, 1
(75,22), 0, 1
(75,23), 0, 1
(75,24), 0, 1
(75,26), 0, 1
(75,27), 0, 1
(75,28), 0, 1
(75,29), 0, 1
(75,30), 0, 1
(75,32), 0, 1
(75,34), 0, 1
(75,36), 0, 1
(75,37), 0, 1
(75,38), 0, 1
(75,39), 0, 1
(75,40), 0, 1
(75,42), 0, 1
(75,43), 0, 1
(75,44), 0, 1
(75,46), 0, 1
(75,49), 0, 1
(75,50), 0, 1
(75,51), 0, 1
(75,53), 0, 1
(75,54), 0, 1
(75,55), 0, 1
(75,57), 0, 1
(75,58), 0, 1
(75,59), 0, 1
(75,61), 0, 1
(75,62), 0, 1
(75,63), 0, 1
(75,64), 0, 1
(75,66), 0, 1
(75,67), 0, 1
(75,68), 0, 1
(75,69), 0, 1
(75,70), 0, 1
(75,71), 0, 1
(75,72), 0, 1
(75,73), 0, 1
(75,76), 0, 1
(75,77), 0, 1
(75,79), 0, 1
(75,80), 0, 1
(75,81), 0, 1
(75,84), 0, 1
(75,85), 0, 1
(75,87), 0, 1
(75,89), 0, 1
(75,90), 0, 1
(75,91), 0, 1
(75,94), 0, 1
(77,13), 0, 1
(77,40), 0, 1
(77,44), 0, 1
(77,53), 0, 1
(77,68), 0, 1
(77,71), 0, 1
(77,94), 0, 1
(78,13), 0, 1
(78,37), 0, 1
(78,40), 0, 1
(78,44), 0, 1
(78,53), 0, 1
(78,68), 0, 1
(78,71), 0, 1
(78,94), 0, 1
(79,8), 0, 1
(79,10), 0, 1
(79,23), 0, 1
(79,27), 0, 1
(79,28), 0, 1
(79,29), 0, 1
(79,30), 0, 1
(79,36), 0, 1
(79,38), 0, 1
(79,41), 0, 1
(79,43), 0, 1
(79,46), 0, 1
(79,49), 0, 1
(79,55), 0, 1
(79,58), 0, 1
(79,61), 0, 1
(79,66), 0, 1
(79,73), 0, 1
(79,74), 0, 1
(79,76), 0, 1
(79,81), 0, 1
(79,82), 0, 1
(79,87), 0, 1
(79,90), 0, 1
(79,93), 0, 1
(80,8), 0, 1
(80,10), 0, 1
(80,23), 0, 1
(80,27), 0, 1
(80,28), 0, 1
(80,29), 0, 1
(80,30), 0, 1
(80,36), 0, 1
(80,38), 0, 1
(80,43), 0, 1
(80,46), 0, 1
(80,47), 0, 1
(80,49), 0, 1
(80,55), 0, 1
(80,58), 0, 1
(80,61), 0, 1
(80,66), 0, 1
(80,73), 0, 1
(80,74), 0, 1
(80,75), 0, 1
(80,76), 0, 1
(80,81), 0, 1
(80,82), 0, 1
(80,87), 0, 1
(80,90), 0, 1
(82,13), 0, 1
(82,25), 0, 1
(82,37), 0, 1
(82,40), 0, 1
(82,44), 0, 1
(82,53), 0, 1
(82,68), 0, 1
(82,71), 0, 1
(82,94), 0, 1
(83,0), 0, 1
(83,2), 0, 1
(83,3), 0, 1
(83,4), 0, 1
(83,5), 0, 1
(83,6), 0, 1
(83,8), 0, 1
(83,10), 0, 1
(83,11), 0, 1
(83,12), 0, 1
(83,13), 0, 1
(83,14), 0, 1
(83,15), 0, 1
(83,16), 0, 1
(83,18), 0, 1
(83,19), 0, 1
(83,20), 0, 1
(83,21), 0, 1
(83,22), 0, 1
(83,23), 0, 1
(83,24), 0, 1
(83,26), 0, 1
(83,27), 0, 1
(83,28), 0, 1
(83,30), 0, 1
(83,32), 0, 1
(83,33), 0, 1
(83,36), 0, 1
(83,37), 0, 1
(83,38), 0, 1
(83,39), 0, 1
(83,40), 0, 1
(83,42), 0, 1
(83,43), 0, 1
(83,44), 0, 1
(83,46), 0, 1
(83,48), 0, 1
(83,49), 0, 1
(83,50), 0, 1
(83,53), 0, 1
(83,54), 0, 1
(83,55), 0, 1
(83,57), 0, 1
(83,58), 0, 1
(83,59), 0, 1
(83,61), 0, 1
(83,62), 0, 1
(83,63), 0, 1
(83,64), 0, 1
(83,66), 0, 1
(83,67), 0, 1
(83,68), 0, 1
(83,69), 0, 1
(83,70), 0, 1
(83,71), 0, 1
(83,72), 0, 1
(83,73), 0, 1
(83,74), 0, 1
(83,76), 0, 1
(83,77), 0, 1
(83,79), 0, 1
(83,80), 0, 1
(83,81), 0, 1
(83,84), 0, 1
(83,85), 0, 1
(83,90), 0, 1
(83,91), 0, 1
(83,92), 0, 1
(83,94), 0, 1
(84,0), 0, 1
(84,3), 0, 1
(84,4), 0, 1
(84,5), 0, 1
(84,6), 0, 1
(84,8), 0, 1
(84,9), 0, 1
(84,10), 0, 1
(84,11), 0, 1
(84,12), 0, 1
(84,14), 0, 1
(84,15), 0, 1
(84,16), 0, 1
(84,18), 0, 1
(84,19), 0, 1
(84,22), 0, 1
(84,23), 0, 1
(84,24), 0, 1
(84,26), 0, 1
(84,27), 0, 1
(84,28), 0, 1
(84,32), 0, 1
(84,33), 0, 1
(84,34), 0, 1
(84,36), 0, 1
(84,37), 0, 1
(84,38), 0, 1
(84,39), 0, 1
(84,42), 0, 1
(84,43), 0, 1
(84,44), 0, 1
(84,46), 0, 1
(84,48), 0, 1
(84,49), 0, 1
(84,50), 0, 1
(84,51), 0, 1
(84,52), 0, 1
(84,53), 0, 1
(84,54), 0, 1
(84,55), 0, 1
(84,57), 0, 1
(84,58), 0, 1
(84,59), 0, 1
(84,61), 0, 1
(84,62), 0, 1
(84,64), 0, 1
(84,66), 0, 1
(84,67), 0, 1
(84,68), 0, 1
(84,69), 0, 1
(84,70), 0, 1
(84,71), 0, 1
(84,72), 0, 1
(84,73), 0, 1
(84,74), 0, 1
(84,76), 0, 1
(84,77), 0, 1
(84,80), 0, 1
(84,81), 0, 1
(84,82), 0, 1
(84,85), 0, 1
(84,87), 0, 1
(84,90), 0, 1
(84,91), 0, 1
(84,92), 0, 1
(84,94), 0, 1
(85,13), 0, 1
(85,34), 0, 1
(85,37), 0, 1
(85,40), 0, 1
(85,44), 0, 1
(85,53), 0, 1
(85,68), 0, 1
(85,71), 0, 1
(85,94), 0, 1
(86,0), 0, 1
(86,3), 0, 1
(86,4), 0, 1
(86,5), 0, 1
(86,6), 0, 1
(86,8), 0, 1
(86,9), 0, 1
(86,10), 0, 1
(86,11), 0, 1
(86,12), 0, 1
(86,13), 0, 1
(86,14), 0, 1
(86,15), 0, 1
(86,16), 0, 1
(86,18), 0, 1
(86,19), 0, 1
(86,20), 0, 1
(86,21), 0, 1
(86,22), 0, 1
(86,23), 0, 1
(86,24), 0, 1
(86,26), 0, 1
(86,27), 0, 1
(86,28), 0, 1
(86,29), 0, 1
(86,30), 0, 1
(86,32), 0, 1
(86,34), 0, 1
(86,36), 0, 1
(86,37), 0, 1
(86,38), 0, 1
(86,39), 0, 1
(86,40), 0, 1
(86,42), 0, 1
(86,43), 0, 1
(86,44), 0, 1
(86,46), 0, 1
(86,49), 0, 1
(86,50), 0, 1
(86,53), 0, 1
(86,55), 0, 1
(86,59), 0, 1
(86,61), 0, 1
(86,63), 0, 1
(86,66), 0, 1
(86,67), 0, 1
(86,68), 0, 1
(86,69), 0, 1
(86,70), 0, 1
(86,71), 0, 1
(86,72), 0, 1
(86,73), 0, 1
(86,74), 0, 1
(86,75), 0, 1
(86,76), 0, 1
(86,77), 0, 1
(86,79), 0, 1
(86,80), 0, 1
(86,81), 0, 1
(86,82), 0, 1
(86,84), 0, 1
(86,85), 0, 1
(86,89), 0, 1
(86,90), 0, 1
(86,91), 0, 1
(86,92), 0, 1
(86,94), 0, 1
(87,8), 0, 1
(87,16), 0, 1
(87,23), 0, 1
(87,28), 0, 1
(87,29), 0, 1
(87,36), 0, 1
(87,46), 0, 1
(87,49), 0, 1
(87,55), 0, 1
(87,58), 0, 1
(87,61), 0, 1
(87,66), 0, 1
(87,73), 0, 1
(87,74), 0, 1
(87,76), 0, 1
(87,82), 0, 1
(88,34), 0, 1
(88,37), 0, 1
(88,40), 0, 1
(88,44), 0, 1
(88,53), 0, 1
(88,60), 0, 1
(88,68), 0, 1
(88,71), 0, 1
(88,94), 0, 1
(89,8), 0, 1
(89,10), 0, 1
(89,23), 0, 1
(89,27), 0, 1
(89,28), 0, 1
(89,29), 0, 1
(89,30), 0, 1
(89,36), 0, 1
(89,38), 0, 1
(89,43), 0, 1
(89,46), 0, 1
(89,49), 0, 1
(89,55), 0, 1
(89,66), 0, 1
(89,73), 0, 1
(89,74), 0, 1
(89,76), 0, 1
(89,81), 0, 1
(89,82), 0, 1
(89,90), 0, 1
(90,13), 0, 1
(90,40), 0, 1
(90,44), 0, 1
(90,53), 0, 1
(90,68), 0, 1
(90,71), 0, 1
(90,94), 0, 1
(91,8), 0, 1
(91,10), 0, 1
(91,16), 0, 1
(91,23), 0, 1
(91,27), 0, 1
(91,28), 0, 1
(91,29), 0, 1
(91,30), 0, 1
(91,36), 0, 1
(91,38), 0, 1
(91,43), 0, 1
(91,46), 0, 1
(91,49), 0, 1
(91,55), 0, 1
(91,58), 0, 1
(91,61), 0, 1
(91,64), 0, 1
(91,66), 0, 1
(91,73), 0, 1
(91,74), 0, 1
(91,76), 0, 1
(91,81), 0, 1
(91,82), 0, 1
(91,87), 0, 1
(91,90), 0, 1
(92,8), 0, 1
(92,10), 0, 1
(92,23), 0, 1
(92,27), 0, 1
(92,28), 0, 1
(92,29), 0, 1
(92,30), 0, 1
(92,38), 0, 1
(92,43), 0, 1
(92,45), 0, 1
(92,46), 0, 1
(92,49), 0, 1
(92,58), 0, 1
(92,61), 0, 1
(92,64), 0, 1
(92,66), 0, 1
(92,73), 0, 1
(92,75), 0, 1
(92,76), 0, 1
(92,81), 0, 1
(92,82), 0, 1
(92,87), 0, 1
(92,90), 0, 1
(93,8), 0, 1
(93,10), 0, 1
(93,16), 0, 1
(93,23), 0, 1
(93,27), 0, 1
(93,28), 0, 1
(93,29), 0, 1
(93,30), 0, 1
(93,36), 0, 1
(93,38), 0, 1
(93,43), 0, 1
(93,46), 0, 1
(93,47), 0, 1
(93,49), 0, 1
(93,55), 0, 1
(93,58), 0, 1
(93,61), 0, 1
(93,64), 0, 1
(93,66), 0, 1
(93,73), 0, 1
(93,74), 0, 1
(93,76), 0, 1
(93,81), 0, 1
(93,82), 0, 1
(93,87), 0, 1
(93,90), 0, 1
(94,8), 0, 1
(94,10), 0, 1
(94,16), 0, 1
(94,23), 0, 1
(94,27), 0, 1
(94,28), 0, 1
(94,29), 0, 1
(94,30), 0, 1
(94,36), 0, 1
(94,38), 0, 1
(94,43), 0, 1
(94,46), 0, 1
(94,49), 0, 1
(94,55), 0, 1
(94,58), 0, 1
(94,73), 0, 1
(94,74), 0, 1
(94,75), 0, 1
(94,76), 0, 1
(94,81), 0, 1
(94,82), 0, 1
(94,87), 0, 1
(94,90), 0, 1
(95,13), 0, 1
(95,34), 0, 1
(95,44), 0, 1
(95,53), 0, 1
(95,68), 0, 1
(95,71), 0, 1
(95,94), 0, 1
(96,0), 0, 1
(96,3), 0, 1
(96,4), 0, 1
(96,5), 0, 1
(96,6), 0, 1
(96,8), 0, 1
(96,9), 0, 1
(96,11), 0, 1
(96,12), 0, 1
(96,13), 0, 1
(96,14), 0, 1
(96,15), 0, 1
(96,18), 0, 1
(96,19), 0, 1
(96,20), 0, 1
(96,21), 0, 1
(96,22), 0, 1
(96,23), 0, 1
(96,24), 0, 1
(96,26), 0, 1
(96,28), 0, 1
(96,29), 0, 1
(96,30), 0, 1
(96,32), 0, 1
(96,33), 0, 1
(96,34), 0, 1
(96,36), 0, 1
(96,37), 0, 1
(96,40), 0, 1
(96,42), 0, 1
(96,43), 0, 1
(96,44), 0, 1
(96,46), 0, 1
(96,49), 0, 1
(96,50), 0, 1
(96,53), 0, 1
(96,54), 0, 1
(96,55), 0, 1
(96,57), 0, 1
(96,58), 0, 1
(96,59), 0, 1
(96,61), 0, 1
(96,62), 0, 1
(96,63), 0, 1
(96,66), 0, 1
(96,67), 0, 1
(96,68), 0, 1
(96,69), 0, 1
(96,70), 0, 1
(96,71), 0, 1
(96,72), 0, 1
(96,73), 0, 1
(96,74), 0, 1
(96,76), 0, 1
(96,77), 0, 1
(96,79), 0, 1
(96,80), 0, 1
(96,81), 0, 1
(96,82), 0, 1
(96,84), 0, 1
(96,85), 0, 1
(96,86), 0, 1
(96,87), 0, 1
(96,89), 0, 1
(96,91), 0, 1
(96,92), 0, 1
(96,94), 0, 1
(97,0), 0, 1
(97,1), 0, 1
(97,2), 0, 1
(97,3), 0, 1
(97,4), 0, 1
(97,5), 0, 1
(97,6), 0, 1
(97,8), 0, 1
(97,9), 0, 1
(97,10), 0, 1
(97,11), 0, 1
(97,12), 0, 1
(97,13), 0, 1
(97,14), 0, 1
(97,15), 0, 1
(97,16), 0, 1
(97,18), 0, 1
(97,19), 0, 1
(97,21), 0, 1
(97,22), 0, 1
(97,23), 0, 1
(97,24), 0, 1
(97,26), 0, 1
(97,27), 0, 1
(97,28), 0, 1
(97,29), 0, 1
(97,32), 0, 1
(97,33), 0, 1
(97,34), 0, 1
(97,36), 0, 1
(97,37), 0, 1
(97,38), 0, 1
(97,39), 0, 1
(97,42), 0, 1
(97,43), 0, 1
(97,44), 0, 1
(97,46), 0, 1
(97,47), 0, 1
(97,49), 0, 1
(97,50), 0, 1
(97,53), 0, 1
(97,54), 0, 1
(97,55), 0, 1
(97,56), 0, 1
(97,57), 0, 1
(97,58), 0, 1
(97,59), 0, 1
(97,62), 0, 1
(97,63), 0, 1
(97,66), 0, 1
(97,67), 0, 1
(97,69), 0, 1
(97,70), 0, 1
(97,71), 0, 1
(97,72), 0, 1
(97,73), 0, 1
(97,74), 0, 1
(97,75), 0, 1
(97,76), 0, 1
(97,79), 0, 1
(97,80), 0, 1
(97,82), 0, 1
(97,84), 0, 1
(97,85), 0, 1
(97,87), 0, 1
(97,89), 0, 1
(97,90), 0, 1
(97,91), 0, 1
(97,92), 0, 1
(97,94), 0, 1
(99,0), 0, 1
(99,2), 0, 1
(99,3), 0, 1
(99,5), 0, 1
(99,6), 0, 1
(99,8), 0, 1
(99,9), 0, 1
(99,10), 0, 1
(99,11), 0, 1
(99,12), 0, 1
(99,13), 0, 1
(99,14), 0, 1
(99,15), 0, 1
(99,19), 0, 1
(99,20), 0, 1
(99,21), 0, 1
(99,22), 0, 1
(99,23), 0, 1
(99,24), 0, 1
(99,26), 0, 1
(99,27), 0, 1
(99,28), 0, 1
(99,32), 0, 1
(99,36), 0, 1
(99,37), 0, 1
(99,38), 0, 1
(99,39), 0, 1
(99,40), 0, 1
(99,41), 0, 1
(99,42), 0, 1
(99,43), 0, 1
(99,44), 0, 1
(99,46), 0, 1
(99,49), 0, 1
(99,50), 0, 1
(99,53), 0, 1
(99,54), 0, 1
(99,55), 0, 1
(99,59), 0, 1
(99,62), 0, 1
(99,63), 0, 1
(99,64), 0, 1
(99,65), 0, 1
(99,66), 0, 1
(99,67), 0, 1
(99,68), 0, 1
(99,69), 0, 1
(99,70), 0, 1
(99,71), 0, 1
(99,72), 0, 1
(99,73), 0, 1
(99,74), 0, 1
(99,76), 0, 1
(99,77), 0, 1
(99,80), 0, 1
(99,81), 0, 1
(99,82), 0, 1
(99,84), 0, 1
(99,85), 0, 1
(99,87), 0, 1
(99,89), 0, 1
(99,91), 0, 1
(99,92), 0, 1
(99,94), 0, 1
