Nr_Pairs = 93
Nr_NDD = 7
Nr_Arcs = 2694
0	0.5
1	0.10
2	0.10
3	0.28
4	0.5
5	0.90
6	0.28
7	0.5
8	0.5
9	0.5
10	0.92
11	0.28
12	0.32
13	0.92
14	0.5
15	0.5
16	0.90
17	0.5
18	0.10
19	0.28
20	0.28
21	0.28
22	0.5
23	0.32
24	0.32
25	0.5
26	0.5
27	0.90
28	0.90
29	0.5
30	0.92
31	0.5
32	0.32
33	0.28
34	0.5
35	0.32
36	0.32
37	0.5
38	0.5
39	0.10
40	0.90
41	0.32
42	0.5
43	0.28
44	0.28
45	0.10
46	0.90
47	0.5
48	0.5
49	0.90
50	0.5
51	0.10
52	0.5
53	0.5
54	0.28
55	0.5
56	0.28
57	0.90
58	0.5
59	0.5
60	0.5
61	0.10
62	0.5
63	0.5
64	0.10
65	0.90
66	0.90
67	0.5
68	0.5
69	0.10
70	0.28
71	0.5
72	0.92
73	0.90
74	0.5
75	0.10
76	0.90
77	0.28
78	0.5
79	0.90
80	0.5
81	0.92
82	0.90
83	0.10
84	0.5
85	0.5
86	0.10
87	0.5
88	0.90
89	0.10
90	0.90
91	0.5
92	0.5
93	0.0
94	0.0
95	0.0
96	0.0
97	0.0
98	0.0
99	0.0
(0,1), 0, 1
(0,4), 0, 1
(0,5), 0, 1
(0,8), 0, 1
(0,34), 0, 1
(0,42), 0, 1
(0,47), 0, 1
(0,55), 0, 1
(0,75), 0, 1
(1,0), 0, 1
(1,2), 0, 1
(1,12), 0, 1
(1,14), 0, 1
(1,27), 0, 1
(1,29), 0, 1
(1,43), 0, 1
(1,45), 0, 1
(1,48), 0, 1
(1,52), 0, 1
(1,61), 0, 1
(1,62), 0, 1
(1,66), 0, 1
(1,68), 0, 1
(1,77), 0, 1
(1,85), 0, 1
(1,91), 0, 1
(2,0), 0, 1
(2,14), 0, 1
(2,29), 0, 1
(2,43), 0, 1
(2,48), 0, 1
(2,52), 0, 1
(2,61), 0, 1
(2,62), 0, 1
(2,68), 0, 1
(2,77), 0, 1
(2,85), 0, 1
(2,91), 0, 1
(3,0), 0, 1
(3,2), 0, 1
(3,14), 0, 1
(3,35), 0, 1
(3,45), 0, 1
(3,48), 0, 1
(3,52), 0, 1
(3,61), 0, 1
(3,62), 0, 1
(3,68), 0, 1
(3,77), 0, 1
(3,85), 0, 1
(3,91), 0, 1
(4,0), 0, 1
(4,2), 0, 1
(4,12), 0, 1
(4,14), 0, 1
(4,29), 0, 1
(4,35), 0, 1
(4,43), 0, 1
(4,45), 0, 1
(4,48), 0, 1
(4,52), 0, 1
(4,61), 0, 1
(4,62), 0, 1
(4,72), 0, 1
(4,77), 0, 1
(4,85), 0, 1
(4,91), 0, 1
(5,0), 0, 1
(5,1), 0, 1
(5,2), 0, 1
(5,3), 0, 1
(5,4), 0, 1
(5,7), 0, 1
(5,8), 0, 1
(5,9), 0, 1
(5,11), 0, 1
(5,12), 0, 1
(5,14), 0, 1
(5,15), 0, 1
(5,17), 0, 1
(5,18), 0, 1
(5,20), 0, 1
(5,22), 0, 1
(5,23), 0, 1
(5,24), 0, 1
(5,25), 0, 1
(5,26), 0, 1
(5,29), 0, 1
(5,31), 0, 1
(5,32), 0, 1
(5,33), 0, 1
(5,34), 0, 1
(5,35), 0, 1
(5,36), 0, 1
(5,37), 0, 1
(5,38), 0, 1
(5,39), 0, 1
(5,40), 0, 1
(5,41), 0, 1
(5,42), 0, 1
(5,44), 0, 1
(5,45), 0, 1
(5,47), 0, 1
(5,48), 0, 1
(5,50), 0, 1
(5,51), 0, 1
(5,52), 0, 1
(5,53), 0, 1
(5,54), 0, 1
(5,55), 0, 1
(5,58), 0, 1
(5,59), 0, 1
(5,60), 0, 1
(5,61), 0, 1
(5,62), 0, 1
(5,63), 0, 1
(5,64), 0, 1
(5,67), 0, 1
(5,68), 0, 1
(5,69), 0, 1
(5,71), 0, 1
(5,74), 0, 1
(5,75), 0, 1
(5,76), 0, 1
(5,77), 0, 1
(5,78), 0, 1
(5,79), 0, 1
(5,83), 0, 1
(5,84), 0, 1
(5,85), 0, 1
(5,86), 0, 1
(5,87), 0, 1
(5,89), 0, 1
(5,90), 0, 1
(5,91), 0, 1
(5,92), 0, 1
(6,0), 0, 1
(6,2), 0, 1
(6,12), 0, 1
(6,14), 0, 1
(6,16), 0, 1
(6,30), 0, 1
(6,35), 0, 1
(6,43), 0, 1
(6,45), 0, 1
(6,48), 0, 1
(6,52), 0, 1
(6,61), 0, 1
(6,62), 0, 1
(6,68), 0, 1
(6,77), 0, 1
(6,85), 0, 1
(6,91), 0, 1
(7,0), 0, 1
(7,2), 0, 1
(7,12), 0, 1
(7,14), 0, 1
(7,29), 0, 1
(7,35), 0, 1
(7,43), 0, 1
(7,45), 0, 1
(7,48), 0, 1
(7,52), 0, 1
(7,61), 0, 1
(7,62), 0, 1
(7,68), 0, 1
(7,85), 0, 1
(7,91), 0, 1
(8,0), 0, 1
(8,2), 0, 1
(8,12), 0, 1
(8,14), 0, 1
(8,29), 0, 1
(8,35), 0, 1
(8,45), 0, 1
(8,48), 0, 1
(8,52), 0, 1
(8,61), 0, 1
(8,62), 0, 1
(8,68), 0, 1
(8,77), 0, 1
(8,85), 0, 1
(8,91), 0, 1
(9,0), 0, 1
(9,2), 0, 1
(9,14), 0, 1
(9,29), 0, 1
(9,35), 0, 1
(9,43), 0, 1
(9,45), 0, 1
(9,48), 0, 1
(9,52), 0, 1
(9,61), 0, 1
(9,62), 0, 1
(9,68), 0, 1
(9,77), 0, 1
(9,85), 0, 1
(9,91), 0, 1
(10,0), 0, 1
(10,1), 0, 1
(10,2), 0, 1
(10,4), 0, 1
(10,6), 0, 1
(10,7), 0, 1
(10,8), 0, 1
(10,9), 0, 1
(10,12), 0, 1
(10,14), 0, 1
(10,15), 0, 1
(10,17), 0, 1
(10,18), 0, 1
(10,19), 0, 1
(10,20), 0, 1
(10,21), 0, 1
(10,22), 0, 1
(10,23), 0, 1
(10,26), 0, 1
(10,29), 0, 1
(10,31), 0, 1
(10,32), 0, 1
(10,33), 0, 1
(10,34), 0, 1
(10,36), 0, 1
(10,37), 0, 1
(10,38), 0, 1
(10,39), 0, 1
(10,41), 0, 1
(10,42), 0, 1
(10,43), 0, 1
(10,44), 0, 1
(10,47), 0, 1
(10,48), 0, 1
(10,50), 0, 1
(10,51), 0, 1
(10,52), 0, 1
(10,53), 0, 1
(10,54), 0, 1
(10,55), 0, 1
(10,56), 0, 1
(10,58), 0, 1
(10,59), 0, 1
(10,60), 0, 1
(10,62), 0, 1
(10,63), 0, 1
(10,64), 0, 1
(10,67), 0, 1
(10,68), 0, 1
(10,69), 0, 1
(10,70), 0, 1
(10,71), 0, 1
(10,72), 0, 1
(10,74), 0, 1
(10,75), 0, 1
(10,76), 0, 1
(10,77), 0, 1
(10,78), 0, 1
(10,80), 0, 1
(10,83), 0, 1
(10,84), 0, 1
(10,85), 0, 1
(10,86), 0, 1
(10,87), 0, 1
(10,89), 0, 1
(10,91), 0, 1
(10,92), 0, 1
(11,1), 0, 1
(11,4), 0, 1
(11,5), 0, 1
(11,8), 0, 1
(11,23), 0, 1
(11,34), 0, 1
(11,42), 0, 1
(11,55), 0, 1
(11,75), 0, 1
(12,1), 0, 1
(12,4), 0, 1
(12,8), 0, 1
(12,23), 0, 1
(12,34), 0, 1
(12,42), 0, 1
(12,55), 0, 1
(12,75), 0, 1
(13,0), 0, 1
(13,1), 0, 1
(13,2), 0, 1
(13,3), 0, 1
(13,4), 0, 1
(13,6), 0, 1
(13,7), 0, 1
(13,8), 0, 1
(13,9), 0, 1
(13,11), 0, 1
(13,14), 0, 1
(13,15), 0, 1
(13,17), 0, 1
(13,18), 0, 1
(13,19), 0, 1
(13,22), 0, 1
(13,23), 0, 1
(13,24), 0, 1
(13,25), 0, 1
(13,26), 0, 1
(13,28), 0, 1
(13,29), 0, 1
(13,31), 0, 1
(13,33), 0, 1
(13,34), 0, 1
(13,36), 0, 1
(13,37), 0, 1
(13,38), 0, 1
(13,39), 0, 1
(13,42), 0, 1
(13,45), 0, 1
(13,47), 0, 1
(13,48), 0, 1
(13,50), 0, 1
(13,51), 0, 1
(13,52), 0, 1
(13,53), 0, 1
(13,55), 0, 1
(13,58), 0, 1
(13,59), 0, 1
(13,60), 0, 1
(13,61), 0, 1
(13,62), 0, 1
(13,63), 0, 1
(13,64), 0, 1
(13,67), 0, 1
(13,68), 0, 1
(13,69), 0, 1
(13,70), 0, 1
(13,71), 0, 1
(13,74), 0, 1
(13,77), 0, 1
(13,78), 0, 1
(13,80), 0, 1
(13,83), 0, 1
(13,84), 0, 1
(13,85), 0, 1
(13,86), 0, 1
(13,87), 0, 1
(13,89), 0, 1
(13,91), 0, 1
(13,92), 0, 1
(14,1), 0, 1
(14,4), 0, 1
(14,8), 0, 1
(14,23), 0, 1
(14,34), 0, 1
(14,42), 0, 1
(14,47), 0, 1
(14,55), 0, 1
(14,75), 0, 1
(15,1), 0, 1
(15,4), 0, 1
(15,8), 0, 1
(15,47), 0, 1
(15,55), 0, 1
(15,75), 0, 1
(16,0), 0, 1
(16,1), 0, 1
(16,4), 0, 1
(16,6), 0, 1
(16,7), 0, 1
(16,8), 0, 1
(16,9), 0, 1
(16,11), 0, 1
(16,12), 0, 1
(16,14), 0, 1
(16,15), 0, 1
(16,17), 0, 1
(16,20), 0, 1
(16,21), 0, 1
(16,22), 0, 1
(16,23), 0, 1
(16,25), 0, 1
(16,26), 0, 1
(16,28), 0, 1
(16,29), 0, 1
(16,31), 0, 1
(16,34), 0, 1
(16,35), 0, 1
(16,36), 0, 1
(16,37), 0, 1
(16,38), 0, 1
(16,39), 0, 1
(16,41), 0, 1
(16,42), 0, 1
(16,43), 0, 1
(16,44), 0, 1
(16,45), 0, 1
(16,47), 0, 1
(16,48), 0, 1
(16,50), 0, 1
(16,51), 0, 1
(16,52), 0, 1
(16,53), 0, 1
(16,54), 0, 1
(16,55), 0, 1
(16,58), 0, 1
(16,59), 0, 1
(16,60), 0, 1
(16,61), 0, 1
(16,62), 0, 1
(16,63), 0, 1
(16,64), 0, 1
(16,67), 0, 1
(16,68), 0, 1
(16,69), 0, 1
(16,70), 0, 1
(16,71), 0, 1
(16,74), 0, 1
(16,75), 0, 1
(16,77), 0, 1
(16,78), 0, 1
(16,80), 0, 1
(16,83), 0, 1
(16,84), 0, 1
(16,85), 0, 1
(16,86), 0, 1
(16,89), 0, 1
(16,91), 0, 1
(16,92), 0, 1
(17,1), 0, 1
(17,4), 0, 1
(17,8), 0, 1
(17,23), 0, 1
(17,34), 0, 1
(17,42), 0, 1
(17,47), 0, 1
(17,55), 0, 1
(17,75), 0, 1
(18,0), 0, 1
(18,2), 0, 1
(18,12), 0, 1
(18,14), 0, 1
(18,29), 0, 1
(18,35), 0, 1
(18,40), 0, 1
(18,43), 0, 1
(18,45), 0, 1
(18,48), 0, 1
(18,52), 0, 1
(18,61), 0, 1
(18,62), 0, 1
(18,85), 0, 1
(18,91), 0, 1
(19,1), 0, 1
(19,4), 0, 1
(19,8), 0, 1
(19,23), 0, 1
(19,34), 0, 1
(19,42), 0, 1
(19,47), 0, 1
(19,55), 0, 1
(19,75), 0, 1
(20,0), 0, 1
(20,2), 0, 1
(20,14), 0, 1
(20,29), 0, 1
(20,35), 0, 1
(20,43), 0, 1
(20,45), 0, 1
(20,48), 0, 1
(20,52), 0, 1
(20,61), 0, 1
(20,62), 0, 1
(20,68), 0, 1
(20,72), 0, 1
(20,77), 0, 1
(20,85), 0, 1
(20,91), 0, 1
(21,0), 0, 1
(21,1), 0, 1
(21,2), 0, 1
(21,4), 0, 1
(21,6), 0, 1
(21,7), 0, 1
(21,8), 0, 1
(21,9), 0, 1
(21,12), 0, 1
(21,14), 0, 1
(21,15), 0, 1
(21,17), 0, 1
(21,18), 0, 1
(21,20), 0, 1
(21,22), 0, 1
(21,24), 0, 1
(21,25), 0, 1
(21,26), 0, 1
(21,29), 0, 1
(21,31), 0, 1
(21,32), 0, 1
(21,33), 0, 1
(21,34), 0, 1
(21,37), 0, 1
(21,38), 0, 1
(21,39), 0, 1
(21,42), 0, 1
(21,43), 0, 1
(21,44), 0, 1
(21,45), 0, 1
(21,46), 0, 1
(21,47), 0, 1
(21,48), 0, 1
(21,50), 0, 1
(21,51), 0, 1
(21,53), 0, 1
(21,54), 0, 1
(21,55), 0, 1
(21,57), 0, 1
(21,58), 0, 1
(21,59), 0, 1
(21,60), 0, 1
(21,61), 0, 1
(21,62), 0, 1
(21,63), 0, 1
(21,64), 0, 1
(21,67), 0, 1
(21,68), 0, 1
(21,69), 0, 1
(21,70), 0, 1
(21,71), 0, 1
(21,74), 0, 1
(21,75), 0, 1
(21,78), 0, 1
(21,80), 0, 1
(21,83), 0, 1
(21,84), 0, 1
(21,85), 0, 1
(21,86), 0, 1
(21,87), 0, 1
(21,89), 0, 1
(21,91), 0, 1
(21,92), 0, 1
(22,0), 0, 1
(22,2), 0, 1
(22,5), 0, 1
(22,12), 0, 1
(22,14), 0, 1
(22,29), 0, 1
(22,35), 0, 1
(22,43), 0, 1
(22,45), 0, 1
(22,46), 0, 1
(22,48), 0, 1
(22,61), 0, 1
(22,62), 0, 1
(22,68), 0, 1
(22,77), 0, 1
(22,85), 0, 1
(22,91), 0, 1
(23,1), 0, 1
(23,4), 0, 1
(23,8), 0, 1
(23,34), 0, 1
(23,42), 0, 1
(23,47), 0, 1
(23,55), 0, 1
(23,75), 0, 1
(24,0), 0, 1
(24,1), 0, 1
(24,2), 0, 1
(24,3), 0, 1
(24,4), 0, 1
(24,6), 0, 1
(24,7), 0, 1
(24,8), 0, 1
(24,9), 0, 1
(24,11), 0, 1
(24,14), 0, 1
(24,15), 0, 1
(24,17), 0, 1
(24,18), 0, 1
(24,19), 0, 1
(24,21), 0, 1
(24,22), 0, 1
(24,23), 0, 1
(24,25), 0, 1
(24,26), 0, 1
(24,27), 0, 1
(24,29), 0, 1
(24,31), 0, 1
(24,32), 0, 1
(24,33), 0, 1
(24,34), 0, 1
(24,35), 0, 1
(24,36), 0, 1
(24,37), 0, 1
(24,38), 0, 1
(24,39), 0, 1
(24,41), 0, 1
(24,42), 0, 1
(24,43), 0, 1
(24,45), 0, 1
(24,47), 0, 1
(24,48), 0, 1
(24,50), 0, 1
(24,51), 0, 1
(24,52), 0, 1
(24,53), 0, 1
(24,54), 0, 1
(24,55), 0, 1
(24,56), 0, 1
(24,57), 0, 1
(24,58), 0, 1
(24,60), 0, 1
(24,61), 0, 1
(24,62), 0, 1
(24,63), 0, 1
(24,64), 0, 1
(24,67), 0, 1
(24,68), 0, 1
(24,69), 0, 1
(24,71), 0, 1
(24,74), 0, 1
(24,75), 0, 1
(24,77), 0, 1
(24,78), 0, 1
(24,80), 0, 1
(24,83), 0, 1
(24,84), 0, 1
(24,85), 0, 1
(24,86), 0, 1
(24,87), 0, 1
(24,91), 0, 1
(24,92), 0, 1
(25,0), 0, 1
(25,2), 0, 1
(25,12), 0, 1
(25,14), 0, 1
(25,29), 0, 1
(25,35), 0, 1
(25,43), 0, 1
(25,45), 0, 1
(25,46), 0, 1
(25,48), 0, 1
(25,52), 0, 1
(25,61), 0, 1
(25,62), 0, 1
(25,68), 0, 1
(25,77), 0, 1
(25,85), 0, 1
(25,91), 0, 1
(26,0), 0, 1
(26,2), 0, 1
(26,5), 0, 1
(26,12), 0, 1
(26,14), 0, 1
(26,16), 0, 1
(26,29), 0, 1
(26,35), 0, 1
(26,43), 0, 1
(26,45), 0, 1
(26,48), 0, 1
(26,52), 0, 1
(26,61), 0, 1
(26,68), 0, 1
(26,72), 0, 1
(26,77), 0, 1
(26,82), 0, 1
(26,85), 0, 1
(26,90), 0, 1
(26,91), 0, 1
(27,0), 0, 1
(27,3), 0, 1
(27,4), 0, 1
(27,7), 0, 1
(27,8), 0, 1
(27,9), 0, 1
(27,11), 0, 1
(27,12), 0, 1
(27,14), 0, 1
(27,15), 0, 1
(27,17), 0, 1
(27,18), 0, 1
(27,20), 0, 1
(27,21), 0, 1
(27,22), 0, 1
(27,23), 0, 1
(27,24), 0, 1
(27,25), 0, 1
(27,26), 0, 1
(27,31), 0, 1
(27,34), 0, 1
(27,35), 0, 1
(27,36), 0, 1
(27,37), 0, 1
(27,38), 0, 1
(27,41), 0, 1
(27,42), 0, 1
(27,44), 0, 1
(27,45), 0, 1
(27,47), 0, 1
(27,48), 0, 1
(27,51), 0, 1
(27,52), 0, 1
(27,53), 0, 1
(27,54), 0, 1
(27,55), 0, 1
(27,58), 0, 1
(27,59), 0, 1
(27,60), 0, 1
(27,61), 0, 1
(27,62), 0, 1
(27,63), 0, 1
(27,64), 0, 1
(27,66), 0, 1
(27,67), 0, 1
(27,68), 0, 1
(27,69), 0, 1
(27,70), 0, 1
(27,75), 0, 1
(27,78), 0, 1
(27,80), 0, 1
(27,83), 0, 1
(27,84), 0, 1
(27,85), 0, 1
(27,86), 0, 1
(27,87), 0, 1
(27,89), 0, 1
(27,91), 0, 1
(27,92), 0, 1
(28,0), 0, 1
(28,1), 0, 1
(28,2), 0, 1
(28,4), 0, 1
(28,6), 0, 1
(28,7), 0, 1
(28,8), 0, 1
(28,9), 0, 1
(28,11), 0, 1
(28,13), 0, 1
(28,14), 0, 1
(28,15), 0, 1
(28,17), 0, 1
(28,18), 0, 1
(28,19), 0, 1
(28,21), 0, 1
(28,22), 0, 1
(28,23), 0, 1
(28,24), 0, 1
(28,25), 0, 1
(28,26), 0, 1
(28,29), 0, 1
(28,31), 0, 1
(28,32), 0, 1
(28,33), 0, 1
(28,34), 0, 1
(28,35), 0, 1
(28,36), 0, 1
(28,37), 0, 1
(28,38), 0, 1
(28,39), 0, 1
(28,41), 0, 1
(28,42), 0, 1
(28,45), 0, 1
(28,46), 0, 1
(28,47), 0, 1
(28,48), 0, 1
(28,50), 0, 1
(28,51), 0, 1
(28,52), 0, 1
(28,53), 0, 1
(28,54), 0, 1
(28,55), 0, 1
(28,56), 0, 1
(28,58), 0, 1
(28,59), 0, 1
(28,60), 0, 1
(28,61), 0, 1
(28,62), 0, 1
(28,63), 0, 1
(28,64), 0, 1
(28,67), 0, 1
(28,68), 0, 1
(28,69), 0, 1
(28,70), 0, 1
(28,71), 0, 1
(28,74), 0, 1
(28,75), 0, 1
(28,77), 0, 1
(28,78), 0, 1
(28,80), 0, 1
(28,84), 0, 1
(28,85), 0, 1
(28,86), 0, 1
(28,87), 0, 1
(28,89), 0, 1
(28,91), 0, 1
(28,92), 0, 1
(29,1), 0, 1
(29,4), 0, 1
(29,8), 0, 1
(29,23), 0, 1
(29,34), 0, 1
(29,42), 0, 1
(29,47), 0, 1
(29,55), 0, 1
(29,75), 0, 1
(30,0), 0, 1
(30,12), 0, 1
(30,14), 0, 1
(30,29), 0, 1
(30,45), 0, 1
(30,48), 0, 1
(30,52), 0, 1
(30,61), 0, 1
(30,62), 0, 1
(30,65), 0, 1
(30,68), 0, 1
(30,77), 0, 1
(30,85), 0, 1
(30,91), 0, 1
(31,0), 0, 1
(31,12), 0, 1
(31,14), 0, 1
(31,29), 0, 1
(31,35), 0, 1
(31,43), 0, 1
(31,48), 0, 1
(31,52), 0, 1
(31,61), 0, 1
(31,62), 0, 1
(31,68), 0, 1
(31,77), 0, 1
(31,85), 0, 1
(31,91), 0, 1
(32,0), 0, 1
(32,1), 0, 1
(32,2), 0, 1
(32,3), 0, 1
(32,4), 0, 1
(32,6), 0, 1
(32,7), 0, 1
(32,8), 0, 1
(32,9), 0, 1
(32,11), 0, 1
(32,13), 0, 1
(32,14), 0, 1
(32,15), 0, 1
(32,17), 0, 1
(32,18), 0, 1
(32,19), 0, 1
(32,20), 0, 1
(32,21), 0, 1
(32,22), 0, 1
(32,25), 0, 1
(32,26), 0, 1
(32,28), 0, 1
(32,29), 0, 1
(32,31), 0, 1
(32,33), 0, 1
(32,34), 0, 1
(32,35), 0, 1
(32,37), 0, 1
(32,38), 0, 1
(32,39), 0, 1
(32,42), 0, 1
(32,45), 0, 1
(32,47), 0, 1
(32,48), 0, 1
(32,50), 0, 1
(32,51), 0, 1
(32,52), 0, 1
(32,53), 0, 1
(32,55), 0, 1
(32,56), 0, 1
(32,58), 0, 1
(32,59), 0, 1
(32,60), 0, 1
(32,61), 0, 1
(32,62), 0, 1
(32,63), 0, 1
(32,64), 0, 1
(32,67), 0, 1
(32,68), 0, 1
(32,69), 0, 1
(32,70), 0, 1
(32,71), 0, 1
(32,74), 0, 1
(32,75), 0, 1
(32,76), 0, 1
(32,77), 0, 1
(32,78), 0, 1
(32,80), 0, 1
(32,81), 0, 1
(32,82), 0, 1
(32,83), 0, 1
(32,84), 0, 1
(32,85), 0, 1
(32,87), 0, 1
(32,89), 0, 1
(32,91), 0, 1
(32,92), 0, 1
(33,0), 0, 1
(33,1), 0, 1
(33,2), 0, 1
(33,4), 0, 1
(33,6), 0, 1
(33,7), 0, 1
(33,8), 0, 1
(33,11), 0, 1
(33,13), 0, 1
(33,15), 0, 1
(33,16), 0, 1
(33,17), 0, 1
(33,18), 0, 1
(33,19), 0, 1
(33,21), 0, 1
(33,22), 0, 1
(33,23), 0, 1
(33,25), 0, 1
(33,26), 0, 1
(33,29), 0, 1
(33,31), 0, 1
(33,32), 0, 1
(33,34), 0, 1
(33,37), 0, 1
(33,38), 0, 1
(33,39), 0, 1
(33,41), 0, 1
(33,42), 0, 1
(33,43), 0, 1
(33,44), 0, 1
(33,45), 0, 1
(33,47), 0, 1
(33,48), 0, 1
(33,50), 0, 1
(33,51), 0, 1
(33,52), 0, 1
(33,53), 0, 1
(33,54), 0, 1
(33,55), 0, 1
(33,56), 0, 1
(33,58), 0, 1
(33,59), 0, 1
(33,60), 0, 1
(33,61), 0, 1
(33,62), 0, 1
(33,63), 0, 1
(33,64), 0, 1
(33,67), 0, 1
(33,68), 0, 1
(33,69), 0, 1
(33,70), 0, 1
(33,71), 0, 1
(33,74), 0, 1
(33,77), 0, 1
(33,78), 0, 1
(33,80), 0, 1
(33,83), 0, 1
(33,84), 0, 1
(33,85), 0, 1
(33,86), 0, 1
(33,87), 0, 1
(33,89), 0, 1
(33,91), 0, 1
(33,92), 0, 1
(34,0), 0, 1
(34,2), 0, 1
(34,12), 0, 1
(34,14), 0, 1
(34,27), 0, 1
(34,29), 0, 1
(34,35), 0, 1
(34,40), 0, 1
(34,43), 0, 1
(34,45), 0, 1
(34,48), 0, 1
(34,52), 0, 1
(34,61), 0, 1
(34,62), 0, 1
(34,68), 0, 1
(34,72), 0, 1
(34,77), 0, 1
(34,85), 0, 1
(34,91), 0, 1
(35,0), 0, 1
(35,2), 0, 1
(35,12), 0, 1
(35,14), 0, 1
(35,29), 0, 1
(35,40), 0, 1
(35,43), 0, 1
(35,45), 0, 1
(35,48), 0, 1
(35,52), 0, 1
(35,61), 0, 1
(35,62), 0, 1
(35,68), 0, 1
(35,77), 0, 1
(35,85), 0, 1
(35,91), 0, 1
(36,0), 0, 1
(36,2), 0, 1
(36,3), 0, 1
(36,4), 0, 1
(36,6), 0, 1
(36,7), 0, 1
(36,8), 0, 1
(36,9), 0, 1
(36,11), 0, 1
(36,12), 0, 1
(36,14), 0, 1
(36,17), 0, 1
(36,18), 0, 1
(36,20), 0, 1
(36,21), 0, 1
(36,22), 0, 1
(36,23), 0, 1
(36,25), 0, 1
(36,26), 0, 1
(36,29), 0, 1
(36,31), 0, 1
(36,32), 0, 1
(36,33), 0, 1
(36,34), 0, 1
(36,35), 0, 1
(36,37), 0, 1
(36,38), 0, 1
(36,41), 0, 1
(36,42), 0, 1
(36,43), 0, 1
(36,44), 0, 1
(36,45), 0, 1
(36,47), 0, 1
(36,48), 0, 1
(36,50), 0, 1
(36,51), 0, 1
(36,52), 0, 1
(36,53), 0, 1
(36,55), 0, 1
(36,56), 0, 1
(36,58), 0, 1
(36,59), 0, 1
(36,60), 0, 1
(36,61), 0, 1
(36,62), 0, 1
(36,63), 0, 1
(36,64), 0, 1
(36,67), 0, 1
(36,68), 0, 1
(36,69), 0, 1
(36,71), 0, 1
(36,73), 0, 1
(36,75), 0, 1
(36,77), 0, 1
(36,78), 0, 1
(36,80), 0, 1
(36,81), 0, 1
(36,83), 0, 1
(36,84), 0, 1
(36,85), 0, 1
(36,86), 0, 1
(36,87), 0, 1
(36,89), 0, 1
(36,91), 0, 1
(36,92), 0, 1
(37,0), 0, 1
(37,12), 0, 1
(37,14), 0, 1
(37,29), 0, 1
(37,35), 0, 1
(37,40), 0, 1
(37,43), 0, 1
(37,48), 0, 1
(37,61), 0, 1
(37,62), 0, 1
(37,68), 0, 1
(37,77), 0, 1
(37,85), 0, 1
(37,91), 0, 1
(38,1), 0, 1
(38,4), 0, 1
(38,5), 0, 1
(38,8), 0, 1
(38,34), 0, 1
(38,42), 0, 1
(38,47), 0, 1
(38,55), 0, 1
(38,75), 0, 1
(39,0), 0, 1
(39,2), 0, 1
(39,12), 0, 1
(39,14), 0, 1
(39,35), 0, 1
(39,40), 0, 1
(39,43), 0, 1
(39,45), 0, 1
(39,48), 0, 1
(39,52), 0, 1
(39,61), 0, 1
(39,62), 0, 1
(39,68), 0, 1
(39,85), 0, 1
(39,91), 0, 1
(40,0), 0, 1
(40,1), 0, 1
(40,2), 0, 1
(40,4), 0, 1
(40,5), 0, 1
(40,6), 0, 1
(40,7), 0, 1
(40,8), 0, 1
(40,9), 0, 1
(40,11), 0, 1
(40,14), 0, 1
(40,15), 0, 1
(40,17), 0, 1
(40,18), 0, 1
(40,20), 0, 1
(40,21), 0, 1
(40,22), 0, 1
(40,23), 0, 1
(40,24), 0, 1
(40,25), 0, 1
(40,26), 0, 1
(40,29), 0, 1
(40,31), 0, 1
(40,32), 0, 1
(40,33), 0, 1
(40,34), 0, 1
(40,36), 0, 1
(40,37), 0, 1
(40,38), 0, 1
(40,39), 0, 1
(40,41), 0, 1
(40,42), 0, 1
(40,43), 0, 1
(40,44), 0, 1
(40,47), 0, 1
(40,48), 0, 1
(40,50), 0, 1
(40,51), 0, 1
(40,52), 0, 1
(40,53), 0, 1
(40,55), 0, 1
(40,56), 0, 1
(40,58), 0, 1
(40,59), 0, 1
(40,60), 0, 1
(40,61), 0, 1
(40,63), 0, 1
(40,64), 0, 1
(40,68), 0, 1
(40,69), 0, 1
(40,70), 0, 1
(40,71), 0, 1
(40,74), 0, 1
(40,75), 0, 1
(40,77), 0, 1
(40,78), 0, 1
(40,80), 0, 1
(40,83), 0, 1
(40,84), 0, 1
(40,85), 0, 1
(40,86), 0, 1
(40,87), 0, 1
(40,89), 0, 1
(40,91), 0, 1
(40,92), 0, 1
(41,0), 0, 1
(41,2), 0, 1
(41,3), 0, 1
(41,4), 0, 1
(41,6), 0, 1
(41,7), 0, 1
(41,8), 0, 1
(41,14), 0, 1
(41,15), 0, 1
(41,17), 0, 1
(41,18), 0, 1
(41,19), 0, 1
(41,20), 0, 1
(41,21), 0, 1
(41,22), 0, 1
(41,23), 0, 1
(41,25), 0, 1
(41,26), 0, 1
(41,27), 0, 1
(41,31), 0, 1
(41,32), 0, 1
(41,34), 0, 1
(41,36), 0, 1
(41,37), 0, 1
(41,38), 0, 1
(41,39), 0, 1
(41,42), 0, 1
(41,43), 0, 1
(41,44), 0, 1
(41,45), 0, 1
(41,47), 0, 1
(41,48), 0, 1
(41,51), 0, 1
(41,52), 0, 1
(41,53), 0, 1
(41,54), 0, 1
(41,55), 0, 1
(41,56), 0, 1
(41,58), 0, 1
(41,59), 0, 1
(41,60), 0, 1
(41,61), 0, 1
(41,62), 0, 1
(41,63), 0, 1
(41,64), 0, 1
(41,67), 0, 1
(41,68), 0, 1
(41,69), 0, 1
(41,70), 0, 1
(41,74), 0, 1
(41,75), 0, 1
(41,77), 0, 1
(41,78), 0, 1
(41,80), 0, 1
(41,82), 0, 1
(41,83), 0, 1
(41,84), 0, 1
(41,85), 0, 1
(41,86), 0, 1
(41,87), 0, 1
(41,89), 0, 1
(41,91), 0, 1
(41,92), 0, 1
(42,0), 0, 1
(42,1), 0, 1
(42,2), 0, 1
(42,3), 0, 1
(42,4), 0, 1
(42,6), 0, 1
(42,7), 0, 1
(42,8), 0, 1
(42,9), 0, 1
(42,11), 0, 1
(42,12), 0, 1
(42,13), 0, 1
(42,14), 0, 1
(42,15), 0, 1
(42,18), 0, 1
(42,19), 0, 1
(42,20), 0, 1
(42,21), 0, 1
(42,22), 0, 1
(42,23), 0, 1
(42,25), 0, 1
(42,26), 0, 1
(42,29), 0, 1
(42,31), 0, 1
(42,32), 0, 1
(42,33), 0, 1
(42,34), 0, 1
(42,35), 0, 1
(42,36), 0, 1
(42,37), 0, 1
(42,38), 0, 1
(42,43), 0, 1
(42,44), 0, 1
(42,45), 0, 1
(42,47), 0, 1
(42,50), 0, 1
(42,52), 0, 1
(42,53), 0, 1
(42,54), 0, 1
(42,55), 0, 1
(42,56), 0, 1
(42,58), 0, 1
(42,59), 0, 1
(42,60), 0, 1
(42,61), 0, 1
(42,62), 0, 1
(42,63), 0, 1
(42,64), 0, 1
(42,67), 0, 1
(42,68), 0, 1
(42,69), 0, 1
(42,70), 0, 1
(42,71), 0, 1
(42,74), 0, 1
(42,75), 0, 1
(42,77), 0, 1
(42,78), 0, 1
(42,79), 0, 1
(42,80), 0, 1
(42,83), 0, 1
(42,84), 0, 1
(42,85), 0, 1
(42,86), 0, 1
(42,87), 0, 1
(42,89), 0, 1
(42,91), 0, 1
(43,1), 0, 1
(43,4), 0, 1
(43,5), 0, 1
(43,8), 0, 1
(43,23), 0, 1
(43,34), 0, 1
(43,42), 0, 1
(43,47), 0, 1
(43,55), 0, 1
(43,75), 0, 1
(44,0), 0, 1
(44,1), 0, 1
(44,2), 0, 1
(44,3), 0, 1
(44,4), 0, 1
(44,5), 0, 1
(44,6), 0, 1
(44,7), 0, 1
(44,8), 0, 1
(44,9), 0, 1
(44,14), 0, 1
(44,15), 0, 1
(44,17), 0, 1
(44,18), 0, 1
(44,21), 0, 1
(44,22), 0, 1
(44,25), 0, 1
(44,26), 0, 1
(44,29), 0, 1
(44,31), 0, 1
(44,32), 0, 1
(44,33), 0, 1
(44,34), 0, 1
(44,36), 0, 1
(44,37), 0, 1
(44,38), 0, 1
(44,39), 0, 1
(44,42), 0, 1
(44,43), 0, 1
(44,45), 0, 1
(44,47), 0, 1
(44,48), 0, 1
(44,50), 0, 1
(44,51), 0, 1
(44,52), 0, 1
(44,53), 0, 1
(44,54), 0, 1
(44,55), 0, 1
(44,56), 0, 1
(44,58), 0, 1
(44,59), 0, 1
(44,60), 0, 1
(44,62), 0, 1
(44,63), 0, 1
(44,67), 0, 1
(44,68), 0, 1
(44,69), 0, 1
(44,70), 0, 1
(44,71), 0, 1
(44,74), 0, 1
(44,77), 0, 1
(44,78), 0, 1
(44,80), 0, 1
(44,83), 0, 1
(44,84), 0, 1
(44,85), 0, 1
(44,86), 0, 1
(44,87), 0, 1
(44,89), 0, 1
(44,91), 0, 1
(44,92), 0, 1
(45,4), 0, 1
(45,8), 0, 1
(45,34), 0, 1
(45,42), 0, 1
(45,47), 0, 1
(45,55), 0, 1
(45,75), 0, 1
(46,0), 0, 1
(46,2), 0, 1
(46,12), 0, 1
(46,14), 0, 1
(46,29), 0, 1
(46,35), 0, 1
(46,40), 0, 1
(46,43), 0, 1
(46,45), 0, 1
(46,52), 0, 1
(46,61), 0, 1
(46,62), 0, 1
(46,68), 0, 1
(46,77), 0, 1
(46,85), 0, 1
(46,90), 0, 1
(46,91), 0, 1
(47,0), 0, 1
(47,2), 0, 1
(47,14), 0, 1
(47,29), 0, 1
(47,48), 0, 1
(47,52), 0, 1
(47,61), 0, 1
(47,62), 0, 1
(47,65), 0, 1
(47,68), 0, 1
(47,77), 0, 1
(47,85), 0, 1
(47,90), 0, 1
(47,91), 0, 1
(48,1), 0, 1
(48,4), 0, 1
(48,23), 0, 1
(48,34), 0, 1
(48,42), 0, 1
(48,47), 0, 1
(48,55), 0, 1
(48,75), 0, 1
(49,1), 0, 1
(49,2), 0, 1
(49,3), 0, 1
(49,4), 0, 1
(49,6), 0, 1
(49,7), 0, 1
(49,8), 0, 1
(49,9), 0, 1
(49,12), 0, 1
(49,14), 0, 1
(49,15), 0, 1
(49,17), 0, 1
(49,18), 0, 1
(49,19), 0, 1
(49,20), 0, 1
(49,21), 0, 1
(49,22), 0, 1
(49,23), 0, 1
(49,24), 0, 1
(49,25), 0, 1
(49,26), 0, 1
(49,29), 0, 1
(49,31), 0, 1
(49,32), 0, 1
(49,33), 0, 1
(49,34), 0, 1
(49,35), 0, 1
(49,36), 0, 1
(49,37), 0, 1
(49,38), 0, 1
(49,39), 0, 1
(49,42), 0, 1
(49,43), 0, 1
(49,44), 0, 1
(49,45), 0, 1
(49,47), 0, 1
(49,48), 0, 1
(49,50), 0, 1
(49,51), 0, 1
(49,52), 0, 1
(49,53), 0, 1
(49,55), 0, 1
(49,58), 0, 1
(49,59), 0, 1
(49,60), 0, 1
(49,61), 0, 1
(49,62), 0, 1
(49,63), 0, 1
(49,64), 0, 1
(49,66), 0, 1
(49,67), 0, 1
(49,68), 0, 1
(49,69), 0, 1
(49,71), 0, 1
(49,74), 0, 1
(49,75), 0, 1
(49,78), 0, 1
(49,80), 0, 1
(49,82), 0, 1
(49,83), 0, 1
(49,84), 0, 1
(49,85), 0, 1
(49,86), 0, 1
(49,87), 0, 1
(49,89), 0, 1
(49,91), 0, 1
(49,92), 0, 1
(50,0), 0, 1
(50,2), 0, 1
(50,12), 0, 1
(50,14), 0, 1
(50,29), 0, 1
(50,35), 0, 1
(50,43), 0, 1
(50,45), 0, 1
(50,48), 0, 1
(50,52), 0, 1
(50,61), 0, 1
(50,62), 0, 1
(50,65), 0, 1
(50,66), 0, 1
(50,68), 0, 1
(50,77), 0, 1
(50,85), 0, 1
(50,91), 0, 1
(51,1), 0, 1
(51,4), 0, 1
(51,8), 0, 1
(51,34), 0, 1
(51,42), 0, 1
(51,47), 0, 1
(51,55), 0, 1
(52,1), 0, 1
(52,4), 0, 1
(52,8), 0, 1
(52,34), 0, 1
(52,42), 0, 1
(52,47), 0, 1
(52,75), 0, 1
(53,1), 0, 1
(53,4), 0, 1
(53,8), 0, 1
(53,23), 0, 1
(53,34), 0, 1
(53,42), 0, 1
(53,47), 0, 1
(53,55), 0, 1
(53,75), 0, 1
(54,0), 0, 1
(54,2), 0, 1
(54,29), 0, 1
(54,35), 0, 1
(54,43), 0, 1
(54,45), 0, 1
(54,48), 0, 1
(54,52), 0, 1
(54,61), 0, 1
(54,62), 0, 1
(54,68), 0, 1
(54,85), 0, 1
(54,91), 0, 1
(55,0), 0, 1
(55,1), 0, 1
(55,4), 0, 1
(55,6), 0, 1
(55,7), 0, 1
(55,8), 0, 1
(55,9), 0, 1
(55,12), 0, 1
(55,14), 0, 1
(55,15), 0, 1
(55,17), 0, 1
(55,19), 0, 1
(55,20), 0, 1
(55,21), 0, 1
(55,22), 0, 1
(55,23), 0, 1
(55,24), 0, 1
(55,25), 0, 1
(55,26), 0, 1
(55,29), 0, 1
(55,31), 0, 1
(55,32), 0, 1
(55,33), 0, 1
(55,34), 0, 1
(55,35), 0, 1
(55,36), 0, 1
(55,37), 0, 1
(55,38), 0, 1
(55,39), 0, 1
(55,41), 0, 1
(55,43), 0, 1
(55,44), 0, 1
(55,45), 0, 1
(55,47), 0, 1
(55,48), 0, 1
(55,50), 0, 1
(55,51), 0, 1
(55,52), 0, 1
(55,53), 0, 1
(55,56), 0, 1
(55,58), 0, 1
(55,59), 0, 1
(55,60), 0, 1
(55,62), 0, 1
(55,63), 0, 1
(55,64), 0, 1
(55,67), 0, 1
(55,68), 0, 1
(55,69), 0, 1
(55,70), 0, 1
(55,71), 0, 1
(55,74), 0, 1
(55,75), 0, 1
(55,77), 0, 1
(55,78), 0, 1
(55,80), 0, 1
(55,83), 0, 1
(55,84), 0, 1
(55,85), 0, 1
(55,86), 0, 1
(55,87), 0, 1
(55,88), 0, 1
(55,89), 0, 1
(55,91), 0, 1
(55,92), 0, 1
(56,1), 0, 1
(56,8), 0, 1
(56,23), 0, 1
(56,34), 0, 1
(56,42), 0, 1
(56,47), 0, 1
(56,55), 0, 1
(56,75), 0, 1
(57,0), 0, 1
(57,1), 0, 1
(57,2), 0, 1
(57,3), 0, 1
(57,4), 0, 1
(57,6), 0, 1
(57,8), 0, 1
(57,9), 0, 1
(57,11), 0, 1
(57,12), 0, 1
(57,14), 0, 1
(57,15), 0, 1
(57,17), 0, 1
(57,18), 0, 1
(57,21), 0, 1
(57,22), 0, 1
(57,23), 0, 1
(57,25), 0, 1
(57,26), 0, 1
(57,28), 0, 1
(57,29), 0, 1
(57,31), 0, 1
(57,32), 0, 1
(57,33), 0, 1
(57,34), 0, 1
(57,37), 0, 1
(57,38), 0, 1
(57,42), 0, 1
(57,43), 0, 1
(57,44), 0, 1
(57,47), 0, 1
(57,48), 0, 1
(57,50), 0, 1
(57,51), 0, 1
(57,52), 0, 1
(57,53), 0, 1
(57,54), 0, 1
(57,55), 0, 1
(57,58), 0, 1
(57,59), 0, 1
(57,60), 0, 1
(57,61), 0, 1
(57,62), 0, 1
(57,63), 0, 1
(57,64), 0, 1
(57,67), 0, 1
(57,68), 0, 1
(57,69), 0, 1
(57,70), 0, 1
(57,71), 0, 1
(57,72), 0, 1
(57,74), 0, 1
(57,75), 0, 1
(57,78), 0, 1
(57,79), 0, 1
(57,80), 0, 1
(57,83), 0, 1
(57,84), 0, 1
(57,85), 0, 1
(57,87), 0, 1
(57,89), 0, 1
(57,91), 0, 1
(57,92), 0, 1
(58,0), 0, 1
(58,2), 0, 1
(58,12), 0, 1
(58,14), 0, 1
(58,29), 0, 1
(58,45), 0, 1
(58,48), 0, 1
(58,52), 0, 1
(58,61), 0, 1
(58,62), 0, 1
(58,68), 0, 1
(58,77), 0, 1
(58,85), 0, 1
(58,91), 0, 1
(59,0), 0, 1
(59,2), 0, 1
(59,14), 0, 1
(59,29), 0, 1
(59,35), 0, 1
(59,43), 0, 1
(59,48), 0, 1
(59,52), 0, 1
(59,61), 0, 1
(59,62), 0, 1
(59,68), 0, 1
(59,85), 0, 1
(59,91), 0, 1
(60,0), 0, 1
(60,2), 0, 1
(60,14), 0, 1
(60,29), 0, 1
(60,45), 0, 1
(60,48), 0, 1
(60,52), 0, 1
(60,61), 0, 1
(60,62), 0, 1
(60,68), 0, 1
(60,77), 0, 1
(60,85), 0, 1
(60,91), 0, 1
(61,1), 0, 1
(61,4), 0, 1
(61,8), 0, 1
(61,23), 0, 1
(61,34), 0, 1
(61,42), 0, 1
(61,47), 0, 1
(61,55), 0, 1
(61,75), 0, 1
(62,1), 0, 1
(62,8), 0, 1
(62,23), 0, 1
(62,34), 0, 1
(62,42), 0, 1
(62,47), 0, 1
(62,55), 0, 1
(62,75), 0, 1
(63,0), 0, 1
(63,2), 0, 1
(63,5), 0, 1
(63,12), 0, 1
(63,14), 0, 1
(63,43), 0, 1
(63,45), 0, 1
(63,48), 0, 1
(63,52), 0, 1
(63,61), 0, 1
(63,62), 0, 1
(63,66), 0, 1
(63,68), 0, 1
(63,77), 0, 1
(63,85), 0, 1
(63,91), 0, 1
(64,1), 0, 1
(64,4), 0, 1
(64,8), 0, 1
(64,23), 0, 1
(64,34), 0, 1
(64,42), 0, 1
(64,47), 0, 1
(64,55), 0, 1
(64,75), 0, 1
(65,0), 0, 1
(65,1), 0, 1
(65,2), 0, 1
(65,3), 0, 1
(65,4), 0, 1
(65,6), 0, 1
(65,7), 0, 1
(65,8), 0, 1
(65,9), 0, 1
(65,12), 0, 1
(65,14), 0, 1
(65,15), 0, 1
(65,17), 0, 1
(65,18), 0, 1
(65,19), 0, 1
(65,20), 0, 1
(65,21), 0, 1
(65,25), 0, 1
(65,26), 0, 1
(65,29), 0, 1
(65,31), 0, 1
(65,32), 0, 1
(65,33), 0, 1
(65,34), 0, 1
(65,35), 0, 1
(65,37), 0, 1
(65,38), 0, 1
(65,39), 0, 1
(65,41), 0, 1
(65,42), 0, 1
(65,43), 0, 1
(65,45), 0, 1
(65,47), 0, 1
(65,48), 0, 1
(65,50), 0, 1
(65,51), 0, 1
(65,52), 0, 1
(65,53), 0, 1
(65,56), 0, 1
(65,58), 0, 1
(65,59), 0, 1
(65,60), 0, 1
(65,61), 0, 1
(65,62), 0, 1
(65,63), 0, 1
(65,64), 0, 1
(65,67), 0, 1
(65,68), 0, 1
(65,69), 0, 1
(65,70), 0, 1
(65,71), 0, 1
(65,74), 0, 1
(65,75), 0, 1
(65,76), 0, 1
(65,77), 0, 1
(65,78), 0, 1
(65,80), 0, 1
(65,83), 0, 1
(65,84), 0, 1
(65,85), 0, 1
(65,86), 0, 1
(65,87), 0, 1
(65,89), 0, 1
(65,91), 0, 1
(65,92), 0, 1
(66,0), 0, 1
(66,2), 0, 1
(66,12), 0, 1
(66,14), 0, 1
(66,27), 0, 1
(66,29), 0, 1
(66,45), 0, 1
(66,48), 0, 1
(66,52), 0, 1
(66,61), 0, 1
(66,62), 0, 1
(66,68), 0, 1
(66,72), 0, 1
(66,77), 0, 1
(66,85), 0, 1
(66,91), 0, 1
(67,1), 0, 1
(67,4), 0, 1
(67,8), 0, 1
(67,23), 0, 1
(67,34), 0, 1
(67,42), 0, 1
(67,47), 0, 1
(68,1), 0, 1
(68,4), 0, 1
(68,5), 0, 1
(68,8), 0, 1
(68,23), 0, 1
(68,34), 0, 1
(68,42), 0, 1
(68,47), 0, 1
(68,55), 0, 1
(68,75), 0, 1
(69,1), 0, 1
(69,4), 0, 1
(69,8), 0, 1
(69,23), 0, 1
(69,34), 0, 1
(69,42), 0, 1
(69,47), 0, 1
(69,55), 0, 1
(70,0), 0, 1
(70,2), 0, 1
(70,14), 0, 1
(70,29), 0, 1
(70,35), 0, 1
(70,43), 0, 1
(70,45), 0, 1
(70,52), 0, 1
(70,61), 0, 1
(70,62), 0, 1
(70,68), 0, 1
(70,72), 0, 1
(70,77), 0, 1
(70,85), 0, 1
(70,91), 0, 1
(71,1), 0, 1
(71,4), 0, 1
(71,8), 0, 1
(71,23), 0, 1
(71,34), 0, 1
(71,42), 0, 1
(71,47), 0, 1
(71,55), 0, 1
(71,75), 0, 1
(72,0), 0, 1
(72,1), 0, 1
(72,2), 0, 1
(72,3), 0, 1
(72,4), 0, 1
(72,6), 0, 1
(72,7), 0, 1
(72,8), 0, 1
(72,9), 0, 1
(72,12), 0, 1
(72,14), 0, 1
(72,15), 0, 1
(72,17), 0, 1
(72,18), 0, 1
(72,19), 0, 1
(72,21), 0, 1
(72,22), 0, 1
(72,24), 0, 1
(72,25), 0, 1
(72,26), 0, 1
(72,29), 0, 1
(72,31), 0, 1
(72,32), 0, 1
(72,33), 0, 1
(72,34), 0, 1
(72,35), 0, 1
(72,36), 0, 1
(72,37), 0, 1
(72,38), 0, 1
(72,41), 0, 1
(72,42), 0, 1
(72,43), 0, 1
(72,44), 0, 1
(72,45), 0, 1
(72,47), 0, 1
(72,48), 0, 1
(72,50), 0, 1
(72,51), 0, 1
(72,52), 0, 1
(72,53), 0, 1
(72,54), 0, 1
(72,56), 0, 1
(72,58), 0, 1
(72,59), 0, 1
(72,62), 0, 1
(72,63), 0, 1
(72,64), 0, 1
(72,67), 0, 1
(72,68), 0, 1
(72,69), 0, 1
(72,70), 0, 1
(72,71), 0, 1
(72,74), 0, 1
(72,75), 0, 1
(72,76), 0, 1
(72,77), 0, 1
(72,78), 0, 1
(72,80), 0, 1
(72,82), 0, 1
(72,83), 0, 1
(72,84), 0, 1
(72,85), 0, 1
(72,86), 0, 1
(72,87), 0, 1
(72,89), 0, 1
(72,91), 0, 1
(72,92), 0, 1
(73,0), 0, 1
(73,1), 0, 1
(73,4), 0, 1
(73,7), 0, 1
(73,8), 0, 1
(73,9), 0, 1
(73,10), 0, 1
(73,11), 0, 1
(73,12), 0, 1
(73,14), 0, 1
(73,15), 0, 1
(73,17), 0, 1
(73,18), 0, 1
(73,19), 0, 1
(73,20), 0, 1
(73,21), 0, 1
(73,22), 0, 1
(73,23), 0, 1
(73,25), 0, 1
(73,26), 0, 1
(73,27), 0, 1
(73,29), 0, 1
(73,31), 0, 1
(73,33), 0, 1
(73,34), 0, 1
(73,35), 0, 1
(73,37), 0, 1
(73,38), 0, 1
(73,39), 0, 1
(73,40), 0, 1
(73,41), 0, 1
(73,42), 0, 1
(73,43), 0, 1
(73,44), 0, 1
(73,45), 0, 1
(73,47), 0, 1
(73,48), 0, 1
(73,50), 0, 1
(73,51), 0, 1
(73,52), 0, 1
(73,53), 0, 1
(73,54), 0, 1
(73,55), 0, 1
(73,58), 0, 1
(73,59), 0, 1
(73,60), 0, 1
(73,61), 0, 1
(73,62), 0, 1
(73,63), 0, 1
(73,64), 0, 1
(73,67), 0, 1
(73,68), 0, 1
(73,69), 0, 1
(73,71), 0, 1
(73,74), 0, 1
(73,75), 0, 1
(73,76), 0, 1
(73,77), 0, 1
(73,78), 0, 1
(73,80), 0, 1
(73,83), 0, 1
(73,84), 0, 1
(73,85), 0, 1
(73,86), 0, 1
(73,87), 0, 1
(73,89), 0, 1
(73,91), 0, 1
(73,92), 0, 1
(75,12), 0, 1
(75,14), 0, 1
(75,29), 0, 1
(75,30), 0, 1
(75,45), 0, 1
(75,48), 0, 1
(75,52), 0, 1
(75,61), 0, 1
(75,62), 0, 1
(75,68), 0, 1
(75,82), 0, 1
(75,85), 0, 1
(75,90), 0, 1
(75,91), 0, 1
(76,0), 0, 1
(76,1), 0, 1
(76,2), 0, 1
(76,4), 0, 1
(76,6), 0, 1
(76,7), 0, 1
(76,8), 0, 1
(76,9), 0, 1
(76,11), 0, 1
(76,12), 0, 1
(76,14), 0, 1
(76,15), 0, 1
(76,17), 0, 1
(76,19), 0, 1
(76,22), 0, 1
(76,23), 0, 1
(76,25), 0, 1
(76,26), 0, 1
(76,29), 0, 1
(76,31), 0, 1
(76,32), 0, 1
(76,33), 0, 1
(76,34), 0, 1
(76,36), 0, 1
(76,37), 0, 1
(76,38), 0, 1
(76,39), 0, 1
(76,42), 0, 1
(76,43), 0, 1
(76,45), 0, 1
(76,47), 0, 1
(76,48), 0, 1
(76,50), 0, 1
(76,51), 0, 1
(76,52), 0, 1
(76,53), 0, 1
(76,55), 0, 1
(76,56), 0, 1
(76,59), 0, 1
(76,60), 0, 1
(76,61), 0, 1
(76,62), 0, 1
(76,63), 0, 1
(76,64), 0, 1
(76,66), 0, 1
(76,67), 0, 1
(76,68), 0, 1
(76,69), 0, 1
(76,71), 0, 1
(76,74), 0, 1
(76,75), 0, 1
(76,78), 0, 1
(76,80), 0, 1
(76,83), 0, 1
(76,84), 0, 1
(76,85), 0, 1
(76,86), 0, 1
(76,87), 0, 1
(76,89), 0, 1
(76,91), 0, 1
(76,92), 0, 1
(77,1), 0, 1
(77,4), 0, 1
(77,8), 0, 1
(77,23), 0, 1
(77,34), 0, 1
(77,47), 0, 1
(77,55), 0, 1
(77,75), 0, 1
(78,0), 0, 1
(78,2), 0, 1
(78,14), 0, 1
(78,29), 0, 1
(78,35), 0, 1
(78,43), 0, 1
(78,45), 0, 1
(78,48), 0, 1
(78,52), 0, 1
(78,61), 0, 1
(78,62), 0, 1
(78,68), 0, 1
(78,85), 0, 1
(78,91), 0, 1
(79,0), 0, 1
(79,1), 0, 1
(79,2), 0, 1
(79,3), 0, 1
(79,4), 0, 1
(79,6), 0, 1
(79,7), 0, 1
(79,8), 0, 1
(79,9), 0, 1
(79,11), 0, 1
(79,12), 0, 1
(79,14), 0, 1
(79,15), 0, 1
(79,17), 0, 1
(79,18), 0, 1
(79,20), 0, 1
(79,21), 0, 1
(79,22), 0, 1
(79,23), 0, 1
(79,24), 0, 1
(79,25), 0, 1
(79,26), 0, 1
(79,29), 0, 1
(79,31), 0, 1
(79,32), 0, 1
(79,34), 0, 1
(79,35), 0, 1
(79,37), 0, 1
(79,38), 0, 1
(79,39), 0, 1
(79,41), 0, 1
(79,42), 0, 1
(79,43), 0, 1
(79,44), 0, 1
(79,45), 0, 1
(79,46), 0, 1
(79,47), 0, 1
(79,48), 0, 1
(79,50), 0, 1
(79,51), 0, 1
(79,52), 0, 1
(79,53), 0, 1
(79,54), 0, 1
(79,55), 0, 1
(79,56), 0, 1
(79,58), 0, 1
(79,59), 0, 1
(79,60), 0, 1
(79,61), 0, 1
(79,62), 0, 1
(79,63), 0, 1
(79,64), 0, 1
(79,67), 0, 1
(79,68), 0, 1
(79,74), 0, 1
(79,75), 0, 1
(79,76), 0, 1
(79,77), 0, 1
(79,78), 0, 1
(79,80), 0, 1
(79,81), 0, 1
(79,83), 0, 1
(79,84), 0, 1
(79,85), 0, 1
(79,86), 0, 1
(79,87), 0, 1
(79,89), 0, 1
(79,91), 0, 1
(79,92), 0, 1
(80,0), 0, 1
(80,14), 0, 1
(80,29), 0, 1
(80,35), 0, 1
(80,43), 0, 1
(80,45), 0, 1
(80,48), 0, 1
(80,52), 0, 1
(80,61), 0, 1
(80,62), 0, 1
(80,68), 0, 1
(80,77), 0, 1
(80,85), 0, 1
(80,91), 0, 1
(81,4), 0, 1
(81,8), 0, 1
(81,34), 0, 1
(81,42), 0, 1
(81,47), 0, 1
(81,55), 0, 1
(81,75), 0, 1
(82,0), 0, 1
(82,2), 0, 1
(82,4), 0, 1
(82,6), 0, 1
(82,7), 0, 1
(82,8), 0, 1
(82,9), 0, 1
(82,11), 0, 1
(82,12), 0, 1
(82,15), 0, 1
(82,17), 0, 1
(82,19), 0, 1
(82,20), 0, 1
(82,22), 0, 1
(82,23), 0, 1
(82,24), 0, 1
(82,25), 0, 1
(82,26), 0, 1
(82,29), 0, 1
(82,31), 0, 1
(82,32), 0, 1
(82,33), 0, 1
(82,34), 0, 1
(82,37), 0, 1
(82,38), 0, 1
(82,39), 0, 1
(82,40), 0, 1
(82,41), 0, 1
(82,42), 0, 1
(82,43), 0, 1
(82,44), 0, 1
(82,45), 0, 1
(82,47), 0, 1
(82,48), 0, 1
(82,50), 0, 1
(82,51), 0, 1
(82,52), 0, 1
(82,53), 0, 1
(82,54), 0, 1
(82,55), 0, 1
(82,56), 0, 1
(82,58), 0, 1
(82,59), 0, 1
(82,60), 0, 1
(82,61), 0, 1
(82,62), 0, 1
(82,63), 0, 1
(82,64), 0, 1
(82,67), 0, 1
(82,69), 0, 1
(82,70), 0, 1
(82,71), 0, 1
(82,72), 0, 1
(82,74), 0, 1
(82,75), 0, 1
(82,76), 0, 1
(82,77), 0, 1
(82,78), 0, 1
(82,79), 0, 1
(82,80), 0, 1
(82,83), 0, 1
(82,84), 0, 1
(82,85), 0, 1
(82,86), 0, 1
(82,87), 0, 1
(82,89), 0, 1
(82,91), 0, 1
(82,92), 0, 1
(83,0), 0, 1
(83,2), 0, 1
(83,13), 0, 1
(83,14), 0, 1
(83,29), 0, 1
(83,35), 0, 1
(83,40), 0, 1
(83,45), 0, 1
(83,48), 0, 1
(83,52), 0, 1
(83,61), 0, 1
(83,62), 0, 1
(83,68), 0, 1
(83,82), 0, 1
(83,85), 0, 1
(83,90), 0, 1
(83,91), 0, 1
(84,0), 0, 1
(84,2), 0, 1
(84,12), 0, 1
(84,14), 0, 1
(84,29), 0, 1
(84,35), 0, 1
(84,45), 0, 1
(84,48), 0, 1
(84,52), 0, 1
(84,61), 0, 1
(84,62), 0, 1
(84,68), 0, 1
(84,85), 0, 1
(84,91), 0, 1
(88,0), 0, 1
(88,1), 0, 1
(88,2), 0, 1
(88,3), 0, 1
(88,4), 0, 1
(88,6), 0, 1
(88,7), 0, 1
(88,8), 0, 1
(88,9), 0, 1
(88,12), 0, 1
(88,14), 0, 1
(88,15), 0, 1
(88,17), 0, 1
(88,18), 0, 1
(88,20), 0, 1
(88,22), 0, 1
(88,23), 0, 1
(88,25), 0, 1
(88,26), 0, 1
(88,29), 0, 1
(88,31), 0, 1
(88,32), 0, 1
(88,33), 0, 1
(88,34), 0, 1
(88,36), 0, 1
(88,37), 0, 1
(88,38), 0, 1
(88,41), 0, 1
(88,42), 0, 1
(88,43), 0, 1
(88,45), 0, 1
(88,46), 0, 1
(88,47), 0, 1
(88,48), 0, 1
(88,50), 0, 1
(88,51), 0, 1
(88,52), 0, 1
(88,53), 0, 1
(88,54), 0, 1
(88,55), 0, 1
(88,56), 0, 1
(88,58), 0, 1
(88,59), 0, 1
(88,60), 0, 1
(88,62), 0, 1
(88,63), 0, 1
(88,64), 0, 1
(88,67), 0, 1
(88,68), 0, 1
(88,69), 0, 1
(88,70), 0, 1
(88,71), 0, 1
(88,72), 0, 1
(88,74), 0, 1
(88,75), 0, 1
(88,77), 0, 1
(88,78), 0, 1
(88,79), 0, 1
(88,80), 0, 1
(88,83), 0, 1
(88,84), 0, 1
(88,85), 0, 1
(88,86), 0, 1
(88,87), 0, 1
(88,91), 0, 1
(88,92), 0, 1
(89,0), 0, 1
(89,2), 0, 1
(89,12), 0, 1
(89,14), 0, 1
(89,29), 0, 1
(89,35), 0, 1
(89,43), 0, 1
(89,45), 0, 1
(89,46), 0, 1
(89,48), 0, 1
(89,52), 0, 1
(89,61), 0, 1
(89,62), 0, 1
(89,68), 0, 1
(89,77), 0, 1
(89,85), 0, 1
(89,91), 0, 1
(90,1), 0, 1
(90,4), 0, 1
(90,8), 0, 1
(90,34), 0, 1
(90,47), 0, 1
(90,55), 0, 1
(90,75), 0, 1
(91,1), 0, 1
(91,4), 0, 1
(91,8), 0, 1
(91,23), 0, 1
(91,42), 0, 1
(91,47), 0, 1
(91,55), 0, 1
(91,75), 0, 1
(92,4), 0, 1
(92,8), 0, 1
(92,34), 0, 1
(92,42), 0, 1
(92,47), 0, 1
(92,55), 0, 1
(92,75), 0, 1
(93,0), 0, 1
(93,2), 0, 1
(93,3), 0, 1
(93,4), 0, 1
(93,7), 0, 1
(93,8), 0, 1
(93,9), 0, 1
(93,11), 0, 1
(93,14), 0, 1
(93,15), 0, 1
(93,18), 0, 1
(93,20), 0, 1
(93,21), 0, 1
(93,22), 0, 1
(93,23), 0, 1
(93,24), 0, 1
(93,25), 0, 1
(93,26), 0, 1
(93,29), 0, 1
(93,31), 0, 1
(93,32), 0, 1
(93,33), 0, 1
(93,34), 0, 1
(93,35), 0, 1
(93,37), 0, 1
(93,38), 0, 1
(93,39), 0, 1
(93,41), 0, 1
(93,42), 0, 1
(93,43), 0, 1
(93,44), 0, 1
(93,45), 0, 1
(93,47), 0, 1
(93,48), 0, 1
(93,50), 0, 1
(93,51), 0, 1
(93,52), 0, 1
(93,53), 0, 1
(93,55), 0, 1
(93,56), 0, 1
(93,58), 0, 1
(93,59), 0, 1
(93,60), 0, 1
(93,61), 0, 1
(93,62), 0, 1
(93,64), 0, 1
(93,68), 0, 1
(93,71), 0, 1
(93,74), 0, 1
(93,77), 0, 1
(93,78), 0, 1
(93,80), 0, 1
(93,83), 0, 1
(93,84), 0, 1
(93,85), 0, 1
(93,86), 0, 1
(93,87), 0, 1
(93,91), 0, 1
(93,92), 0, 1
(94,0), 0, 1
(94,12), 0, 1
(94,14), 0, 1
(94,16), 0, 1
(94,29), 0, 1
(94,35), 0, 1
(94,43), 0, 1
(94,45), 0, 1
(94,48), 0, 1
(94,52), 0, 1
(94,62), 0, 1
(94,68), 0, 1
(94,85), 0, 1
(94,91), 0, 1
(95,0), 0, 1
(95,2), 0, 1
(95,12), 0, 1
(95,14), 0, 1
(95,29), 0, 1
(95,35), 0, 1
(95,43), 0, 1
(95,45), 0, 1
(95,48), 0, 1
(95,52), 0, 1
(95,62), 0, 1
(95,68), 0, 1
(95,77), 0, 1
(95,85), 0, 1
(95,91), 0, 1
(96,0), 0, 1
(96,1), 0, 1
(96,2), 0, 1
(96,3), 0, 1
(96,4), 0, 1
(96,7), 0, 1
(96,8), 0, 1
(96,9), 0, 1
(96,11), 0, 1
(96,12), 0, 1
(96,14), 0, 1
(96,15), 0, 1
(96,17), 0, 1
(96,18), 0, 1
(96,19), 0, 1
(96,20), 0, 1
(96,22), 0, 1
(96,24), 0, 1
(96,25), 0, 1
(96,26), 0, 1
(96,27), 0, 1
(96,29), 0, 1
(96,31), 0, 1
(96,33), 0, 1
(96,34), 0, 1
(96,35), 0, 1
(96,37), 0, 1
(96,38), 0, 1
(96,39), 0, 1
(96,44), 0, 1
(96,47), 0, 1
(96,48), 0, 1
(96,50), 0, 1
(96,51), 0, 1
(96,52), 0, 1
(96,53), 0, 1
(96,54), 0, 1
(96,55), 0, 1
(96,58), 0, 1
(96,60), 0, 1
(96,61), 0, 1
(96,62), 0, 1
(96,63), 0, 1
(96,64), 0, 1
(96,67), 0, 1
(96,68), 0, 1
(96,69), 0, 1
(96,70), 0, 1
(96,71), 0, 1
(96,74), 0, 1
(96,75), 0, 1
(96,77), 0, 1
(96,78), 0, 1
(96,80), 0, 1
(96,83), 0, 1
(96,84), 0, 1
(96,86), 0, 1
(96,87), 0, 1
(96,89), 0, 1
(96,92), 0, 1
(97,0), 0, 1
(97,1), 0, 1
(97,2), 0, 1
(97,3), 0, 1
(97,4), 0, 1
(97,6), 0, 1
(97,7), 0, 1
(97,8), 0, 1
(97,9), 0, 1
(97,10), 0, 1
(97,12), 0, 1
(97,14), 0, 1
(97,15), 0, 1
(97,17), 0, 1
(97,18), 0, 1
(97,19), 0, 1
(97,20), 0, 1
(97,21), 0, 1
(97,22), 0, 1
(97,24), 0, 1
(97,25), 0, 1
(97,26), 0, 1
(97,29), 0, 1
(97,31), 0, 1
(97,32), 0, 1
(97,34), 0, 1
(97,35), 0, 1
(97,36), 0, 1
(97,37), 0, 1
(97,38), 0, 1
(97,39), 0, 1
(97,41), 0, 1
(97,42), 0, 1
(97,43), 0, 1
(97,44), 0, 1
(97,45), 0, 1
(97,47), 0, 1
(97,48), 0, 1
(97,50), 0, 1
(97,51), 0, 1
(97,52), 0, 1
(97,53), 0, 1
(97,54), 0, 1
(97,55), 0, 1
(97,56), 0, 1
(97,58), 0, 1
(97,59), 0, 1
(97,61), 0, 1
(97,62), 0, 1
(97,63), 0, 1
(97,64), 0, 1
(97,67), 0, 1
(97,68), 0, 1
(97,69), 0, 1
(97,71), 0, 1
(97,73), 0, 1
(97,74), 0, 1
(97,75), 0, 1
(97,77), 0, 1
(97,78), 0, 1
(97,80), 0, 1
(97,84), 0, 1
(97,85), 0, 1
(97,86), 0, 1
(97,87), 0, 1
(97,89), 0, 1
(97,91), 0, 1
(97,92), 0, 1
(98,0), 0, 1
(98,1), 0, 1
(98,2), 0, 1
(98,3), 0, 1
(98,4), 0, 1
(98,7), 0, 1
(98,8), 0, 1
(98,9), 0, 1
(98,14), 0, 1
(98,15), 0, 1
(98,17), 0, 1
(98,18), 0, 1
(98,20), 0, 1
(98,22), 0, 1
(98,25), 0, 1
(98,26), 0, 1
(98,29), 0, 1
(98,31), 0, 1
(98,33), 0, 1
(98,38), 0, 1
(98,39), 0, 1
(98,41), 0, 1
(98,42), 0, 1
(98,43), 0, 1
(98,44), 0, 1
(98,45), 0, 1
(98,47), 0, 1
(98,48), 0, 1
(98,50), 0, 1
(98,51), 0, 1
(98,52), 0, 1
(98,53), 0, 1
(98,54), 0, 1
(98,55), 0, 1
(98,56), 0, 1
(98,58), 0, 1
(98,59), 0, 1
(98,60), 0, 1
(98,61), 0, 1
(98,62), 0, 1
(98,63), 0, 1
(98,64), 0, 1
(98,67), 0, 1
(98,68), 0, 1
(98,69), 0, 1
(98,71), 0, 1
(98,74), 0, 1
(98,75), 0, 1
(98,78), 0, 1
(98,80), 0, 1
(98,83), 0, 1
(98,84), 0, 1
(98,85), 0, 1
(98,86), 0, 1
(98,87), 0, 1
(98,89), 0, 1
(98,90), 0, 1
(98,91), 0, 1
(98,92), 0, 1
(99,0), 0, 1
(99,2), 0, 1
(99,5), 0, 1
(99,14), 0, 1
(99,16), 0, 1
(99,29), 0, 1
(99,35), 0, 1
(99,43), 0, 1
(99,45), 0, 1
(99,48), 0, 1
(99,52), 0, 1
(99,61), 0, 1
(99,68), 0, 1
(99,77), 0, 1
(99,85), 0, 1
(99,91), 0, 1
