Nr_Pairs = 97
Nr_NDD = 3
Nr_Arcs = 2403
0	0.28
1	0.5
2	0.10
3	0.90
4	0.28
5	0.28
6	0.90
7	0.28
8	0.5
9	0.5
10	0.28
11	0.5
12	0.90
13	0.5
14	0.5
15	0.90
16	0.10
17	0.5
18	0.28
19	0.5
20	0.28
21	0.28
22	0.5
23	0.5
24	0.5
25	0.5
26	0.90
27	0.5
28	0.5
29	0.10
30	0.10
31	0.90
32	0.28
33	0.10
34	0.10
35	0.5
36	0.90
37	0.10
38	0.5
39	0.5
40	0.92
41	0.5
42	0.5
43	0.5
44	0.5
45	0.28
46	0.5
47	0.5
48	0.5
49	0.90
50	0.5
51	0.90
52	0.28
53	0.5
54	0.10
55	0.90
56	0.5
57	0.5
58	0.28
59	0.10
60	0.10
61	0.90
62	0.92
63	0.5
64	0.10
65	0.5
66	0.5
67	0.5
68	0.32
69	0.5
70	0.5
71	0.5
72	0.10
73	0.10
74	0.10
75	0.5
76	0.90
77	0.5
78	0.90
79	0.90
80	0.5
81	0.28
82	0.5
83	0.5
84	0.10
85	0.5
86	0.5
87	0.5
88	0.5
89	0.90
90	0.5
91	0.5
92	0.5
93	0.10
94	0.28
95	0.10
96	0.32
97	0.0
98	0.0
99	0.0
(0,48), 0, 1
(0,55), 0, 1
(1,2), 0, 1
(1,6), 0, 1
(1,10), 0, 1
(1,13), 0, 1
(1,17), 0, 1
(1,20), 0, 1
(1,30), 0, 1
(1,37), 0, 1
(1,43), 0, 1
(1,47), 0, 1
(1,48), 0, 1
(1,54), 0, 1
(1,59), 0, 1
(1,69), 0, 1
(1,77), 0, 1
(1,87), 0, 1
(1,90), 0, 1
(1,93), 0, 1
(2,13), 0, 1
(2,17), 0, 1
(2,20), 0, 1
(2,21), 0, 1
(2,30), 0, 1
(2,32), 0, 1
(2,37), 0, 1
(2,43), 0, 1
(2,47), 0, 1
(2,48), 0, 1
(2,54), 0, 1
(2,59), 0, 1
(2,69), 0, 1
(2,77), 0, 1
(2,78), 0, 1
(2,84), 0, 1
(2,87), 0, 1
(2,90), 0, 1
(2,93), 0, 1
(2,94), 0, 1
(3,1), 0, 1
(3,2), 0, 1
(3,8), 0, 1
(3,9), 0, 1
(3,10), 0, 1
(3,11), 0, 1
(3,13), 0, 1
(3,14), 0, 1
(3,16), 0, 1
(3,17), 0, 1
(3,18), 0, 1
(3,19), 0, 1
(3,21), 0, 1
(3,22), 0, 1
(3,23), 0, 1
(3,24), 0, 1
(3,25), 0, 1
(3,27), 0, 1
(3,28), 0, 1
(3,29), 0, 1
(3,30), 0, 1
(3,32), 0, 1
(3,33), 0, 1
(3,34), 0, 1
(3,35), 0, 1
(3,37), 0, 1
(3,38), 0, 1
(3,39), 0, 1
(3,41), 0, 1
(3,42), 0, 1
(3,43), 0, 1
(3,44), 0, 1
(3,45), 0, 1
(3,46), 0, 1
(3,47), 0, 1
(3,48), 0, 1
(3,50), 0, 1
(3,53), 0, 1
(3,54), 0, 1
(3,56), 0, 1
(3,57), 0, 1
(3,58), 0, 1
(3,59), 0, 1
(3,60), 0, 1
(3,63), 0, 1
(3,65), 0, 1
(3,66), 0, 1
(3,67), 0, 1
(3,69), 0, 1
(3,70), 0, 1
(3,71), 0, 1
(3,72), 0, 1
(3,73), 0, 1
(3,74), 0, 1
(3,75), 0, 1
(3,77), 0, 1
(3,79), 0, 1
(3,80), 0, 1
(3,81), 0, 1
(3,82), 0, 1
(3,83), 0, 1
(3,84), 0, 1
(3,85), 0, 1
(3,86), 0, 1
(3,87), 0, 1
(3,88), 0, 1
(3,91), 0, 1
(3,92), 0, 1
(3,93), 0, 1
(3,94), 0, 1
(3,95), 0, 1
(4,24), 0, 1
(4,39), 0, 1
(4,48), 0, 1
(4,55), 0, 1
(4,65), 0, 1
(4,72), 0, 1
(4,82), 0, 1
(5,2), 0, 1
(5,10), 0, 1
(5,13), 0, 1
(5,17), 0, 1
(5,21), 0, 1
(5,30), 0, 1
(5,37), 0, 1
(5,43), 0, 1
(5,47), 0, 1
(5,48), 0, 1
(5,54), 0, 1
(5,59), 0, 1
(5,61), 0, 1
(5,69), 0, 1
(5,77), 0, 1
(5,87), 0, 1
(5,90), 0, 1
(5,93), 0, 1
(5,94), 0, 1
(6,0), 0, 1
(6,1), 0, 1
(6,2), 0, 1
(6,4), 0, 1
(6,5), 0, 1
(6,8), 0, 1
(6,9), 0, 1
(6,11), 0, 1
(6,13), 0, 1
(6,14), 0, 1
(6,16), 0, 1
(6,17), 0, 1
(6,18), 0, 1
(6,19), 0, 1
(6,20), 0, 1
(6,22), 0, 1
(6,23), 0, 1
(6,24), 0, 1
(6,25), 0, 1
(6,27), 0, 1
(6,28), 0, 1
(6,29), 0, 1
(6,30), 0, 1
(6,32), 0, 1
(6,33), 0, 1
(6,34), 0, 1
(6,35), 0, 1
(6,37), 0, 1
(6,38), 0, 1
(6,39), 0, 1
(6,42), 0, 1
(6,43), 0, 1
(6,44), 0, 1
(6,46), 0, 1
(6,47), 0, 1
(6,48), 0, 1
(6,50), 0, 1
(6,52), 0, 1
(6,53), 0, 1
(6,54), 0, 1
(6,56), 0, 1
(6,57), 0, 1
(6,58), 0, 1
(6,60), 0, 1
(6,63), 0, 1
(6,64), 0, 1
(6,65), 0, 1
(6,66), 0, 1
(6,67), 0, 1
(6,68), 0, 1
(6,69), 0, 1
(6,70), 0, 1
(6,71), 0, 1
(6,72), 0, 1
(6,73), 0, 1
(6,74), 0, 1
(6,75), 0, 1
(6,77), 0, 1
(6,80), 0, 1
(6,81), 0, 1
(6,83), 0, 1
(6,85), 0, 1
(6,86), 0, 1
(6,87), 0, 1
(6,88), 0, 1
(6,91), 0, 1
(6,92), 0, 1
(6,93), 0, 1
(6,94), 0, 1
(6,95), 0, 1
(6,96), 0, 1
(7,2), 0, 1
(7,10), 0, 1
(7,13), 0, 1
(7,17), 0, 1
(7,21), 0, 1
(7,30), 0, 1
(7,32), 0, 1
(7,43), 0, 1
(7,47), 0, 1
(7,48), 0, 1
(7,54), 0, 1
(7,59), 0, 1
(7,69), 0, 1
(7,77), 0, 1
(7,84), 0, 1
(7,87), 0, 1
(7,90), 0, 1
(7,93), 0, 1
(7,94), 0, 1
(8,2), 0, 1
(8,17), 0, 1
(8,20), 0, 1
(8,30), 0, 1
(8,32), 0, 1
(8,37), 0, 1
(8,43), 0, 1
(8,48), 0, 1
(8,54), 0, 1
(8,59), 0, 1
(8,69), 0, 1
(8,77), 0, 1
(8,84), 0, 1
(8,87), 0, 1
(8,90), 0, 1
(8,93), 0, 1
(8,94), 0, 1
(9,2), 0, 1
(9,10), 0, 1
(9,13), 0, 1
(9,17), 0, 1
(9,21), 0, 1
(9,30), 0, 1
(9,32), 0, 1
(9,37), 0, 1
(9,43), 0, 1
(9,48), 0, 1
(9,54), 0, 1
(9,55), 0, 1
(9,69), 0, 1
(9,77), 0, 1
(9,84), 0, 1
(9,87), 0, 1
(9,90), 0, 1
(9,93), 0, 1
(9,94), 0, 1
(10,24), 0, 1
(10,39), 0, 1
(10,48), 0, 1
(10,57), 0, 1
(10,65), 0, 1
(10,72), 0, 1
(10,81), 0, 1
(10,82), 0, 1
(11,2), 0, 1
(11,10), 0, 1
(11,13), 0, 1
(11,17), 0, 1
(11,20), 0, 1
(11,30), 0, 1
(11,32), 0, 1
(11,37), 0, 1
(11,43), 0, 1
(11,47), 0, 1
(11,48), 0, 1
(11,54), 0, 1
(11,55), 0, 1
(11,59), 0, 1
(11,62), 0, 1
(11,69), 0, 1
(11,77), 0, 1
(11,84), 0, 1
(11,87), 0, 1
(11,90), 0, 1
(11,93), 0, 1
(11,94), 0, 1
(12,0), 0, 1
(12,1), 0, 1
(12,2), 0, 1
(12,4), 0, 1
(12,5), 0, 1
(12,7), 0, 1
(12,8), 0, 1
(12,9), 0, 1
(12,10), 0, 1
(12,11), 0, 1
(12,13), 0, 1
(12,14), 0, 1
(12,16), 0, 1
(12,17), 0, 1
(12,18), 0, 1
(12,19), 0, 1
(12,20), 0, 1
(12,21), 0, 1
(12,22), 0, 1
(12,23), 0, 1
(12,24), 0, 1
(12,25), 0, 1
(12,27), 0, 1
(12,28), 0, 1
(12,29), 0, 1
(12,30), 0, 1
(12,32), 0, 1
(12,33), 0, 1
(12,34), 0, 1
(12,35), 0, 1
(12,37), 0, 1
(12,38), 0, 1
(12,39), 0, 1
(12,41), 0, 1
(12,42), 0, 1
(12,43), 0, 1
(12,44), 0, 1
(12,45), 0, 1
(12,46), 0, 1
(12,47), 0, 1
(12,48), 0, 1
(12,50), 0, 1
(12,51), 0, 1
(12,52), 0, 1
(12,53), 0, 1
(12,54), 0, 1
(12,56), 0, 1
(12,57), 0, 1
(12,58), 0, 1
(12,59), 0, 1
(12,60), 0, 1
(12,64), 0, 1
(12,65), 0, 1
(12,66), 0, 1
(12,67), 0, 1
(12,68), 0, 1
(12,69), 0, 1
(12,70), 0, 1
(12,71), 0, 1
(12,72), 0, 1
(12,73), 0, 1
(12,75), 0, 1
(12,77), 0, 1
(12,80), 0, 1
(12,81), 0, 1
(12,82), 0, 1
(12,83), 0, 1
(12,84), 0, 1
(12,85), 0, 1
(12,86), 0, 1
(12,87), 0, 1
(12,88), 0, 1
(12,90), 0, 1
(12,91), 0, 1
(12,92), 0, 1
(12,93), 0, 1
(12,94), 0, 1
(12,96), 0, 1
(13,24), 0, 1
(13,31), 0, 1
(13,39), 0, 1
(13,48), 0, 1
(13,55), 0, 1
(13,65), 0, 1
(13,72), 0, 1
(13,81), 0, 1
(13,82), 0, 1
(14,2), 0, 1
(14,10), 0, 1
(14,13), 0, 1
(14,17), 0, 1
(14,20), 0, 1
(14,21), 0, 1
(14,30), 0, 1
(14,32), 0, 1
(14,37), 0, 1
(14,43), 0, 1
(14,47), 0, 1
(14,48), 0, 1
(14,54), 0, 1
(14,59), 0, 1
(14,69), 0, 1
(14,77), 0, 1
(14,84), 0, 1
(14,87), 0, 1
(14,93), 0, 1
(14,94), 0, 1
(15,2), 0, 1
(15,10), 0, 1
(15,13), 0, 1
(15,17), 0, 1
(15,20), 0, 1
(15,30), 0, 1
(15,32), 0, 1
(15,37), 0, 1
(15,40), 0, 1
(15,43), 0, 1
(15,47), 0, 1
(15,48), 0, 1
(15,49), 0, 1
(15,54), 0, 1
(15,59), 0, 1
(15,62), 0, 1
(15,69), 0, 1
(15,84), 0, 1
(15,87), 0, 1
(15,90), 0, 1
(15,93), 0, 1
(15,94), 0, 1
(16,24), 0, 1
(16,39), 0, 1
(16,48), 0, 1
(16,57), 0, 1
(16,65), 0, 1
(16,72), 0, 1
(16,81), 0, 1
(16,82), 0, 1
(17,24), 0, 1
(17,39), 0, 1
(17,48), 0, 1
(17,55), 0, 1
(17,57), 0, 1
(17,65), 0, 1
(17,72), 0, 1
(17,81), 0, 1
(17,82), 0, 1
(18,24), 0, 1
(18,26), 0, 1
(18,39), 0, 1
(18,48), 0, 1
(18,57), 0, 1
(18,65), 0, 1
(18,72), 0, 1
(18,82), 0, 1
(19,24), 0, 1
(19,39), 0, 1
(19,48), 0, 1
(19,57), 0, 1
(19,65), 0, 1
(19,72), 0, 1
(19,81), 0, 1
(19,82), 0, 1
(20,24), 0, 1
(20,39), 0, 1
(20,57), 0, 1
(20,65), 0, 1
(20,72), 0, 1
(20,82), 0, 1
(21,1), 0, 1
(21,2), 0, 1
(21,4), 0, 1
(21,5), 0, 1
(21,7), 0, 1
(21,8), 0, 1
(21,9), 0, 1
(21,10), 0, 1
(21,11), 0, 1
(21,13), 0, 1
(21,14), 0, 1
(21,16), 0, 1
(21,17), 0, 1
(21,18), 0, 1
(21,19), 0, 1
(21,20), 0, 1
(21,22), 0, 1
(21,23), 0, 1
(21,24), 0, 1
(21,25), 0, 1
(21,27), 0, 1
(21,28), 0, 1
(21,29), 0, 1
(21,30), 0, 1
(21,32), 0, 1
(21,33), 0, 1
(21,34), 0, 1
(21,35), 0, 1
(21,37), 0, 1
(21,38), 0, 1
(21,39), 0, 1
(21,41), 0, 1
(21,42), 0, 1
(21,43), 0, 1
(21,44), 0, 1
(21,46), 0, 1
(21,47), 0, 1
(21,48), 0, 1
(21,50), 0, 1
(21,51), 0, 1
(21,52), 0, 1
(21,53), 0, 1
(21,54), 0, 1
(21,56), 0, 1
(21,57), 0, 1
(21,58), 0, 1
(21,59), 0, 1
(21,63), 0, 1
(21,64), 0, 1
(21,65), 0, 1
(21,66), 0, 1
(21,67), 0, 1
(21,69), 0, 1
(21,71), 0, 1
(21,72), 0, 1
(21,73), 0, 1
(21,74), 0, 1
(21,75), 0, 1
(21,77), 0, 1
(21,80), 0, 1
(21,81), 0, 1
(21,83), 0, 1
(21,84), 0, 1
(21,85), 0, 1
(21,86), 0, 1
(21,87), 0, 1
(21,88), 0, 1
(21,90), 0, 1
(21,93), 0, 1
(21,95), 0, 1
(21,96), 0, 1
(22,48), 0, 1
(23,24), 0, 1
(23,39), 0, 1
(23,48), 0, 1
(23,55), 0, 1
(23,57), 0, 1
(23,65), 0, 1
(23,72), 0, 1
(23,81), 0, 1
(23,82), 0, 1
(24,2), 0, 1
(24,13), 0, 1
(24,17), 0, 1
(24,20), 0, 1
(24,21), 0, 1
(24,30), 0, 1
(24,32), 0, 1
(24,37), 0, 1
(24,43), 0, 1
(24,47), 0, 1
(24,48), 0, 1
(24,54), 0, 1
(24,59), 0, 1
(24,69), 0, 1
(24,77), 0, 1
(24,84), 0, 1
(24,87), 0, 1
(24,90), 0, 1
(24,93), 0, 1
(24,94), 0, 1
(25,2), 0, 1
(25,10), 0, 1
(25,13), 0, 1
(25,17), 0, 1
(25,20), 0, 1
(25,21), 0, 1
(25,37), 0, 1
(25,40), 0, 1
(25,43), 0, 1
(25,47), 0, 1
(25,54), 0, 1
(25,59), 0, 1
(25,69), 0, 1
(25,77), 0, 1
(25,84), 0, 1
(25,87), 0, 1
(25,90), 0, 1
(25,93), 0, 1
(25,94), 0, 1
(26,24), 0, 1
(26,31), 0, 1
(26,48), 0, 1
(26,55), 0, 1
(26,57), 0, 1
(26,65), 0, 1
(26,72), 0, 1
(26,81), 0, 1
(27,2), 0, 1
(27,10), 0, 1
(27,13), 0, 1
(27,17), 0, 1
(27,20), 0, 1
(27,30), 0, 1
(27,32), 0, 1
(27,37), 0, 1
(27,40), 0, 1
(27,47), 0, 1
(27,48), 0, 1
(27,54), 0, 1
(27,59), 0, 1
(27,61), 0, 1
(27,69), 0, 1
(27,77), 0, 1
(27,84), 0, 1
(27,90), 0, 1
(27,94), 0, 1
(28,2), 0, 1
(28,10), 0, 1
(28,13), 0, 1
(28,17), 0, 1
(28,20), 0, 1
(28,21), 0, 1
(28,30), 0, 1
(28,37), 0, 1
(28,40), 0, 1
(28,43), 0, 1
(28,47), 0, 1
(28,48), 0, 1
(28,59), 0, 1
(28,77), 0, 1
(28,84), 0, 1
(28,87), 0, 1
(28,90), 0, 1
(28,93), 0, 1
(29,24), 0, 1
(29,39), 0, 1
(29,48), 0, 1
(29,57), 0, 1
(29,65), 0, 1
(29,82), 0, 1
(30,24), 0, 1
(30,39), 0, 1
(30,57), 0, 1
(30,65), 0, 1
(30,72), 0, 1
(30,81), 0, 1
(30,82), 0, 1
(31,0), 0, 1
(31,1), 0, 1
(31,2), 0, 1
(31,4), 0, 1
(31,7), 0, 1
(31,8), 0, 1
(31,9), 0, 1
(31,10), 0, 1
(31,11), 0, 1
(31,13), 0, 1
(31,14), 0, 1
(31,16), 0, 1
(31,17), 0, 1
(31,18), 0, 1
(31,19), 0, 1
(31,21), 0, 1
(31,22), 0, 1
(31,23), 0, 1
(31,24), 0, 1
(31,25), 0, 1
(31,27), 0, 1
(31,28), 0, 1
(31,29), 0, 1
(31,30), 0, 1
(31,35), 0, 1
(31,36), 0, 1
(31,37), 0, 1
(31,38), 0, 1
(31,39), 0, 1
(31,42), 0, 1
(31,43), 0, 1
(31,44), 0, 1
(31,45), 0, 1
(31,46), 0, 1
(31,47), 0, 1
(31,48), 0, 1
(31,52), 0, 1
(31,53), 0, 1
(31,54), 0, 1
(31,56), 0, 1
(31,57), 0, 1
(31,60), 0, 1
(31,63), 0, 1
(31,64), 0, 1
(31,65), 0, 1
(31,66), 0, 1
(31,67), 0, 1
(31,69), 0, 1
(31,70), 0, 1
(31,71), 0, 1
(31,72), 0, 1
(31,73), 0, 1
(31,74), 0, 1
(31,77), 0, 1
(31,78), 0, 1
(31,80), 0, 1
(31,81), 0, 1
(31,82), 0, 1
(31,83), 0, 1
(31,84), 0, 1
(31,85), 0, 1
(31,86), 0, 1
(31,87), 0, 1
(31,88), 0, 1
(31,90), 0, 1
(31,91), 0, 1
(31,92), 0, 1
(31,93), 0, 1
(31,94), 0, 1
(31,95), 0, 1
(31,96), 0, 1
(32,24), 0, 1
(32,26), 0, 1
(32,39), 0, 1
(32,57), 0, 1
(32,65), 0, 1
(32,72), 0, 1
(32,81), 0, 1
(32,82), 0, 1
(33,2), 0, 1
(33,13), 0, 1
(33,17), 0, 1
(33,20), 0, 1
(33,30), 0, 1
(33,32), 0, 1
(33,37), 0, 1
(33,43), 0, 1
(33,47), 0, 1
(33,48), 0, 1
(33,54), 0, 1
(33,59), 0, 1
(33,69), 0, 1
(33,77), 0, 1
(33,84), 0, 1
(33,87), 0, 1
(33,90), 0, 1
(33,93), 0, 1
(33,94), 0, 1
(34,2), 0, 1
(34,6), 0, 1
(34,10), 0, 1
(34,13), 0, 1
(34,17), 0, 1
(34,20), 0, 1
(34,21), 0, 1
(34,30), 0, 1
(34,32), 0, 1
(34,37), 0, 1
(34,40), 0, 1
(34,43), 0, 1
(34,47), 0, 1
(34,54), 0, 1
(34,59), 0, 1
(34,69), 0, 1
(34,77), 0, 1
(34,84), 0, 1
(34,87), 0, 1
(34,90), 0, 1
(34,94), 0, 1
(35,2), 0, 1
(35,10), 0, 1
(35,13), 0, 1
(35,17), 0, 1
(35,20), 0, 1
(35,30), 0, 1
(35,32), 0, 1
(35,37), 0, 1
(35,43), 0, 1
(35,48), 0, 1
(35,54), 0, 1
(35,59), 0, 1
(35,69), 0, 1
(35,77), 0, 1
(35,84), 0, 1
(35,87), 0, 1
(35,90), 0, 1
(35,93), 0, 1
(35,94), 0, 1
(36,39), 0, 1
(36,48), 0, 1
(36,57), 0, 1
(36,65), 0, 1
(36,72), 0, 1
(36,81), 0, 1
(36,82), 0, 1
(37,24), 0, 1
(37,39), 0, 1
(37,48), 0, 1
(37,57), 0, 1
(37,65), 0, 1
(37,72), 0, 1
(37,81), 0, 1
(37,82), 0, 1
(38,2), 0, 1
(38,10), 0, 1
(38,13), 0, 1
(38,17), 0, 1
(38,21), 0, 1
(38,32), 0, 1
(38,37), 0, 1
(38,43), 0, 1
(38,47), 0, 1
(38,48), 0, 1
(38,54), 0, 1
(38,59), 0, 1
(38,69), 0, 1
(38,77), 0, 1
(38,84), 0, 1
(38,87), 0, 1
(38,90), 0, 1
(38,93), 0, 1
(39,2), 0, 1
(39,10), 0, 1
(39,13), 0, 1
(39,17), 0, 1
(39,20), 0, 1
(39,30), 0, 1
(39,32), 0, 1
(39,37), 0, 1
(39,43), 0, 1
(39,47), 0, 1
(39,48), 0, 1
(39,54), 0, 1
(39,59), 0, 1
(39,69), 0, 1
(39,77), 0, 1
(39,84), 0, 1
(39,87), 0, 1
(39,90), 0, 1
(39,93), 0, 1
(39,94), 0, 1
(40,2), 0, 1
(40,13), 0, 1
(40,17), 0, 1
(40,20), 0, 1
(40,21), 0, 1
(40,30), 0, 1
(40,32), 0, 1
(40,37), 0, 1
(40,43), 0, 1
(40,47), 0, 1
(40,48), 0, 1
(40,54), 0, 1
(40,59), 0, 1
(40,69), 0, 1
(40,77), 0, 1
(40,84), 0, 1
(40,87), 0, 1
(40,90), 0, 1
(40,93), 0, 1
(40,94), 0, 1
(41,24), 0, 1
(41,39), 0, 1
(41,48), 0, 1
(41,57), 0, 1
(41,65), 0, 1
(41,72), 0, 1
(41,81), 0, 1
(42,2), 0, 1
(42,10), 0, 1
(42,13), 0, 1
(42,17), 0, 1
(42,21), 0, 1
(42,30), 0, 1
(42,37), 0, 1
(42,40), 0, 1
(42,43), 0, 1
(42,47), 0, 1
(42,48), 0, 1
(42,54), 0, 1
(42,59), 0, 1
(42,69), 0, 1
(42,77), 0, 1
(42,78), 0, 1
(42,84), 0, 1
(42,87), 0, 1
(42,90), 0, 1
(42,93), 0, 1
(42,94), 0, 1
(43,24), 0, 1
(43,39), 0, 1
(43,48), 0, 1
(43,57), 0, 1
(43,65), 0, 1
(43,72), 0, 1
(43,81), 0, 1
(43,82), 0, 1
(44,48), 0, 1
(45,2), 0, 1
(45,10), 0, 1
(45,13), 0, 1
(45,17), 0, 1
(45,20), 0, 1
(45,30), 0, 1
(45,32), 0, 1
(45,37), 0, 1
(45,43), 0, 1
(45,47), 0, 1
(45,48), 0, 1
(45,54), 0, 1
(45,59), 0, 1
(45,69), 0, 1
(45,77), 0, 1
(45,84), 0, 1
(45,90), 0, 1
(45,93), 0, 1
(46,2), 0, 1
(46,6), 0, 1
(46,10), 0, 1
(46,13), 0, 1
(46,17), 0, 1
(46,20), 0, 1
(46,30), 0, 1
(46,32), 0, 1
(46,37), 0, 1
(46,43), 0, 1
(46,47), 0, 1
(46,48), 0, 1
(46,54), 0, 1
(46,59), 0, 1
(46,69), 0, 1
(46,77), 0, 1
(46,84), 0, 1
(46,87), 0, 1
(46,90), 0, 1
(46,93), 0, 1
(46,94), 0, 1
(47,0), 0, 1
(47,1), 0, 1
(47,2), 0, 1
(47,5), 0, 1
(47,7), 0, 1
(47,9), 0, 1
(47,11), 0, 1
(47,13), 0, 1
(47,14), 0, 1
(47,16), 0, 1
(47,17), 0, 1
(47,18), 0, 1
(47,19), 0, 1
(47,21), 0, 1
(47,22), 0, 1
(47,23), 0, 1
(47,24), 0, 1
(47,25), 0, 1
(47,27), 0, 1
(47,28), 0, 1
(47,29), 0, 1
(47,30), 0, 1
(47,32), 0, 1
(47,33), 0, 1
(47,34), 0, 1
(47,35), 0, 1
(47,37), 0, 1
(47,38), 0, 1
(47,39), 0, 1
(47,40), 0, 1
(47,41), 0, 1
(47,42), 0, 1
(47,43), 0, 1
(47,44), 0, 1
(47,45), 0, 1
(47,46), 0, 1
(47,48), 0, 1
(47,50), 0, 1
(47,52), 0, 1
(47,53), 0, 1
(47,54), 0, 1
(47,56), 0, 1
(47,57), 0, 1
(47,58), 0, 1
(47,59), 0, 1
(47,60), 0, 1
(47,63), 0, 1
(47,64), 0, 1
(47,66), 0, 1
(47,67), 0, 1
(47,69), 0, 1
(47,70), 0, 1
(47,71), 0, 1
(47,72), 0, 1
(47,74), 0, 1
(47,75), 0, 1
(47,77), 0, 1
(47,79), 0, 1
(47,80), 0, 1
(47,81), 0, 1
(47,82), 0, 1
(47,83), 0, 1
(47,84), 0, 1
(47,85), 0, 1
(47,86), 0, 1
(47,87), 0, 1
(47,90), 0, 1
(47,91), 0, 1
(47,92), 0, 1
(47,93), 0, 1
(47,95), 0, 1
(47,96), 0, 1
(48,0), 0, 1
(48,1), 0, 1
(48,2), 0, 1
(48,4), 0, 1
(48,5), 0, 1
(48,7), 0, 1
(48,8), 0, 1
(48,9), 0, 1
(48,13), 0, 1
(48,14), 0, 1
(48,16), 0, 1
(48,17), 0, 1
(48,18), 0, 1
(48,19), 0, 1
(48,20), 0, 1
(48,21), 0, 1
(48,22), 0, 1
(48,23), 0, 1
(48,24), 0, 1
(48,25), 0, 1
(48,27), 0, 1
(48,28), 0, 1
(48,29), 0, 1
(48,30), 0, 1
(48,32), 0, 1
(48,33), 0, 1
(48,34), 0, 1
(48,35), 0, 1
(48,38), 0, 1
(48,39), 0, 1
(48,41), 0, 1
(48,42), 0, 1
(48,43), 0, 1
(48,44), 0, 1
(48,45), 0, 1
(48,47), 0, 1
(48,50), 0, 1
(48,53), 0, 1
(48,54), 0, 1
(48,56), 0, 1
(48,57), 0, 1
(48,59), 0, 1
(48,60), 0, 1
(48,63), 0, 1
(48,64), 0, 1
(48,66), 0, 1
(48,67), 0, 1
(48,68), 0, 1
(48,69), 0, 1
(48,70), 0, 1
(48,71), 0, 1
(48,72), 0, 1
(48,73), 0, 1
(48,74), 0, 1
(48,75), 0, 1
(48,76), 0, 1
(48,77), 0, 1
(48,80), 0, 1
(48,82), 0, 1
(48,83), 0, 1
(48,84), 0, 1
(48,85), 0, 1
(48,86), 0, 1
(48,87), 0, 1
(48,88), 0, 1
(48,90), 0, 1
(48,91), 0, 1
(48,92), 0, 1
(48,93), 0, 1
(48,95), 0, 1
(49,10), 0, 1
(49,13), 0, 1
(49,17), 0, 1
(49,21), 0, 1
(49,30), 0, 1
(49,32), 0, 1
(49,37), 0, 1
(49,43), 0, 1
(49,47), 0, 1
(49,48), 0, 1
(49,54), 0, 1
(49,59), 0, 1
(49,69), 0, 1
(49,77), 0, 1
(49,84), 0, 1
(49,87), 0, 1
(49,90), 0, 1
(49,93), 0, 1
(49,94), 0, 1
(50,2), 0, 1
(50,13), 0, 1
(50,30), 0, 1
(50,32), 0, 1
(50,37), 0, 1
(50,43), 0, 1
(50,47), 0, 1
(50,48), 0, 1
(50,54), 0, 1
(50,59), 0, 1
(50,69), 0, 1
(50,77), 0, 1
(50,84), 0, 1
(50,87), 0, 1
(50,90), 0, 1
(50,93), 0, 1
(50,94), 0, 1
(51,2), 0, 1
(51,13), 0, 1
(51,17), 0, 1
(51,20), 0, 1
(51,21), 0, 1
(51,30), 0, 1
(51,32), 0, 1
(51,37), 0, 1
(51,43), 0, 1
(51,47), 0, 1
(51,48), 0, 1
(51,54), 0, 1
(51,59), 0, 1
(51,69), 0, 1
(51,77), 0, 1
(51,78), 0, 1
(51,84), 0, 1
(51,87), 0, 1
(51,90), 0, 1
(51,93), 0, 1
(51,94), 0, 1
(52,1), 0, 1
(52,2), 0, 1
(52,5), 0, 1
(52,9), 0, 1
(52,10), 0, 1
(52,11), 0, 1
(52,13), 0, 1
(52,14), 0, 1
(52,15), 0, 1
(52,16), 0, 1
(52,17), 0, 1
(52,18), 0, 1
(52,19), 0, 1
(52,20), 0, 1
(52,21), 0, 1
(52,22), 0, 1
(52,23), 0, 1
(52,24), 0, 1
(52,25), 0, 1
(52,27), 0, 1
(52,28), 0, 1
(52,29), 0, 1
(52,31), 0, 1
(52,32), 0, 1
(52,33), 0, 1
(52,34), 0, 1
(52,35), 0, 1
(52,37), 0, 1
(52,38), 0, 1
(52,39), 0, 1
(52,41), 0, 1
(52,42), 0, 1
(52,43), 0, 1
(52,44), 0, 1
(52,46), 0, 1
(52,47), 0, 1
(52,48), 0, 1
(52,50), 0, 1
(52,51), 0, 1
(52,53), 0, 1
(52,56), 0, 1
(52,57), 0, 1
(52,59), 0, 1
(52,60), 0, 1
(52,63), 0, 1
(52,64), 0, 1
(52,65), 0, 1
(52,66), 0, 1
(52,67), 0, 1
(52,68), 0, 1
(52,69), 0, 1
(52,70), 0, 1
(52,71), 0, 1
(52,72), 0, 1
(52,73), 0, 1
(52,74), 0, 1
(52,75), 0, 1
(52,77), 0, 1
(52,80), 0, 1
(52,81), 0, 1
(52,82), 0, 1
(52,83), 0, 1
(52,85), 0, 1
(52,86), 0, 1
(52,87), 0, 1
(52,90), 0, 1
(52,91), 0, 1
(52,92), 0, 1
(52,93), 0, 1
(52,94), 0, 1
(52,95), 0, 1
(52,96), 0, 1
(53,24), 0, 1
(53,39), 0, 1
(53,48), 0, 1
(53,57), 0, 1
(53,65), 0, 1
(53,72), 0, 1
(54,24), 0, 1
(54,48), 0, 1
(54,57), 0, 1
(54,65), 0, 1
(54,72), 0, 1
(54,81), 0, 1
(54,82), 0, 1
(55,2), 0, 1
(55,13), 0, 1
(55,17), 0, 1
(55,20), 0, 1
(55,21), 0, 1
(55,37), 0, 1
(55,40), 0, 1
(55,43), 0, 1
(55,47), 0, 1
(55,48), 0, 1
(55,54), 0, 1
(55,59), 0, 1
(55,69), 0, 1
(55,77), 0, 1
(55,84), 0, 1
(55,87), 0, 1
(55,90), 0, 1
(55,93), 0, 1
(56,24), 0, 1
(56,39), 0, 1
(56,57), 0, 1
(56,65), 0, 1
(56,72), 0, 1
(56,81), 0, 1
(56,82), 0, 1
(57,10), 0, 1
(57,13), 0, 1
(57,17), 0, 1
(57,20), 0, 1
(57,21), 0, 1
(57,30), 0, 1
(57,32), 0, 1
(57,37), 0, 1
(57,43), 0, 1
(57,47), 0, 1
(57,48), 0, 1
(57,49), 0, 1
(57,54), 0, 1
(57,59), 0, 1
(57,69), 0, 1
(57,77), 0, 1
(57,84), 0, 1
(57,87), 0, 1
(57,90), 0, 1
(57,94), 0, 1
(58,0), 0, 1
(58,1), 0, 1
(58,2), 0, 1
(58,3), 0, 1
(58,7), 0, 1
(58,8), 0, 1
(58,9), 0, 1
(58,11), 0, 1
(58,13), 0, 1
(58,14), 0, 1
(58,16), 0, 1
(58,18), 0, 1
(58,19), 0, 1
(58,20), 0, 1
(58,21), 0, 1
(58,22), 0, 1
(58,23), 0, 1
(58,24), 0, 1
(58,25), 0, 1
(58,27), 0, 1
(58,28), 0, 1
(58,29), 0, 1
(58,30), 0, 1
(58,32), 0, 1
(58,33), 0, 1
(58,34), 0, 1
(58,35), 0, 1
(58,36), 0, 1
(58,37), 0, 1
(58,38), 0, 1
(58,41), 0, 1
(58,42), 0, 1
(58,43), 0, 1
(58,45), 0, 1
(58,46), 0, 1
(58,47), 0, 1
(58,48), 0, 1
(58,50), 0, 1
(58,52), 0, 1
(58,53), 0, 1
(58,54), 0, 1
(58,56), 0, 1
(58,59), 0, 1
(58,60), 0, 1
(58,63), 0, 1
(58,64), 0, 1
(58,65), 0, 1
(58,66), 0, 1
(58,68), 0, 1
(58,69), 0, 1
(58,70), 0, 1
(58,73), 0, 1
(58,74), 0, 1
(58,75), 0, 1
(58,77), 0, 1
(58,80), 0, 1
(58,81), 0, 1
(58,82), 0, 1
(58,83), 0, 1
(58,84), 0, 1
(58,85), 0, 1
(58,86), 0, 1
(58,87), 0, 1
(58,90), 0, 1
(58,91), 0, 1
(58,92), 0, 1
(58,93), 0, 1
(58,94), 0, 1
(58,95), 0, 1
(58,96), 0, 1
(59,24), 0, 1
(59,39), 0, 1
(59,57), 0, 1
(59,65), 0, 1
(59,72), 0, 1
(59,81), 0, 1
(59,82), 0, 1
(60,2), 0, 1
(60,13), 0, 1
(60,17), 0, 1
(60,21), 0, 1
(60,30), 0, 1
(60,32), 0, 1
(60,37), 0, 1
(60,43), 0, 1
(60,47), 0, 1
(60,48), 0, 1
(60,54), 0, 1
(60,59), 0, 1
(60,69), 0, 1
(60,77), 0, 1
(60,84), 0, 1
(60,87), 0, 1
(60,90), 0, 1
(60,93), 0, 1
(60,94), 0, 1
(61,2), 0, 1
(61,10), 0, 1
(61,13), 0, 1
(61,20), 0, 1
(61,21), 0, 1
(61,30), 0, 1
(61,32), 0, 1
(61,37), 0, 1
(61,43), 0, 1
(61,47), 0, 1
(61,48), 0, 1
(61,54), 0, 1
(61,59), 0, 1
(61,62), 0, 1
(61,69), 0, 1
(61,77), 0, 1
(61,84), 0, 1
(61,87), 0, 1
(61,90), 0, 1
(62,24), 0, 1
(62,39), 0, 1
(62,48), 0, 1
(62,57), 0, 1
(62,65), 0, 1
(62,72), 0, 1
(62,81), 0, 1
(62,82), 0, 1
(63,48), 0, 1
(64,2), 0, 1
(64,10), 0, 1
(64,13), 0, 1
(64,17), 0, 1
(64,20), 0, 1
(64,21), 0, 1
(64,30), 0, 1
(64,32), 0, 1
(64,37), 0, 1
(64,47), 0, 1
(64,48), 0, 1
(64,54), 0, 1
(64,59), 0, 1
(64,69), 0, 1
(64,77), 0, 1
(64,87), 0, 1
(64,90), 0, 1
(64,93), 0, 1
(64,94), 0, 1
(65,2), 0, 1
(65,13), 0, 1
(65,17), 0, 1
(65,20), 0, 1
(65,21), 0, 1
(65,30), 0, 1
(65,37), 0, 1
(65,43), 0, 1
(65,47), 0, 1
(65,48), 0, 1
(65,59), 0, 1
(65,69), 0, 1
(65,77), 0, 1
(65,84), 0, 1
(65,87), 0, 1
(65,90), 0, 1
(65,93), 0, 1
(65,94), 0, 1
(66,2), 0, 1
(66,10), 0, 1
(66,13), 0, 1
(66,17), 0, 1
(66,20), 0, 1
(66,21), 0, 1
(66,30), 0, 1
(66,32), 0, 1
(66,37), 0, 1
(66,43), 0, 1
(66,47), 0, 1
(66,48), 0, 1
(66,54), 0, 1
(66,59), 0, 1
(66,69), 0, 1
(66,77), 0, 1
(66,84), 0, 1
(66,87), 0, 1
(66,90), 0, 1
(66,93), 0, 1
(66,94), 0, 1
(67,2), 0, 1
(67,10), 0, 1
(67,13), 0, 1
(67,17), 0, 1
(67,21), 0, 1
(67,30), 0, 1
(67,32), 0, 1
(67,37), 0, 1
(67,43), 0, 1
(67,47), 0, 1
(67,48), 0, 1
(67,54), 0, 1
(67,59), 0, 1
(67,69), 0, 1
(67,77), 0, 1
(67,84), 0, 1
(67,87), 0, 1
(67,90), 0, 1
(67,94), 0, 1
(69,24), 0, 1
(69,26), 0, 1
(69,39), 0, 1
(69,48), 0, 1
(69,55), 0, 1
(69,57), 0, 1
(69,65), 0, 1
(69,72), 0, 1
(69,81), 0, 1
(69,82), 0, 1
(70,2), 0, 1
(70,10), 0, 1
(70,13), 0, 1
(70,17), 0, 1
(70,20), 0, 1
(70,30), 0, 1
(70,32), 0, 1
(70,37), 0, 1
(70,43), 0, 1
(70,47), 0, 1
(70,48), 0, 1
(70,54), 0, 1
(70,59), 0, 1
(70,69), 0, 1
(70,77), 0, 1
(70,84), 0, 1
(70,87), 0, 1
(70,90), 0, 1
(70,93), 0, 1
(70,94), 0, 1
(71,2), 0, 1
(71,13), 0, 1
(71,17), 0, 1
(71,20), 0, 1
(71,30), 0, 1
(71,32), 0, 1
(71,37), 0, 1
(71,43), 0, 1
(71,47), 0, 1
(71,48), 0, 1
(71,54), 0, 1
(71,59), 0, 1
(71,77), 0, 1
(71,84), 0, 1
(71,87), 0, 1
(71,90), 0, 1
(71,93), 0, 1
(71,94), 0, 1
(72,24), 0, 1
(72,39), 0, 1
(72,48), 0, 1
(72,55), 0, 1
(72,57), 0, 1
(72,65), 0, 1
(72,82), 0, 1
(73,0), 0, 1
(73,1), 0, 1
(73,2), 0, 1
(73,4), 0, 1
(73,7), 0, 1
(73,8), 0, 1
(73,9), 0, 1
(73,11), 0, 1
(73,13), 0, 1
(73,14), 0, 1
(73,16), 0, 1
(73,17), 0, 1
(73,18), 0, 1
(73,19), 0, 1
(73,21), 0, 1
(73,22), 0, 1
(73,23), 0, 1
(73,24), 0, 1
(73,25), 0, 1
(73,27), 0, 1
(73,28), 0, 1
(73,29), 0, 1
(73,30), 0, 1
(73,32), 0, 1
(73,33), 0, 1
(73,34), 0, 1
(73,35), 0, 1
(73,37), 0, 1
(73,38), 0, 1
(73,39), 0, 1
(73,41), 0, 1
(73,42), 0, 1
(73,43), 0, 1
(73,44), 0, 1
(73,45), 0, 1
(73,46), 0, 1
(73,47), 0, 1
(73,48), 0, 1
(73,49), 0, 1
(73,50), 0, 1
(73,52), 0, 1
(73,53), 0, 1
(73,54), 0, 1
(73,55), 0, 1
(73,56), 0, 1
(73,57), 0, 1
(73,58), 0, 1
(73,59), 0, 1
(73,60), 0, 1
(73,63), 0, 1
(73,64), 0, 1
(73,65), 0, 1
(73,66), 0, 1
(73,67), 0, 1
(73,68), 0, 1
(73,69), 0, 1
(73,70), 0, 1
(73,71), 0, 1
(73,72), 0, 1
(73,74), 0, 1
(73,75), 0, 1
(73,77), 0, 1
(73,80), 0, 1
(73,81), 0, 1
(73,82), 0, 1
(73,83), 0, 1
(73,85), 0, 1
(73,86), 0, 1
(73,87), 0, 1
(73,88), 0, 1
(73,90), 0, 1
(73,91), 0, 1
(73,92), 0, 1
(73,93), 0, 1
(73,94), 0, 1
(73,95), 0, 1
(73,96), 0, 1
(74,24), 0, 1
(74,39), 0, 1
(74,48), 0, 1
(74,57), 0, 1
(74,65), 0, 1
(74,72), 0, 1
(74,82), 0, 1
(75,24), 0, 1
(75,39), 0, 1
(75,48), 0, 1
(75,57), 0, 1
(75,65), 0, 1
(75,72), 0, 1
(75,81), 0, 1
(75,82), 0, 1
(76,24), 0, 1
(76,39), 0, 1
(76,48), 0, 1
(76,57), 0, 1
(76,72), 0, 1
(76,82), 0, 1
(77,1), 0, 1
(77,2), 0, 1
(77,8), 0, 1
(77,9), 0, 1
(77,10), 0, 1
(77,13), 0, 1
(77,16), 0, 1
(77,17), 0, 1
(77,19), 0, 1
(77,20), 0, 1
(77,21), 0, 1
(77,22), 0, 1
(77,23), 0, 1
(77,24), 0, 1
(77,25), 0, 1
(77,27), 0, 1
(77,28), 0, 1
(77,29), 0, 1
(77,30), 0, 1
(77,33), 0, 1
(77,35), 0, 1
(77,37), 0, 1
(77,39), 0, 1
(77,41), 0, 1
(77,42), 0, 1
(77,43), 0, 1
(77,44), 0, 1
(77,45), 0, 1
(77,46), 0, 1
(77,47), 0, 1
(77,48), 0, 1
(77,50), 0, 1
(77,53), 0, 1
(77,54), 0, 1
(77,56), 0, 1
(77,57), 0, 1
(77,58), 0, 1
(77,59), 0, 1
(77,60), 0, 1
(77,63), 0, 1
(77,64), 0, 1
(77,65), 0, 1
(77,66), 0, 1
(77,67), 0, 1
(77,68), 0, 1
(77,69), 0, 1
(77,70), 0, 1
(77,71), 0, 1
(77,72), 0, 1
(77,73), 0, 1
(77,74), 0, 1
(77,75), 0, 1
(77,79), 0, 1
(77,80), 0, 1
(77,81), 0, 1
(77,82), 0, 1
(77,83), 0, 1
(77,84), 0, 1
(77,86), 0, 1
(77,87), 0, 1
(77,88), 0, 1
(77,90), 0, 1
(77,91), 0, 1
(77,92), 0, 1
(77,93), 0, 1
(77,95), 0, 1
(77,96), 0, 1
(78,0), 0, 1
(78,1), 0, 1
(78,2), 0, 1
(78,3), 0, 1
(78,4), 0, 1
(78,7), 0, 1
(78,8), 0, 1
(78,9), 0, 1
(78,11), 0, 1
(78,13), 0, 1
(78,14), 0, 1
(78,16), 0, 1
(78,17), 0, 1
(78,18), 0, 1
(78,19), 0, 1
(78,20), 0, 1
(78,21), 0, 1
(78,22), 0, 1
(78,23), 0, 1
(78,24), 0, 1
(78,25), 0, 1
(78,27), 0, 1
(78,28), 0, 1
(78,29), 0, 1
(78,30), 0, 1
(78,32), 0, 1
(78,33), 0, 1
(78,34), 0, 1
(78,35), 0, 1
(78,37), 0, 1
(78,38), 0, 1
(78,41), 0, 1
(78,42), 0, 1
(78,43), 0, 1
(78,44), 0, 1
(78,45), 0, 1
(78,46), 0, 1
(78,47), 0, 1
(78,48), 0, 1
(78,49), 0, 1
(78,50), 0, 1
(78,53), 0, 1
(78,54), 0, 1
(78,57), 0, 1
(78,58), 0, 1
(78,59), 0, 1
(78,60), 0, 1
(78,63), 0, 1
(78,64), 0, 1
(78,66), 0, 1
(78,67), 0, 1
(78,68), 0, 1
(78,69), 0, 1
(78,70), 0, 1
(78,71), 0, 1
(78,72), 0, 1
(78,74), 0, 1
(78,80), 0, 1
(78,81), 0, 1
(78,82), 0, 1
(78,83), 0, 1
(78,84), 0, 1
(78,85), 0, 1
(78,86), 0, 1
(78,87), 0, 1
(78,88), 0, 1
(78,89), 0, 1
(78,90), 0, 1
(78,91), 0, 1
(78,92), 0, 1
(78,93), 0, 1
(78,95), 0, 1
(79,0), 0, 1
(79,1), 0, 1
(79,2), 0, 1
(79,4), 0, 1
(79,8), 0, 1
(79,9), 0, 1
(79,10), 0, 1
(79,11), 0, 1
(79,13), 0, 1
(79,14), 0, 1
(79,16), 0, 1
(79,17), 0, 1
(79,19), 0, 1
(79,21), 0, 1
(79,22), 0, 1
(79,23), 0, 1
(79,24), 0, 1
(79,25), 0, 1
(79,27), 0, 1
(79,28), 0, 1
(79,29), 0, 1
(79,32), 0, 1
(79,33), 0, 1
(79,35), 0, 1
(79,37), 0, 1
(79,38), 0, 1
(79,39), 0, 1
(79,41), 0, 1
(79,42), 0, 1
(79,43), 0, 1
(79,44), 0, 1
(79,46), 0, 1
(79,47), 0, 1
(79,48), 0, 1
(79,50), 0, 1
(79,53), 0, 1
(79,56), 0, 1
(79,57), 0, 1
(79,58), 0, 1
(79,59), 0, 1
(79,60), 0, 1
(79,63), 0, 1
(79,64), 0, 1
(79,65), 0, 1
(79,66), 0, 1
(79,67), 0, 1
(79,69), 0, 1
(79,70), 0, 1
(79,71), 0, 1
(79,72), 0, 1
(79,73), 0, 1
(79,74), 0, 1
(79,75), 0, 1
(79,76), 0, 1
(79,77), 0, 1
(79,81), 0, 1
(79,82), 0, 1
(79,83), 0, 1
(79,84), 0, 1
(79,85), 0, 1
(79,86), 0, 1
(79,87), 0, 1
(79,88), 0, 1
(79,90), 0, 1
(79,91), 0, 1
(79,92), 0, 1
(79,93), 0, 1
(79,94), 0, 1
(79,95), 0, 1
(79,96), 0, 1
(80,24), 0, 1
(80,26), 0, 1
(80,39), 0, 1
(80,48), 0, 1
(80,57), 0, 1
(80,65), 0, 1
(80,72), 0, 1
(80,82), 0, 1
(81,2), 0, 1
(81,10), 0, 1
(81,13), 0, 1
(81,17), 0, 1
(81,20), 0, 1
(81,21), 0, 1
(81,30), 0, 1
(81,32), 0, 1
(81,37), 0, 1
(81,43), 0, 1
(81,47), 0, 1
(81,48), 0, 1
(81,49), 0, 1
(81,54), 0, 1
(81,69), 0, 1
(81,77), 0, 1
(81,84), 0, 1
(81,87), 0, 1
(81,90), 0, 1
(81,93), 0, 1
(81,94), 0, 1
(82,2), 0, 1
(82,10), 0, 1
(82,17), 0, 1
(82,20), 0, 1
(82,21), 0, 1
(82,30), 0, 1
(82,32), 0, 1
(82,37), 0, 1
(82,43), 0, 1
(82,47), 0, 1
(82,48), 0, 1
(82,54), 0, 1
(82,59), 0, 1
(82,69), 0, 1
(82,77), 0, 1
(82,84), 0, 1
(82,87), 0, 1
(82,90), 0, 1
(82,94), 0, 1
(83,2), 0, 1
(83,13), 0, 1
(83,17), 0, 1
(83,20), 0, 1
(83,21), 0, 1
(83,30), 0, 1
(83,32), 0, 1
(83,37), 0, 1
(83,40), 0, 1
(83,43), 0, 1
(83,48), 0, 1
(83,54), 0, 1
(83,69), 0, 1
(83,77), 0, 1
(83,84), 0, 1
(83,87), 0, 1
(83,90), 0, 1
(83,94), 0, 1
(84,24), 0, 1
(84,26), 0, 1
(84,39), 0, 1
(84,48), 0, 1
(84,57), 0, 1
(84,65), 0, 1
(84,81), 0, 1
(84,82), 0, 1
(85,2), 0, 1
(85,10), 0, 1
(85,13), 0, 1
(85,17), 0, 1
(85,20), 0, 1
(85,21), 0, 1
(85,30), 0, 1
(85,32), 0, 1
(85,47), 0, 1
(85,48), 0, 1
(85,54), 0, 1
(85,59), 0, 1
(85,62), 0, 1
(85,69), 0, 1
(85,77), 0, 1
(85,84), 0, 1
(85,87), 0, 1
(85,90), 0, 1
(85,93), 0, 1
(85,94), 0, 1
(86,24), 0, 1
(86,39), 0, 1
(86,48), 0, 1
(86,57), 0, 1
(86,65), 0, 1
(86,72), 0, 1
(86,82), 0, 1
(87,0), 0, 1
(87,1), 0, 1
(87,2), 0, 1
(87,5), 0, 1
(87,8), 0, 1
(87,9), 0, 1
(87,10), 0, 1
(87,11), 0, 1
(87,12), 0, 1
(87,13), 0, 1
(87,14), 0, 1
(87,16), 0, 1
(87,17), 0, 1
(87,18), 0, 1
(87,19), 0, 1
(87,20), 0, 1
(87,21), 0, 1
(87,22), 0, 1
(87,23), 0, 1
(87,24), 0, 1
(87,25), 0, 1
(87,26), 0, 1
(87,27), 0, 1
(87,28), 0, 1
(87,29), 0, 1
(87,30), 0, 1
(87,31), 0, 1
(87,32), 0, 1
(87,33), 0, 1
(87,34), 0, 1
(87,35), 0, 1
(87,37), 0, 1
(87,38), 0, 1
(87,39), 0, 1
(87,41), 0, 1
(87,42), 0, 1
(87,43), 0, 1
(87,45), 0, 1
(87,46), 0, 1
(87,47), 0, 1
(87,48), 0, 1
(87,50), 0, 1
(87,52), 0, 1
(87,53), 0, 1
(87,54), 0, 1
(87,56), 0, 1
(87,57), 0, 1
(87,58), 0, 1
(87,59), 0, 1
(87,60), 0, 1
(87,62), 0, 1
(87,63), 0, 1
(87,64), 0, 1
(87,65), 0, 1
(87,66), 0, 1
(87,67), 0, 1
(87,68), 0, 1
(87,69), 0, 1
(87,70), 0, 1
(87,71), 0, 1
(87,72), 0, 1
(87,73), 0, 1
(87,74), 0, 1
(87,75), 0, 1
(87,77), 0, 1
(87,78), 0, 1
(87,80), 0, 1
(87,81), 0, 1
(87,82), 0, 1
(87,83), 0, 1
(87,86), 0, 1
(87,88), 0, 1
(87,90), 0, 1
(87,91), 0, 1
(87,94), 0, 1
(87,95), 0, 1
(88,24), 0, 1
(88,39), 0, 1
(88,48), 0, 1
(88,57), 0, 1
(88,65), 0, 1
(88,72), 0, 1
(88,81), 0, 1
(88,82), 0, 1
(89,1), 0, 1
(89,2), 0, 1
(89,4), 0, 1
(89,5), 0, 1
(89,7), 0, 1
(89,8), 0, 1
(89,9), 0, 1
(89,10), 0, 1
(89,11), 0, 1
(89,13), 0, 1
(89,14), 0, 1
(89,16), 0, 1
(89,17), 0, 1
(89,18), 0, 1
(89,19), 0, 1
(89,20), 0, 1
(89,21), 0, 1
(89,22), 0, 1
(89,23), 0, 1
(89,24), 0, 1
(89,25), 0, 1
(89,27), 0, 1
(89,28), 0, 1
(89,29), 0, 1
(89,30), 0, 1
(89,32), 0, 1
(89,33), 0, 1
(89,34), 0, 1
(89,35), 0, 1
(89,37), 0, 1
(89,38), 0, 1
(89,39), 0, 1
(89,41), 0, 1
(89,42), 0, 1
(89,43), 0, 1
(89,44), 0, 1
(89,45), 0, 1
(89,46), 0, 1
(89,48), 0, 1
(89,50), 0, 1
(89,52), 0, 1
(89,53), 0, 1
(89,54), 0, 1
(89,56), 0, 1
(89,58), 0, 1
(89,59), 0, 1
(89,60), 0, 1
(89,63), 0, 1
(89,64), 0, 1
(89,65), 0, 1
(89,66), 0, 1
(89,67), 0, 1
(89,69), 0, 1
(89,70), 0, 1
(89,71), 0, 1
(89,72), 0, 1
(89,73), 0, 1
(89,74), 0, 1
(89,75), 0, 1
(89,80), 0, 1
(89,81), 0, 1
(89,82), 0, 1
(89,83), 0, 1
(89,84), 0, 1
(89,85), 0, 1
(89,86), 0, 1
(89,87), 0, 1
(89,88), 0, 1
(89,90), 0, 1
(89,91), 0, 1
(89,92), 0, 1
(89,93), 0, 1
(89,94), 0, 1
(89,95), 0, 1
(89,96), 0, 1
(90,24), 0, 1
(90,39), 0, 1
(90,48), 0, 1
(90,57), 0, 1
(90,65), 0, 1
(90,72), 0, 1
(90,81), 0, 1
(90,82), 0, 1
(91,2), 0, 1
(91,10), 0, 1
(91,13), 0, 1
(91,17), 0, 1
(91,30), 0, 1
(91,37), 0, 1
(91,43), 0, 1
(91,47), 0, 1
(91,48), 0, 1
(91,54), 0, 1
(91,59), 0, 1
(91,69), 0, 1
(91,77), 0, 1
(91,84), 0, 1
(91,87), 0, 1
(91,90), 0, 1
(91,93), 0, 1
(91,94), 0, 1
(92,2), 0, 1
(92,10), 0, 1
(92,13), 0, 1
(92,17), 0, 1
(92,21), 0, 1
(92,32), 0, 1
(92,37), 0, 1
(92,40), 0, 1
(92,43), 0, 1
(92,47), 0, 1
(92,48), 0, 1
(92,54), 0, 1
(92,59), 0, 1
(92,69), 0, 1
(92,77), 0, 1
(92,84), 0, 1
(92,87), 0, 1
(92,90), 0, 1
(92,93), 0, 1
(92,94), 0, 1
(93,0), 0, 1
(93,1), 0, 1
(93,2), 0, 1
(93,4), 0, 1
(93,5), 0, 1
(93,7), 0, 1
(93,8), 0, 1
(93,9), 0, 1
(93,10), 0, 1
(93,11), 0, 1
(93,13), 0, 1
(93,14), 0, 1
(93,16), 0, 1
(93,17), 0, 1
(93,18), 0, 1
(93,19), 0, 1
(93,20), 0, 1
(93,22), 0, 1
(93,23), 0, 1
(93,24), 0, 1
(93,25), 0, 1
(93,27), 0, 1
(93,28), 0, 1
(93,29), 0, 1
(93,30), 0, 1
(93,31), 0, 1
(93,32), 0, 1
(93,33), 0, 1
(93,34), 0, 1
(93,35), 0, 1
(93,37), 0, 1
(93,38), 0, 1
(93,39), 0, 1
(93,41), 0, 1
(93,42), 0, 1
(93,43), 0, 1
(93,44), 0, 1
(93,45), 0, 1
(93,47), 0, 1
(93,50), 0, 1
(93,51), 0, 1
(93,53), 0, 1
(93,56), 0, 1
(93,57), 0, 1
(93,58), 0, 1
(93,59), 0, 1
(93,60), 0, 1
(93,61), 0, 1
(93,63), 0, 1
(93,64), 0, 1
(93,65), 0, 1
(93,66), 0, 1
(93,67), 0, 1
(93,68), 0, 1
(93,69), 0, 1
(93,70), 0, 1
(93,71), 0, 1
(93,72), 0, 1
(93,73), 0, 1
(93,75), 0, 1
(93,77), 0, 1
(93,80), 0, 1
(93,81), 0, 1
(93,82), 0, 1
(93,83), 0, 1
(93,85), 0, 1
(93,86), 0, 1
(93,87), 0, 1
(93,88), 0, 1
(93,90), 0, 1
(93,91), 0, 1
(93,92), 0, 1
(93,94), 0, 1
(93,95), 0, 1
(93,96), 0, 1
(94,0), 0, 1
(94,1), 0, 1
(94,2), 0, 1
(94,7), 0, 1
(94,8), 0, 1
(94,9), 0, 1
(94,10), 0, 1
(94,11), 0, 1
(94,13), 0, 1
(94,14), 0, 1
(94,16), 0, 1
(94,17), 0, 1
(94,19), 0, 1
(94,20), 0, 1
(94,21), 0, 1
(94,22), 0, 1
(94,23), 0, 1
(94,24), 0, 1
(94,25), 0, 1
(94,27), 0, 1
(94,28), 0, 1
(94,29), 0, 1
(94,30), 0, 1
(94,33), 0, 1
(94,35), 0, 1
(94,37), 0, 1
(94,38), 0, 1
(94,39), 0, 1
(94,41), 0, 1
(94,42), 0, 1
(94,43), 0, 1
(94,44), 0, 1
(94,46), 0, 1
(94,47), 0, 1
(94,48), 0, 1
(94,50), 0, 1
(94,52), 0, 1
(94,53), 0, 1
(94,54), 0, 1
(94,56), 0, 1
(94,57), 0, 1
(94,58), 0, 1
(94,60), 0, 1
(94,63), 0, 1
(94,64), 0, 1
(94,65), 0, 1
(94,66), 0, 1
(94,67), 0, 1
(94,68), 0, 1
(94,69), 0, 1
(94,70), 0, 1
(94,71), 0, 1
(94,73), 0, 1
(94,74), 0, 1
(94,75), 0, 1
(94,77), 0, 1
(94,80), 0, 1
(94,81), 0, 1
(94,82), 0, 1
(94,83), 0, 1
(94,84), 0, 1
(94,85), 0, 1
(94,86), 0, 1
(94,87), 0, 1
(94,88), 0, 1
(94,90), 0, 1
(94,91), 0, 1
(94,92), 0, 1
(94,93), 0, 1
(94,95), 0, 1
(94,96), 0, 1
(95,2), 0, 1
(95,10), 0, 1
(95,13), 0, 1
(95,17), 0, 1
(95,21), 0, 1
(95,30), 0, 1
(95,37), 0, 1
(95,43), 0, 1
(95,47), 0, 1
(95,48), 0, 1
(95,54), 0, 1
(95,59), 0, 1
(95,69), 0, 1
(95,77), 0, 1
(95,84), 0, 1
(95,87), 0, 1
(95,90), 0, 1
(95,93), 0, 1
(95,94), 0, 1
(96,2), 0, 1
(96,10), 0, 1
(96,13), 0, 1
(96,17), 0, 1
(96,20), 0, 1
(96,30), 0, 1
(96,32), 0, 1
(96,37), 0, 1
(96,43), 0, 1
(96,47), 0, 1
(96,48), 0, 1
(96,59), 0, 1
(96,69), 0, 1
(96,77), 0, 1
(96,84), 0, 1
(96,87), 0, 1
(96,90), 0, 1
(96,93), 0, 1
(97,24), 0, 1
(97,39), 0, 1
(97,48), 0, 1
(97,57), 0, 1
(97,65), 0, 1
(97,72), 0, 1
(97,82), 0, 1
(98,0), 0, 1
(98,1), 0, 1
(98,2), 0, 1
(98,5), 0, 1
(98,8), 0, 1
(98,9), 0, 1
(98,10), 0, 1
(98,11), 0, 1
(98,13), 0, 1
(98,14), 0, 1
(98,16), 0, 1
(98,17), 0, 1
(98,18), 0, 1
(98,19), 0, 1
(98,20), 0, 1
(98,21), 0, 1
(98,22), 0, 1
(98,23), 0, 1
(98,24), 0, 1
(98,25), 0, 1
(98,28), 0, 1
(98,29), 0, 1
(98,31), 0, 1
(98,33), 0, 1
(98,34), 0, 1
(98,35), 0, 1
(98,37), 0, 1
(98,38), 0, 1
(98,39), 0, 1
(98,41), 0, 1
(98,42), 0, 1
(98,43), 0, 1
(98,44), 0, 1
(98,45), 0, 1
(98,46), 0, 1
(98,47), 0, 1
(98,48), 0, 1
(98,50), 0, 1
(98,53), 0, 1
(98,54), 0, 1
(98,56), 0, 1
(98,58), 0, 1
(98,59), 0, 1
(98,60), 0, 1
(98,63), 0, 1
(98,64), 0, 1
(98,65), 0, 1
(98,66), 0, 1
(98,67), 0, 1
(98,68), 0, 1
(98,69), 0, 1
(98,70), 0, 1
(98,71), 0, 1
(98,72), 0, 1
(98,73), 0, 1
(98,74), 0, 1
(98,77), 0, 1
(98,80), 0, 1
(98,81), 0, 1
(98,82), 0, 1
(98,83), 0, 1
(98,84), 0, 1
(98,85), 0, 1
(98,87), 0, 1
(98,88), 0, 1
(98,90), 0, 1
(98,91), 0, 1
(98,92), 0, 1
(98,93), 0, 1
(98,94), 0, 1
(98,95), 0, 1
(98,96), 0, 1
(99,2), 0, 1
(99,13), 0, 1
(99,17), 0, 1
(99,20), 0, 1
(99,21), 0, 1
(99,30), 0, 1
(99,37), 0, 1
(99,43), 0, 1
(99,47), 0, 1
(99,48), 0, 1
(99,69), 0, 1
(99,77), 0, 1
(99,84), 0, 1
(99,87), 0, 1
(99,90), 0, 1
(99,93), 0, 1
(99,94), 0, 1
