Nr_Pairs = 99
Nr_NDD = 1
Nr_Arcs = 2132
0	0.32
1	0.5
2	0.90
3	0.90
4	0.90
5	0.5
6	0.5
7	0.5
8	0.10
9	0.10
10	0.5
11	0.5
12	0.5
13	0.28
14	0.10
15	0.5
16	0.10
17	0.92
18	0.10
19	0.28
20	0.90
21	0.5
22	0.10
23	0.5
24	0.90
25	0.5
26	0.5
27	0.10
28	0.5
29	0.5
30	0.5
31	0.90
32	0.5
33	0.90
34	0.90
35	0.28
36	0.5
37	0.5
38	0.90
39	0.90
40	0.92
41	0.10
42	0.90
43	0.92
44	0.28
45	0.10
46	0.90
47	0.5
48	0.90
49	0.5
50	0.10
51	0.5
52	0.10
53	0.10
54	0.5
55	0.32
56	0.92
57	0.10
58	0.28
59	0.5
60	0.10
61	0.5
62	0.28
63	0.5
64	0.28
65	0.5
66	0.32
67	0.5
68	0.10
69	0.28
70	0.90
71	0.5
72	0.5
73	0.5
74	0.90
75	0.5
76	0.5
77	0.28
78	0.5
79	0.32
80	0.5
81	0.10
82	0.5
83	0.5
84	0.28
85	0.28
86	0.10
87	0.28
88	0.5
89	0.10
90	0.5
91	0.5
92	0.5
93	0.90
94	0.10
95	0.5
96	0.5
97	0.5
98	0.10
99	0.0
(0,1), 0, 1
(0,5), 0, 1
(0,6), 0, 1
(0,7), 0, 1
(0,8), 0, 1
(0,9), 0, 1
(0,10), 0, 1
(0,11), 0, 1
(0,12), 0, 1
(0,14), 0, 1
(0,15), 0, 1
(0,16), 0, 1
(0,18), 0, 1
(0,19), 0, 1
(0,20), 0, 1
(0,21), 0, 1
(0,22), 0, 1
(0,23), 0, 1
(0,25), 0, 1
(0,26), 0, 1
(0,27), 0, 1
(0,28), 0, 1
(0,29), 0, 1
(0,30), 0, 1
(0,32), 0, 1
(0,35), 0, 1
(0,36), 0, 1
(0,37), 0, 1
(0,41), 0, 1
(0,44), 0, 1
(0,45), 0, 1
(0,47), 0, 1
(0,49), 0, 1
(0,50), 0, 1
(0,51), 0, 1
(0,52), 0, 1
(0,53), 0, 1
(0,54), 0, 1
(0,57), 0, 1
(0,58), 0, 1
(0,59), 0, 1
(0,60), 0, 1
(0,61), 0, 1
(0,62), 0, 1
(0,63), 0, 1
(0,65), 0, 1
(0,67), 0, 1
(0,68), 0, 1
(0,69), 0, 1
(0,71), 0, 1
(0,72), 0, 1
(0,73), 0, 1
(0,75), 0, 1
(0,76), 0, 1
(0,77), 0, 1
(0,78), 0, 1
(0,79), 0, 1
(0,80), 0, 1
(0,81), 0, 1
(0,82), 0, 1
(0,83), 0, 1
(0,85), 0, 1
(0,86), 0, 1
(0,88), 0, 1
(0,89), 0, 1
(0,90), 0, 1
(0,91), 0, 1
(0,92), 0, 1
(0,94), 0, 1
(0,95), 0, 1
(0,96), 0, 1
(0,97), 0, 1
(1,0), 0, 1
(1,15), 0, 1
(1,25), 0, 1
(1,27), 0, 1
(1,51), 0, 1
(1,52), 0, 1
(1,68), 0, 1
(1,82), 0, 1
(1,85), 0, 1
(1,89), 0, 1
(1,90), 0, 1
(1,94), 0, 1
(1,97), 0, 1
(1,98), 0, 1
(2,5), 0, 1
(2,11), 0, 1
(2,17), 0, 1
(2,37), 0, 1
(2,41), 0, 1
(2,44), 0, 1
(2,47), 0, 1
(2,62), 0, 1
(2,81), 0, 1
(2,90), 0, 1
(2,92), 0, 1
(2,95), 0, 1
(2,96), 0, 1
(3,0), 0, 1
(3,15), 0, 1
(3,22), 0, 1
(3,25), 0, 1
(3,27), 0, 1
(3,38), 0, 1
(3,51), 0, 1
(3,52), 0, 1
(3,53), 0, 1
(3,68), 0, 1
(3,82), 0, 1
(3,85), 0, 1
(3,89), 0, 1
(3,90), 0, 1
(3,94), 0, 1
(3,97), 0, 1
(3,98), 0, 1
(4,22), 0, 1
(4,24), 0, 1
(4,27), 0, 1
(4,51), 0, 1
(4,52), 0, 1
(4,53), 0, 1
(4,66), 0, 1
(4,68), 0, 1
(4,82), 0, 1
(4,85), 0, 1
(4,89), 0, 1
(4,90), 0, 1
(4,94), 0, 1
(4,97), 0, 1
(4,98), 0, 1
(5,15), 0, 1
(5,22), 0, 1
(5,25), 0, 1
(5,27), 0, 1
(5,31), 0, 1
(5,51), 0, 1
(5,52), 0, 1
(5,68), 0, 1
(5,82), 0, 1
(5,89), 0, 1
(5,90), 0, 1
(5,97), 0, 1
(5,98), 0, 1
(6,5), 0, 1
(6,11), 0, 1
(6,37), 0, 1
(6,44), 0, 1
(6,47), 0, 1
(6,62), 0, 1
(6,81), 0, 1
(6,90), 0, 1
(6,92), 0, 1
(6,95), 0, 1
(6,96), 0, 1
(7,15), 0, 1
(7,22), 0, 1
(7,25), 0, 1
(7,51), 0, 1
(7,52), 0, 1
(7,53), 0, 1
(7,66), 0, 1
(7,68), 0, 1
(7,82), 0, 1
(7,85), 0, 1
(7,89), 0, 1
(7,90), 0, 1
(7,97), 0, 1
(7,98), 0, 1
(8,15), 0, 1
(8,27), 0, 1
(8,34), 0, 1
(8,51), 0, 1
(8,52), 0, 1
(8,53), 0, 1
(8,82), 0, 1
(8,85), 0, 1
(8,89), 0, 1
(8,90), 0, 1
(8,94), 0, 1
(8,97), 0, 1
(9,0), 0, 1
(9,15), 0, 1
(9,22), 0, 1
(9,25), 0, 1
(9,27), 0, 1
(9,31), 0, 1
(9,34), 0, 1
(9,51), 0, 1
(9,52), 0, 1
(9,53), 0, 1
(9,68), 0, 1
(9,82), 0, 1
(9,85), 0, 1
(9,90), 0, 1
(9,94), 0, 1
(9,97), 0, 1
(9,98), 0, 1
(10,15), 0, 1
(10,20), 0, 1
(10,22), 0, 1
(10,25), 0, 1
(10,27), 0, 1
(10,31), 0, 1
(10,51), 0, 1
(10,52), 0, 1
(10,53), 0, 1
(10,66), 0, 1
(10,68), 0, 1
(10,82), 0, 1
(10,85), 0, 1
(10,89), 0, 1
(10,90), 0, 1
(10,94), 0, 1
(10,97), 0, 1
(11,0), 0, 1
(11,1), 0, 1
(11,5), 0, 1
(11,6), 0, 1
(11,7), 0, 1
(11,8), 0, 1
(11,9), 0, 1
(11,10), 0, 1
(11,12), 0, 1
(11,14), 0, 1
(11,15), 0, 1
(11,16), 0, 1
(11,18), 0, 1
(11,21), 0, 1
(11,22), 0, 1
(11,23), 0, 1
(11,26), 0, 1
(11,27), 0, 1
(11,28), 0, 1
(11,30), 0, 1
(11,32), 0, 1
(11,36), 0, 1
(11,37), 0, 1
(11,41), 0, 1
(11,44), 0, 1
(11,45), 0, 1
(11,47), 0, 1
(11,49), 0, 1
(11,50), 0, 1
(11,51), 0, 1
(11,52), 0, 1
(11,53), 0, 1
(11,54), 0, 1
(11,55), 0, 1
(11,57), 0, 1
(11,58), 0, 1
(11,59), 0, 1
(11,60), 0, 1
(11,61), 0, 1
(11,63), 0, 1
(11,65), 0, 1
(11,68), 0, 1
(11,69), 0, 1
(11,71), 0, 1
(11,72), 0, 1
(11,73), 0, 1
(11,75), 0, 1
(11,76), 0, 1
(11,77), 0, 1
(11,78), 0, 1
(11,80), 0, 1
(11,81), 0, 1
(11,82), 0, 1
(11,83), 0, 1
(11,84), 0, 1
(11,86), 0, 1
(11,88), 0, 1
(11,89), 0, 1
(11,90), 0, 1
(11,91), 0, 1
(11,92), 0, 1
(11,94), 0, 1
(11,95), 0, 1
(11,96), 0, 1
(11,97), 0, 1
(11,98), 0, 1
(12,5), 0, 1
(12,11), 0, 1
(12,37), 0, 1
(12,41), 0, 1
(12,44), 0, 1
(12,47), 0, 1
(12,62), 0, 1
(12,81), 0, 1
(12,90), 0, 1
(12,92), 0, 1
(12,95), 0, 1
(12,96), 0, 1
(13,0), 0, 1
(13,1), 0, 1
(13,5), 0, 1
(13,6), 0, 1
(13,7), 0, 1
(13,8), 0, 1
(13,9), 0, 1
(13,10), 0, 1
(13,11), 0, 1
(13,12), 0, 1
(13,15), 0, 1
(13,18), 0, 1
(13,19), 0, 1
(13,21), 0, 1
(13,22), 0, 1
(13,24), 0, 1
(13,25), 0, 1
(13,26), 0, 1
(13,27), 0, 1
(13,28), 0, 1
(13,30), 0, 1
(13,32), 0, 1
(13,35), 0, 1
(13,36), 0, 1
(13,37), 0, 1
(13,42), 0, 1
(13,47), 0, 1
(13,49), 0, 1
(13,51), 0, 1
(13,52), 0, 1
(13,53), 0, 1
(13,54), 0, 1
(13,57), 0, 1
(13,58), 0, 1
(13,59), 0, 1
(13,60), 0, 1
(13,61), 0, 1
(13,62), 0, 1
(13,63), 0, 1
(13,64), 0, 1
(13,65), 0, 1
(13,67), 0, 1
(13,68), 0, 1
(13,69), 0, 1
(13,71), 0, 1
(13,72), 0, 1
(13,73), 0, 1
(13,75), 0, 1
(13,76), 0, 1
(13,77), 0, 1
(13,78), 0, 1
(13,79), 0, 1
(13,81), 0, 1
(13,82), 0, 1
(13,83), 0, 1
(13,84), 0, 1
(13,85), 0, 1
(13,86), 0, 1
(13,87), 0, 1
(13,88), 0, 1
(13,89), 0, 1
(13,90), 0, 1
(13,91), 0, 1
(13,92), 0, 1
(13,94), 0, 1
(13,95), 0, 1
(13,96), 0, 1
(13,97), 0, 1
(13,98), 0, 1
(14,0), 0, 1
(14,15), 0, 1
(14,22), 0, 1
(14,25), 0, 1
(14,27), 0, 1
(14,51), 0, 1
(14,52), 0, 1
(14,53), 0, 1
(14,66), 0, 1
(14,68), 0, 1
(14,82), 0, 1
(14,85), 0, 1
(14,89), 0, 1
(14,90), 0, 1
(14,94), 0, 1
(14,97), 0, 1
(14,98), 0, 1
(15,90), 0, 1
(16,0), 0, 1
(16,15), 0, 1
(16,22), 0, 1
(16,24), 0, 1
(16,27), 0, 1
(16,51), 0, 1
(16,52), 0, 1
(16,53), 0, 1
(16,66), 0, 1
(16,68), 0, 1
(16,82), 0, 1
(16,85), 0, 1
(16,89), 0, 1
(16,90), 0, 1
(16,94), 0, 1
(16,97), 0, 1
(16,98), 0, 1
(17,0), 0, 1
(17,1), 0, 1
(17,4), 0, 1
(17,5), 0, 1
(17,6), 0, 1
(17,7), 0, 1
(17,9), 0, 1
(17,10), 0, 1
(17,11), 0, 1
(17,12), 0, 1
(17,13), 0, 1
(17,14), 0, 1
(17,15), 0, 1
(17,16), 0, 1
(17,18), 0, 1
(17,19), 0, 1
(17,21), 0, 1
(17,22), 0, 1
(17,23), 0, 1
(17,25), 0, 1
(17,26), 0, 1
(17,27), 0, 1
(17,28), 0, 1
(17,29), 0, 1
(17,30), 0, 1
(17,31), 0, 1
(17,32), 0, 1
(17,36), 0, 1
(17,41), 0, 1
(17,44), 0, 1
(17,45), 0, 1
(17,47), 0, 1
(17,48), 0, 1
(17,49), 0, 1
(17,50), 0, 1
(17,51), 0, 1
(17,52), 0, 1
(17,53), 0, 1
(17,54), 0, 1
(17,55), 0, 1
(17,57), 0, 1
(17,58), 0, 1
(17,59), 0, 1
(17,60), 0, 1
(17,61), 0, 1
(17,62), 0, 1
(17,64), 0, 1
(17,65), 0, 1
(17,66), 0, 1
(17,67), 0, 1
(17,68), 0, 1
(17,69), 0, 1
(17,71), 0, 1
(17,72), 0, 1
(17,73), 0, 1
(17,74), 0, 1
(17,75), 0, 1
(17,76), 0, 1
(17,78), 0, 1
(17,79), 0, 1
(17,80), 0, 1
(17,81), 0, 1
(17,83), 0, 1
(17,84), 0, 1
(17,85), 0, 1
(17,86), 0, 1
(17,87), 0, 1
(17,88), 0, 1
(17,89), 0, 1
(17,90), 0, 1
(17,91), 0, 1
(17,92), 0, 1
(17,94), 0, 1
(17,95), 0, 1
(17,96), 0, 1
(17,98), 0, 1
(18,0), 0, 1
(18,15), 0, 1
(18,22), 0, 1
(18,25), 0, 1
(18,27), 0, 1
(18,38), 0, 1
(18,42), 0, 1
(18,51), 0, 1
(18,52), 0, 1
(18,53), 0, 1
(18,66), 0, 1
(18,68), 0, 1
(18,82), 0, 1
(18,85), 0, 1
(18,89), 0, 1
(18,94), 0, 1
(18,97), 0, 1
(18,98), 0, 1
(19,0), 0, 1
(19,15), 0, 1
(19,22), 0, 1
(19,25), 0, 1
(19,27), 0, 1
(19,51), 0, 1
(19,52), 0, 1
(19,53), 0, 1
(19,66), 0, 1
(19,82), 0, 1
(19,85), 0, 1
(19,89), 0, 1
(19,90), 0, 1
(19,94), 0, 1
(19,97), 0, 1
(19,98), 0, 1
(20,0), 0, 1
(20,1), 0, 1
(20,5), 0, 1
(20,6), 0, 1
(20,7), 0, 1
(20,8), 0, 1
(20,9), 0, 1
(20,10), 0, 1
(20,11), 0, 1
(20,12), 0, 1
(20,13), 0, 1
(20,14), 0, 1
(20,15), 0, 1
(20,16), 0, 1
(20,18), 0, 1
(20,19), 0, 1
(20,21), 0, 1
(20,22), 0, 1
(20,23), 0, 1
(20,25), 0, 1
(20,26), 0, 1
(20,27), 0, 1
(20,28), 0, 1
(20,29), 0, 1
(20,30), 0, 1
(20,31), 0, 1
(20,32), 0, 1
(20,36), 0, 1
(20,37), 0, 1
(20,41), 0, 1
(20,44), 0, 1
(20,45), 0, 1
(20,47), 0, 1
(20,49), 0, 1
(20,50), 0, 1
(20,51), 0, 1
(20,52), 0, 1
(20,53), 0, 1
(20,54), 0, 1
(20,57), 0, 1
(20,59), 0, 1
(20,60), 0, 1
(20,61), 0, 1
(20,65), 0, 1
(20,66), 0, 1
(20,67), 0, 1
(20,68), 0, 1
(20,69), 0, 1
(20,71), 0, 1
(20,72), 0, 1
(20,75), 0, 1
(20,76), 0, 1
(20,77), 0, 1
(20,78), 0, 1
(20,79), 0, 1
(20,80), 0, 1
(20,82), 0, 1
(20,85), 0, 1
(20,86), 0, 1
(20,88), 0, 1
(20,89), 0, 1
(20,90), 0, 1
(20,91), 0, 1
(20,92), 0, 1
(20,94), 0, 1
(20,95), 0, 1
(20,96), 0, 1
(20,97), 0, 1
(20,98), 0, 1
(21,15), 0, 1
(21,22), 0, 1
(21,25), 0, 1
(21,51), 0, 1
(21,52), 0, 1
(21,53), 0, 1
(21,66), 0, 1
(21,68), 0, 1
(21,82), 0, 1
(21,89), 0, 1
(21,94), 0, 1
(21,97), 0, 1
(22,11), 0, 1
(22,37), 0, 1
(22,41), 0, 1
(22,47), 0, 1
(22,62), 0, 1
(22,81), 0, 1
(22,90), 0, 1
(22,92), 0, 1
(22,95), 0, 1
(22,96), 0, 1
(23,0), 0, 1
(23,15), 0, 1
(23,22), 0, 1
(23,25), 0, 1
(23,27), 0, 1
(23,42), 0, 1
(23,51), 0, 1
(23,52), 0, 1
(23,68), 0, 1
(23,82), 0, 1
(23,90), 0, 1
(23,94), 0, 1
(23,97), 0, 1
(23,98), 0, 1
(24,1), 0, 1
(24,4), 0, 1
(24,5), 0, 1
(24,6), 0, 1
(24,7), 0, 1
(24,8), 0, 1
(24,9), 0, 1
(24,10), 0, 1
(24,11), 0, 1
(24,12), 0, 1
(24,14), 0, 1
(24,15), 0, 1
(24,16), 0, 1
(24,18), 0, 1
(24,19), 0, 1
(24,20), 0, 1
(24,21), 0, 1
(24,22), 0, 1
(24,23), 0, 1
(24,25), 0, 1
(24,26), 0, 1
(24,28), 0, 1
(24,29), 0, 1
(24,30), 0, 1
(24,32), 0, 1
(24,35), 0, 1
(24,36), 0, 1
(24,37), 0, 1
(24,41), 0, 1
(24,44), 0, 1
(24,45), 0, 1
(24,47), 0, 1
(24,49), 0, 1
(24,51), 0, 1
(24,52), 0, 1
(24,53), 0, 1
(24,54), 0, 1
(24,57), 0, 1
(24,59), 0, 1
(24,60), 0, 1
(24,61), 0, 1
(24,62), 0, 1
(24,63), 0, 1
(24,64), 0, 1
(24,65), 0, 1
(24,67), 0, 1
(24,68), 0, 1
(24,69), 0, 1
(24,71), 0, 1
(24,72), 0, 1
(24,73), 0, 1
(24,75), 0, 1
(24,76), 0, 1
(24,77), 0, 1
(24,78), 0, 1
(24,79), 0, 1
(24,80), 0, 1
(24,81), 0, 1
(24,82), 0, 1
(24,83), 0, 1
(24,85), 0, 1
(24,86), 0, 1
(24,87), 0, 1
(24,88), 0, 1
(24,89), 0, 1
(24,91), 0, 1
(24,92), 0, 1
(24,94), 0, 1
(24,95), 0, 1
(24,97), 0, 1
(24,98), 0, 1
(26,15), 0, 1
(26,20), 0, 1
(26,25), 0, 1
(26,31), 0, 1
(26,51), 0, 1
(26,52), 0, 1
(26,53), 0, 1
(26,66), 0, 1
(26,68), 0, 1
(26,82), 0, 1
(26,89), 0, 1
(26,90), 0, 1
(26,94), 0, 1
(26,97), 0, 1
(26,98), 0, 1
(27,5), 0, 1
(27,11), 0, 1
(27,37), 0, 1
(27,41), 0, 1
(27,44), 0, 1
(27,47), 0, 1
(27,62), 0, 1
(27,81), 0, 1
(27,90), 0, 1
(27,92), 0, 1
(27,95), 0, 1
(27,96), 0, 1
(28,0), 0, 1
(28,15), 0, 1
(28,22), 0, 1
(28,25), 0, 1
(28,27), 0, 1
(28,52), 0, 1
(28,53), 0, 1
(28,68), 0, 1
(28,82), 0, 1
(28,90), 0, 1
(28,94), 0, 1
(28,97), 0, 1
(28,98), 0, 1
(29,90), 0, 1
(30,5), 0, 1
(30,11), 0, 1
(30,37), 0, 1
(30,41), 0, 1
(30,44), 0, 1
(30,47), 0, 1
(30,62), 0, 1
(30,81), 0, 1
(30,90), 0, 1
(30,92), 0, 1
(30,95), 0, 1
(30,96), 0, 1
(31,0), 0, 1
(31,15), 0, 1
(31,22), 0, 1
(31,25), 0, 1
(31,27), 0, 1
(31,51), 0, 1
(31,52), 0, 1
(31,53), 0, 1
(31,66), 0, 1
(31,68), 0, 1
(31,74), 0, 1
(31,82), 0, 1
(31,85), 0, 1
(31,89), 0, 1
(31,94), 0, 1
(31,97), 0, 1
(31,98), 0, 1
(32,0), 0, 1
(32,15), 0, 1
(32,22), 0, 1
(32,25), 0, 1
(32,27), 0, 1
(32,51), 0, 1
(32,52), 0, 1
(32,53), 0, 1
(32,66), 0, 1
(32,68), 0, 1
(32,82), 0, 1
(32,89), 0, 1
(32,90), 0, 1
(32,97), 0, 1
(32,98), 0, 1
(33,0), 0, 1
(33,1), 0, 1
(33,5), 0, 1
(33,6), 0, 1
(33,7), 0, 1
(33,8), 0, 1
(33,9), 0, 1
(33,10), 0, 1
(33,11), 0, 1
(33,12), 0, 1
(33,13), 0, 1
(33,14), 0, 1
(33,15), 0, 1
(33,16), 0, 1
(33,19), 0, 1
(33,21), 0, 1
(33,22), 0, 1
(33,23), 0, 1
(33,25), 0, 1
(33,26), 0, 1
(33,27), 0, 1
(33,28), 0, 1
(33,29), 0, 1
(33,30), 0, 1
(33,32), 0, 1
(33,35), 0, 1
(33,36), 0, 1
(33,37), 0, 1
(33,41), 0, 1
(33,44), 0, 1
(33,45), 0, 1
(33,47), 0, 1
(33,49), 0, 1
(33,50), 0, 1
(33,51), 0, 1
(33,52), 0, 1
(33,54), 0, 1
(33,55), 0, 1
(33,57), 0, 1
(33,58), 0, 1
(33,59), 0, 1
(33,60), 0, 1
(33,61), 0, 1
(33,62), 0, 1
(33,63), 0, 1
(33,64), 0, 1
(33,65), 0, 1
(33,67), 0, 1
(33,68), 0, 1
(33,69), 0, 1
(33,71), 0, 1
(33,72), 0, 1
(33,73), 0, 1
(33,75), 0, 1
(33,76), 0, 1
(33,77), 0, 1
(33,78), 0, 1
(33,79), 0, 1
(33,80), 0, 1
(33,81), 0, 1
(33,82), 0, 1
(33,83), 0, 1
(33,85), 0, 1
(33,86), 0, 1
(33,87), 0, 1
(33,88), 0, 1
(33,89), 0, 1
(33,90), 0, 1
(33,91), 0, 1
(33,92), 0, 1
(33,94), 0, 1
(33,95), 0, 1
(33,97), 0, 1
(34,11), 0, 1
(34,37), 0, 1
(34,41), 0, 1
(34,44), 0, 1
(34,47), 0, 1
(34,62), 0, 1
(34,81), 0, 1
(34,90), 0, 1
(34,92), 0, 1
(34,95), 0, 1
(34,96), 0, 1
(35,0), 0, 1
(35,1), 0, 1
(35,2), 0, 1
(35,5), 0, 1
(35,6), 0, 1
(35,8), 0, 1
(35,10), 0, 1
(35,11), 0, 1
(35,12), 0, 1
(35,13), 0, 1
(35,14), 0, 1
(35,15), 0, 1
(35,16), 0, 1
(35,18), 0, 1
(35,19), 0, 1
(35,21), 0, 1
(35,22), 0, 1
(35,23), 0, 1
(35,25), 0, 1
(35,27), 0, 1
(35,28), 0, 1
(35,29), 0, 1
(35,30), 0, 1
(35,32), 0, 1
(35,36), 0, 1
(35,37), 0, 1
(35,38), 0, 1
(35,41), 0, 1
(35,42), 0, 1
(35,43), 0, 1
(35,44), 0, 1
(35,45), 0, 1
(35,47), 0, 1
(35,49), 0, 1
(35,51), 0, 1
(35,52), 0, 1
(35,53), 0, 1
(35,55), 0, 1
(35,57), 0, 1
(35,59), 0, 1
(35,60), 0, 1
(35,61), 0, 1
(35,62), 0, 1
(35,63), 0, 1
(35,64), 0, 1
(35,65), 0, 1
(35,66), 0, 1
(35,67), 0, 1
(35,68), 0, 1
(35,69), 0, 1
(35,71), 0, 1
(35,72), 0, 1
(35,74), 0, 1
(35,75), 0, 1
(35,76), 0, 1
(35,78), 0, 1
(35,80), 0, 1
(35,81), 0, 1
(35,82), 0, 1
(35,83), 0, 1
(35,85), 0, 1
(35,86), 0, 1
(35,87), 0, 1
(35,88), 0, 1
(35,89), 0, 1
(35,90), 0, 1
(35,91), 0, 1
(35,92), 0, 1
(35,94), 0, 1
(35,95), 0, 1
(35,96), 0, 1
(35,97), 0, 1
(35,98), 0, 1
(36,5), 0, 1
(36,11), 0, 1
(36,17), 0, 1
(36,37), 0, 1
(36,44), 0, 1
(36,47), 0, 1
(36,81), 0, 1
(36,90), 0, 1
(36,92), 0, 1
(36,96), 0, 1
(37,0), 0, 1
(37,15), 0, 1
(37,22), 0, 1
(37,25), 0, 1
(37,27), 0, 1
(37,51), 0, 1
(37,52), 0, 1
(37,53), 0, 1
(37,66), 0, 1
(37,68), 0, 1
(37,82), 0, 1
(37,89), 0, 1
(37,90), 0, 1
(37,94), 0, 1
(37,97), 0, 1
(37,98), 0, 1
(38,0), 0, 1
(38,1), 0, 1
(38,5), 0, 1
(38,6), 0, 1
(38,7), 0, 1
(38,8), 0, 1
(38,9), 0, 1
(38,11), 0, 1
(38,12), 0, 1
(38,13), 0, 1
(38,15), 0, 1
(38,16), 0, 1
(38,18), 0, 1
(38,21), 0, 1
(38,23), 0, 1
(38,25), 0, 1
(38,26), 0, 1
(38,27), 0, 1
(38,28), 0, 1
(38,29), 0, 1
(38,30), 0, 1
(38,32), 0, 1
(38,35), 0, 1
(38,36), 0, 1
(38,37), 0, 1
(38,41), 0, 1
(38,45), 0, 1
(38,47), 0, 1
(38,49), 0, 1
(38,51), 0, 1
(38,52), 0, 1
(38,53), 0, 1
(38,54), 0, 1
(38,55), 0, 1
(38,57), 0, 1
(38,58), 0, 1
(38,59), 0, 1
(38,61), 0, 1
(38,63), 0, 1
(38,64), 0, 1
(38,65), 0, 1
(38,66), 0, 1
(38,67), 0, 1
(38,68), 0, 1
(38,70), 0, 1
(38,71), 0, 1
(38,72), 0, 1
(38,73), 0, 1
(38,75), 0, 1
(38,76), 0, 1
(38,77), 0, 1
(38,78), 0, 1
(38,80), 0, 1
(38,82), 0, 1
(38,83), 0, 1
(38,85), 0, 1
(38,86), 0, 1
(38,88), 0, 1
(38,89), 0, 1
(38,90), 0, 1
(38,91), 0, 1
(38,92), 0, 1
(38,94), 0, 1
(38,95), 0, 1
(38,96), 0, 1
(38,97), 0, 1
(38,98), 0, 1
(39,1), 0, 1
(39,5), 0, 1
(39,6), 0, 1
(39,7), 0, 1
(39,8), 0, 1
(39,9), 0, 1
(39,10), 0, 1
(39,11), 0, 1
(39,12), 0, 1
(39,13), 0, 1
(39,14), 0, 1
(39,15), 0, 1
(39,17), 0, 1
(39,18), 0, 1
(39,19), 0, 1
(39,21), 0, 1
(39,22), 0, 1
(39,23), 0, 1
(39,25), 0, 1
(39,26), 0, 1
(39,28), 0, 1
(39,29), 0, 1
(39,30), 0, 1
(39,32), 0, 1
(39,35), 0, 1
(39,36), 0, 1
(39,37), 0, 1
(39,38), 0, 1
(39,41), 0, 1
(39,44), 0, 1
(39,45), 0, 1
(39,47), 0, 1
(39,49), 0, 1
(39,50), 0, 1
(39,51), 0, 1
(39,52), 0, 1
(39,54), 0, 1
(39,55), 0, 1
(39,57), 0, 1
(39,59), 0, 1
(39,60), 0, 1
(39,61), 0, 1
(39,62), 0, 1
(39,63), 0, 1
(39,64), 0, 1
(39,65), 0, 1
(39,67), 0, 1
(39,68), 0, 1
(39,69), 0, 1
(39,71), 0, 1
(39,72), 0, 1
(39,73), 0, 1
(39,74), 0, 1
(39,75), 0, 1
(39,76), 0, 1
(39,78), 0, 1
(39,80), 0, 1
(39,81), 0, 1
(39,82), 0, 1
(39,83), 0, 1
(39,84), 0, 1
(39,85), 0, 1
(39,86), 0, 1
(39,88), 0, 1
(39,89), 0, 1
(39,90), 0, 1
(39,91), 0, 1
(39,92), 0, 1
(39,94), 0, 1
(39,95), 0, 1
(39,96), 0, 1
(39,97), 0, 1
(40,5), 0, 1
(40,11), 0, 1
(40,37), 0, 1
(40,41), 0, 1
(40,47), 0, 1
(40,62), 0, 1
(40,81), 0, 1
(40,90), 0, 1
(40,92), 0, 1
(40,95), 0, 1
(40,96), 0, 1
(41,15), 0, 1
(41,22), 0, 1
(41,25), 0, 1
(41,27), 0, 1
(41,51), 0, 1
(41,52), 0, 1
(41,53), 0, 1
(41,66), 0, 1
(41,82), 0, 1
(41,85), 0, 1
(41,89), 0, 1
(41,90), 0, 1
(41,94), 0, 1
(41,97), 0, 1
(41,98), 0, 1
(42,15), 0, 1
(42,24), 0, 1
(42,25), 0, 1
(42,27), 0, 1
(42,51), 0, 1
(42,52), 0, 1
(42,53), 0, 1
(42,68), 0, 1
(42,82), 0, 1
(42,85), 0, 1
(42,89), 0, 1
(42,90), 0, 1
(42,97), 0, 1
(42,98), 0, 1
(43,0), 0, 1
(43,15), 0, 1
(43,22), 0, 1
(43,25), 0, 1
(43,27), 0, 1
(43,51), 0, 1
(43,52), 0, 1
(43,53), 0, 1
(43,66), 0, 1
(43,68), 0, 1
(43,82), 0, 1
(43,85), 0, 1
(43,89), 0, 1
(43,90), 0, 1
(43,94), 0, 1
(43,97), 0, 1
(43,98), 0, 1
(44,0), 0, 1
(44,2), 0, 1
(44,5), 0, 1
(44,6), 0, 1
(44,7), 0, 1
(44,8), 0, 1
(44,9), 0, 1
(44,11), 0, 1
(44,12), 0, 1
(44,13), 0, 1
(44,14), 0, 1
(44,15), 0, 1
(44,18), 0, 1
(44,22), 0, 1
(44,23), 0, 1
(44,25), 0, 1
(44,26), 0, 1
(44,27), 0, 1
(44,28), 0, 1
(44,29), 0, 1
(44,30), 0, 1
(44,31), 0, 1
(44,32), 0, 1
(44,36), 0, 1
(44,37), 0, 1
(44,41), 0, 1
(44,42), 0, 1
(44,43), 0, 1
(44,45), 0, 1
(44,47), 0, 1
(44,49), 0, 1
(44,50), 0, 1
(44,51), 0, 1
(44,52), 0, 1
(44,53), 0, 1
(44,54), 0, 1
(44,57), 0, 1
(44,58), 0, 1
(44,59), 0, 1
(44,60), 0, 1
(44,61), 0, 1
(44,62), 0, 1
(44,63), 0, 1
(44,64), 0, 1
(44,65), 0, 1
(44,66), 0, 1
(44,67), 0, 1
(44,68), 0, 1
(44,70), 0, 1
(44,71), 0, 1
(44,72), 0, 1
(44,73), 0, 1
(44,74), 0, 1
(44,75), 0, 1
(44,76), 0, 1
(44,77), 0, 1
(44,78), 0, 1
(44,79), 0, 1
(44,80), 0, 1
(44,81), 0, 1
(44,82), 0, 1
(44,83), 0, 1
(44,84), 0, 1
(44,86), 0, 1
(44,88), 0, 1
(44,89), 0, 1
(44,90), 0, 1
(44,91), 0, 1
(44,92), 0, 1
(44,94), 0, 1
(44,95), 0, 1
(44,96), 0, 1
(44,97), 0, 1
(44,98), 0, 1
(45,0), 0, 1
(45,2), 0, 1
(45,15), 0, 1
(45,22), 0, 1
(45,25), 0, 1
(45,27), 0, 1
(45,51), 0, 1
(45,52), 0, 1
(45,53), 0, 1
(45,68), 0, 1
(45,82), 0, 1
(45,89), 0, 1
(45,90), 0, 1
(45,94), 0, 1
(45,97), 0, 1
(45,98), 0, 1
(46,5), 0, 1
(46,11), 0, 1
(46,37), 0, 1
(46,44), 0, 1
(46,47), 0, 1
(46,62), 0, 1
(46,81), 0, 1
(46,90), 0, 1
(46,92), 0, 1
(46,95), 0, 1
(46,96), 0, 1
(47,15), 0, 1
(47,25), 0, 1
(47,27), 0, 1
(47,34), 0, 1
(47,51), 0, 1
(47,52), 0, 1
(47,53), 0, 1
(47,66), 0, 1
(47,68), 0, 1
(47,82), 0, 1
(47,85), 0, 1
(47,89), 0, 1
(47,94), 0, 1
(47,97), 0, 1
(48,5), 0, 1
(48,11), 0, 1
(48,37), 0, 1
(48,41), 0, 1
(48,44), 0, 1
(48,47), 0, 1
(48,62), 0, 1
(48,81), 0, 1
(48,90), 0, 1
(48,92), 0, 1
(48,95), 0, 1
(48,96), 0, 1
(49,0), 0, 1
(49,15), 0, 1
(49,22), 0, 1
(49,25), 0, 1
(49,27), 0, 1
(49,51), 0, 1
(49,52), 0, 1
(49,53), 0, 1
(49,66), 0, 1
(49,68), 0, 1
(49,82), 0, 1
(49,85), 0, 1
(49,89), 0, 1
(49,90), 0, 1
(49,94), 0, 1
(49,97), 0, 1
(49,98), 0, 1
(50,15), 0, 1
(50,22), 0, 1
(50,25), 0, 1
(50,31), 0, 1
(50,51), 0, 1
(50,52), 0, 1
(50,66), 0, 1
(50,68), 0, 1
(50,85), 0, 1
(50,89), 0, 1
(50,90), 0, 1
(50,94), 0, 1
(50,97), 0, 1
(51,5), 0, 1
(51,11), 0, 1
(51,37), 0, 1
(51,41), 0, 1
(51,44), 0, 1
(51,47), 0, 1
(51,62), 0, 1
(51,81), 0, 1
(51,90), 0, 1
(51,92), 0, 1
(51,95), 0, 1
(51,96), 0, 1
(52,90), 0, 1
(53,5), 0, 1
(53,37), 0, 1
(53,41), 0, 1
(53,44), 0, 1
(53,47), 0, 1
(53,62), 0, 1
(53,81), 0, 1
(53,90), 0, 1
(53,92), 0, 1
(53,95), 0, 1
(53,96), 0, 1
(54,0), 0, 1
(54,15), 0, 1
(54,22), 0, 1
(54,25), 0, 1
(54,51), 0, 1
(54,52), 0, 1
(54,66), 0, 1
(54,68), 0, 1
(54,74), 0, 1
(54,82), 0, 1
(54,85), 0, 1
(54,90), 0, 1
(54,94), 0, 1
(54,97), 0, 1
(54,98), 0, 1
(55,0), 0, 1
(55,15), 0, 1
(55,22), 0, 1
(55,25), 0, 1
(55,38), 0, 1
(55,51), 0, 1
(55,52), 0, 1
(55,53), 0, 1
(55,66), 0, 1
(55,68), 0, 1
(55,82), 0, 1
(55,85), 0, 1
(55,89), 0, 1
(55,90), 0, 1
(55,94), 0, 1
(55,97), 0, 1
(55,98), 0, 1
(56,90), 0, 1
(57,0), 0, 1
(57,15), 0, 1
(57,22), 0, 1
(57,25), 0, 1
(57,27), 0, 1
(57,51), 0, 1
(57,52), 0, 1
(57,53), 0, 1
(57,68), 0, 1
(57,82), 0, 1
(57,85), 0, 1
(57,89), 0, 1
(57,90), 0, 1
(57,94), 0, 1
(57,98), 0, 1
(58,0), 0, 1
(58,15), 0, 1
(58,22), 0, 1
(58,25), 0, 1
(58,27), 0, 1
(58,38), 0, 1
(58,51), 0, 1
(58,52), 0, 1
(58,53), 0, 1
(58,68), 0, 1
(58,82), 0, 1
(58,89), 0, 1
(58,90), 0, 1
(58,94), 0, 1
(58,97), 0, 1
(58,98), 0, 1
(59,5), 0, 1
(59,11), 0, 1
(59,37), 0, 1
(59,41), 0, 1
(59,47), 0, 1
(59,62), 0, 1
(59,81), 0, 1
(59,90), 0, 1
(59,92), 0, 1
(59,95), 0, 1
(59,96), 0, 1
(60,15), 0, 1
(60,22), 0, 1
(60,25), 0, 1
(60,27), 0, 1
(60,51), 0, 1
(60,52), 0, 1
(60,53), 0, 1
(60,66), 0, 1
(60,68), 0, 1
(60,82), 0, 1
(60,89), 0, 1
(60,90), 0, 1
(60,94), 0, 1
(60,97), 0, 1
(61,15), 0, 1
(61,22), 0, 1
(61,25), 0, 1
(61,27), 0, 1
(61,51), 0, 1
(61,52), 0, 1
(61,53), 0, 1
(61,66), 0, 1
(61,68), 0, 1
(61,82), 0, 1
(61,85), 0, 1
(61,89), 0, 1
(61,90), 0, 1
(61,94), 0, 1
(61,97), 0, 1
(61,98), 0, 1
(62,15), 0, 1
(62,22), 0, 1
(62,25), 0, 1
(62,27), 0, 1
(62,51), 0, 1
(62,52), 0, 1
(62,53), 0, 1
(62,66), 0, 1
(62,68), 0, 1
(62,82), 0, 1
(62,85), 0, 1
(62,89), 0, 1
(62,90), 0, 1
(62,94), 0, 1
(62,97), 0, 1
(62,98), 0, 1
(63,5), 0, 1
(63,11), 0, 1
(63,37), 0, 1
(63,44), 0, 1
(63,47), 0, 1
(63,62), 0, 1
(63,81), 0, 1
(63,90), 0, 1
(63,92), 0, 1
(63,95), 0, 1
(63,96), 0, 1
(64,0), 0, 1
(64,15), 0, 1
(64,22), 0, 1
(64,25), 0, 1
(64,27), 0, 1
(64,38), 0, 1
(64,52), 0, 1
(64,53), 0, 1
(64,66), 0, 1
(64,68), 0, 1
(64,82), 0, 1
(64,89), 0, 1
(64,90), 0, 1
(64,94), 0, 1
(64,97), 0, 1
(64,98), 0, 1
(65,0), 0, 1
(65,15), 0, 1
(65,22), 0, 1
(65,25), 0, 1
(65,27), 0, 1
(65,51), 0, 1
(65,52), 0, 1
(65,53), 0, 1
(65,66), 0, 1
(65,68), 0, 1
(65,82), 0, 1
(65,85), 0, 1
(65,89), 0, 1
(65,90), 0, 1
(65,94), 0, 1
(65,97), 0, 1
(65,98), 0, 1
(66,5), 0, 1
(66,11), 0, 1
(66,37), 0, 1
(66,41), 0, 1
(66,44), 0, 1
(66,47), 0, 1
(66,62), 0, 1
(66,81), 0, 1
(66,92), 0, 1
(66,95), 0, 1
(66,96), 0, 1
(67,0), 0, 1
(67,15), 0, 1
(67,22), 0, 1
(67,25), 0, 1
(67,27), 0, 1
(67,34), 0, 1
(67,51), 0, 1
(67,52), 0, 1
(67,53), 0, 1
(67,66), 0, 1
(67,68), 0, 1
(67,82), 0, 1
(67,85), 0, 1
(67,89), 0, 1
(67,90), 0, 1
(67,94), 0, 1
(67,97), 0, 1
(67,98), 0, 1
(68,0), 0, 1
(68,15), 0, 1
(68,20), 0, 1
(68,22), 0, 1
(68,25), 0, 1
(68,27), 0, 1
(68,31), 0, 1
(68,51), 0, 1
(68,52), 0, 1
(68,53), 0, 1
(68,66), 0, 1
(68,82), 0, 1
(68,89), 0, 1
(68,94), 0, 1
(68,97), 0, 1
(68,98), 0, 1
(69,5), 0, 1
(69,11), 0, 1
(69,37), 0, 1
(69,41), 0, 1
(69,44), 0, 1
(69,62), 0, 1
(69,81), 0, 1
(69,90), 0, 1
(69,92), 0, 1
(69,95), 0, 1
(69,96), 0, 1
(70,5), 0, 1
(70,11), 0, 1
(70,37), 0, 1
(70,41), 0, 1
(70,44), 0, 1
(70,47), 0, 1
(70,62), 0, 1
(70,81), 0, 1
(70,92), 0, 1
(70,95), 0, 1
(70,96), 0, 1
(71,5), 0, 1
(71,11), 0, 1
(71,37), 0, 1
(71,41), 0, 1
(71,44), 0, 1
(71,47), 0, 1
(71,62), 0, 1
(71,81), 0, 1
(71,90), 0, 1
(71,92), 0, 1
(71,95), 0, 1
(71,96), 0, 1
(72,5), 0, 1
(72,11), 0, 1
(72,37), 0, 1
(72,41), 0, 1
(72,44), 0, 1
(72,47), 0, 1
(72,70), 0, 1
(72,81), 0, 1
(72,90), 0, 1
(72,92), 0, 1
(72,95), 0, 1
(72,96), 0, 1
(73,15), 0, 1
(73,22), 0, 1
(73,25), 0, 1
(73,27), 0, 1
(73,51), 0, 1
(73,52), 0, 1
(73,53), 0, 1
(73,66), 0, 1
(73,68), 0, 1
(73,82), 0, 1
(73,85), 0, 1
(73,89), 0, 1
(73,90), 0, 1
(73,97), 0, 1
(73,98), 0, 1
(74,0), 0, 1
(74,1), 0, 1
(74,5), 0, 1
(74,6), 0, 1
(74,7), 0, 1
(74,8), 0, 1
(74,9), 0, 1
(74,10), 0, 1
(74,11), 0, 1
(74,12), 0, 1
(74,14), 0, 1
(74,15), 0, 1
(74,16), 0, 1
(74,18), 0, 1
(74,19), 0, 1
(74,21), 0, 1
(74,22), 0, 1
(74,23), 0, 1
(74,25), 0, 1
(74,26), 0, 1
(74,27), 0, 1
(74,29), 0, 1
(74,30), 0, 1
(74,32), 0, 1
(74,35), 0, 1
(74,36), 0, 1
(74,37), 0, 1
(74,41), 0, 1
(74,44), 0, 1
(74,45), 0, 1
(74,47), 0, 1
(74,49), 0, 1
(74,50), 0, 1
(74,51), 0, 1
(74,52), 0, 1
(74,53), 0, 1
(74,54), 0, 1
(74,55), 0, 1
(74,57), 0, 1
(74,58), 0, 1
(74,59), 0, 1
(74,60), 0, 1
(74,61), 0, 1
(74,63), 0, 1
(74,64), 0, 1
(74,65), 0, 1
(74,67), 0, 1
(74,68), 0, 1
(74,71), 0, 1
(74,72), 0, 1
(74,73), 0, 1
(74,75), 0, 1
(74,77), 0, 1
(74,78), 0, 1
(74,79), 0, 1
(74,80), 0, 1
(74,81), 0, 1
(74,82), 0, 1
(74,83), 0, 1
(74,85), 0, 1
(74,86), 0, 1
(74,87), 0, 1
(74,88), 0, 1
(74,89), 0, 1
(74,90), 0, 1
(74,91), 0, 1
(74,92), 0, 1
(74,94), 0, 1
(74,95), 0, 1
(74,96), 0, 1
(74,97), 0, 1
(74,98), 0, 1
(75,0), 0, 1
(75,15), 0, 1
(75,22), 0, 1
(75,25), 0, 1
(75,27), 0, 1
(75,42), 0, 1
(75,51), 0, 1
(75,52), 0, 1
(75,53), 0, 1
(75,66), 0, 1
(75,82), 0, 1
(75,85), 0, 1
(75,89), 0, 1
(75,90), 0, 1
(75,94), 0, 1
(75,97), 0, 1
(75,98), 0, 1
(76,5), 0, 1
(76,11), 0, 1
(76,37), 0, 1
(76,41), 0, 1
(76,44), 0, 1
(76,47), 0, 1
(76,62), 0, 1
(76,81), 0, 1
(76,90), 0, 1
(76,92), 0, 1
(76,95), 0, 1
(76,96), 0, 1
(77,0), 0, 1
(77,15), 0, 1
(77,22), 0, 1
(77,27), 0, 1
(77,51), 0, 1
(77,52), 0, 1
(77,53), 0, 1
(77,66), 0, 1
(77,68), 0, 1
(77,82), 0, 1
(77,85), 0, 1
(77,89), 0, 1
(77,90), 0, 1
(77,94), 0, 1
(77,97), 0, 1
(77,98), 0, 1
(78,0), 0, 1
(78,15), 0, 1
(78,22), 0, 1
(78,51), 0, 1
(78,52), 0, 1
(78,53), 0, 1
(78,66), 0, 1
(78,68), 0, 1
(78,82), 0, 1
(78,90), 0, 1
(78,94), 0, 1
(78,97), 0, 1
(78,98), 0, 1
(79,5), 0, 1
(79,11), 0, 1
(79,41), 0, 1
(79,44), 0, 1
(79,47), 0, 1
(79,62), 0, 1
(79,81), 0, 1
(79,90), 0, 1
(79,92), 0, 1
(79,95), 0, 1
(79,96), 0, 1
(80,15), 0, 1
(80,25), 0, 1
(80,27), 0, 1
(80,38), 0, 1
(80,51), 0, 1
(80,52), 0, 1
(80,53), 0, 1
(80,66), 0, 1
(80,68), 0, 1
(80,82), 0, 1
(80,85), 0, 1
(80,89), 0, 1
(80,94), 0, 1
(80,97), 0, 1
(80,98), 0, 1
(81,0), 0, 1
(81,15), 0, 1
(81,25), 0, 1
(81,27), 0, 1
(81,34), 0, 1
(81,51), 0, 1
(81,52), 0, 1
(81,53), 0, 1
(81,66), 0, 1
(81,68), 0, 1
(81,82), 0, 1
(81,85), 0, 1
(81,89), 0, 1
(81,90), 0, 1
(81,94), 0, 1
(81,97), 0, 1
(81,98), 0, 1
(82,5), 0, 1
(82,11), 0, 1
(82,37), 0, 1
(82,41), 0, 1
(82,44), 0, 1
(82,47), 0, 1
(82,62), 0, 1
(82,81), 0, 1
(82,90), 0, 1
(82,92), 0, 1
(82,95), 0, 1
(82,96), 0, 1
(83,11), 0, 1
(83,37), 0, 1
(83,41), 0, 1
(83,44), 0, 1
(83,47), 0, 1
(83,62), 0, 1
(83,81), 0, 1
(83,90), 0, 1
(83,95), 0, 1
(84,1), 0, 1
(84,5), 0, 1
(84,6), 0, 1
(84,7), 0, 1
(84,8), 0, 1
(84,9), 0, 1
(84,10), 0, 1
(84,11), 0, 1
(84,12), 0, 1
(84,13), 0, 1
(84,14), 0, 1
(84,16), 0, 1
(84,18), 0, 1
(84,21), 0, 1
(84,22), 0, 1
(84,23), 0, 1
(84,25), 0, 1
(84,26), 0, 1
(84,27), 0, 1
(84,29), 0, 1
(84,32), 0, 1
(84,35), 0, 1
(84,36), 0, 1
(84,37), 0, 1
(84,41), 0, 1
(84,44), 0, 1
(84,45), 0, 1
(84,47), 0, 1
(84,49), 0, 1
(84,50), 0, 1
(84,51), 0, 1
(84,53), 0, 1
(84,54), 0, 1
(84,55), 0, 1
(84,57), 0, 1
(84,58), 0, 1
(84,59), 0, 1
(84,60), 0, 1
(84,61), 0, 1
(84,62), 0, 1
(84,63), 0, 1
(84,64), 0, 1
(84,65), 0, 1
(84,66), 0, 1
(84,67), 0, 1
(84,68), 0, 1
(84,69), 0, 1
(84,71), 0, 1
(84,72), 0, 1
(84,73), 0, 1
(84,75), 0, 1
(84,76), 0, 1
(84,78), 0, 1
(84,80), 0, 1
(84,81), 0, 1
(84,82), 0, 1
(84,83), 0, 1
(84,86), 0, 1
(84,88), 0, 1
(84,89), 0, 1
(84,90), 0, 1
(84,91), 0, 1
(84,92), 0, 1
(84,93), 0, 1
(84,94), 0, 1
(84,95), 0, 1
(84,96), 0, 1
(84,97), 0, 1
(84,98), 0, 1
(85,15), 0, 1
(85,22), 0, 1
(85,25), 0, 1
(85,27), 0, 1
(85,51), 0, 1
(85,52), 0, 1
(85,53), 0, 1
(85,66), 0, 1
(85,68), 0, 1
(85,82), 0, 1
(85,89), 0, 1
(85,90), 0, 1
(85,94), 0, 1
(85,97), 0, 1
(85,98), 0, 1
(86,5), 0, 1
(86,11), 0, 1
(86,37), 0, 1
(86,41), 0, 1
(86,44), 0, 1
(86,47), 0, 1
(86,81), 0, 1
(86,90), 0, 1
(86,92), 0, 1
(86,95), 0, 1
(86,96), 0, 1
(87,5), 0, 1
(87,11), 0, 1
(87,37), 0, 1
(87,41), 0, 1
(87,47), 0, 1
(87,62), 0, 1
(87,81), 0, 1
(87,90), 0, 1
(87,92), 0, 1
(87,95), 0, 1
(87,96), 0, 1
(88,5), 0, 1
(88,11), 0, 1
(88,37), 0, 1
(88,41), 0, 1
(88,44), 0, 1
(88,47), 0, 1
(88,62), 0, 1
(88,81), 0, 1
(88,90), 0, 1
(88,92), 0, 1
(88,95), 0, 1
(88,96), 0, 1
(89,5), 0, 1
(89,11), 0, 1
(89,17), 0, 1
(89,37), 0, 1
(89,41), 0, 1
(89,44), 0, 1
(89,47), 0, 1
(89,62), 0, 1
(89,90), 0, 1
(89,92), 0, 1
(89,95), 0, 1
(89,96), 0, 1
(90,0), 0, 1
(90,1), 0, 1
(90,5), 0, 1
(90,6), 0, 1
(90,7), 0, 1
(90,8), 0, 1
(90,9), 0, 1
(90,10), 0, 1
(90,11), 0, 1
(90,12), 0, 1
(90,15), 0, 1
(90,16), 0, 1
(90,18), 0, 1
(90,21), 0, 1
(90,23), 0, 1
(90,26), 0, 1
(90,27), 0, 1
(90,28), 0, 1
(90,29), 0, 1
(90,30), 0, 1
(90,32), 0, 1
(90,35), 0, 1
(90,36), 0, 1
(90,37), 0, 1
(90,41), 0, 1
(90,44), 0, 1
(90,45), 0, 1
(90,49), 0, 1
(90,50), 0, 1
(90,51), 0, 1
(90,52), 0, 1
(90,53), 0, 1
(90,54), 0, 1
(90,55), 0, 1
(90,57), 0, 1
(90,58), 0, 1
(90,59), 0, 1
(90,60), 0, 1
(90,61), 0, 1
(90,62), 0, 1
(90,63), 0, 1
(90,65), 0, 1
(90,67), 0, 1
(90,68), 0, 1
(90,72), 0, 1
(90,75), 0, 1
(90,76), 0, 1
(90,80), 0, 1
(90,81), 0, 1
(90,82), 0, 1
(90,83), 0, 1
(90,84), 0, 1
(90,85), 0, 1
(90,88), 0, 1
(90,89), 0, 1
(90,91), 0, 1
(90,92), 0, 1
(90,94), 0, 1
(90,95), 0, 1
(90,96), 0, 1
(90,97), 0, 1
(90,98), 0, 1
(91,90), 0, 1
(92,90), 0, 1
(93,0), 0, 1
(93,15), 0, 1
(93,25), 0, 1
(93,27), 0, 1
(93,42), 0, 1
(93,51), 0, 1
(93,52), 0, 1
(93,53), 0, 1
(93,66), 0, 1
(93,68), 0, 1
(93,74), 0, 1
(93,82), 0, 1
(93,85), 0, 1
(93,90), 0, 1
(93,94), 0, 1
(93,97), 0, 1
(94,90), 0, 1
(95,0), 0, 1
(95,15), 0, 1
(95,25), 0, 1
(95,27), 0, 1
(95,51), 0, 1
(95,52), 0, 1
(95,68), 0, 1
(95,82), 0, 1
(95,85), 0, 1
(95,89), 0, 1
(95,90), 0, 1
(95,97), 0, 1
(95,98), 0, 1
(96,0), 0, 1
(96,2), 0, 1
(96,15), 0, 1
(96,22), 0, 1
(96,25), 0, 1
(96,51), 0, 1
(96,52), 0, 1
(96,53), 0, 1
(96,66), 0, 1
(96,68), 0, 1
(96,82), 0, 1
(96,85), 0, 1
(96,90), 0, 1
(96,97), 0, 1
(96,98), 0, 1
(97,0), 0, 1
(97,1), 0, 1
(97,4), 0, 1
(97,5), 0, 1
(97,6), 0, 1
(97,7), 0, 1
(97,8), 0, 1
(97,9), 0, 1
(97,10), 0, 1
(97,11), 0, 1
(97,12), 0, 1
(97,14), 0, 1
(97,15), 0, 1
(97,16), 0, 1
(97,18), 0, 1
(97,19), 0, 1
(97,21), 0, 1
(97,22), 0, 1
(97,23), 0, 1
(97,24), 0, 1
(97,26), 0, 1
(97,27), 0, 1
(97,28), 0, 1
(97,29), 0, 1
(97,30), 0, 1
(97,32), 0, 1
(97,36), 0, 1
(97,37), 0, 1
(97,41), 0, 1
(97,44), 0, 1
(97,45), 0, 1
(97,47), 0, 1
(97,48), 0, 1
(97,49), 0, 1
(97,50), 0, 1
(97,51), 0, 1
(97,52), 0, 1
(97,53), 0, 1
(97,54), 0, 1
(97,55), 0, 1
(97,57), 0, 1
(97,58), 0, 1
(97,59), 0, 1
(97,60), 0, 1
(97,61), 0, 1
(97,63), 0, 1
(97,65), 0, 1
(97,67), 0, 1
(97,68), 0, 1
(97,71), 0, 1
(97,72), 0, 1
(97,73), 0, 1
(97,75), 0, 1
(97,76), 0, 1
(97,78), 0, 1
(97,80), 0, 1
(97,81), 0, 1
(97,82), 0, 1
(97,83), 0, 1
(97,84), 0, 1
(97,85), 0, 1
(97,86), 0, 1
(97,87), 0, 1
(97,88), 0, 1
(97,89), 0, 1
(97,90), 0, 1
(97,91), 0, 1
(97,92), 0, 1
(97,94), 0, 1
(97,95), 0, 1
(97,96), 0, 1
(97,98), 0, 1
(98,2), 0, 1
(98,15), 0, 1
(98,22), 0, 1
(98,25), 0, 1
(98,27), 0, 1
(98,51), 0, 1
(98,52), 0, 1
(98,68), 0, 1
(98,82), 0, 1
(98,89), 0, 1
(98,90), 0, 1
(98,94), 0, 1
(98,97), 0, 1
(99,0), 0, 1
(99,15), 0, 1
(99,22), 0, 1
(99,25), 0, 1
(99,27), 0, 1
(99,51), 0, 1
(99,52), 0, 1
(99,53), 0, 1
(99,82), 0, 1
(99,85), 0, 1
(99,89), 0, 1
(99,90), 0, 1
(99,94), 0, 1
(99,97), 0, 1
(99,98), 0, 1
