Nr_Pairs = 99
Nr_NDD = 1
Nr_Arcs = 2783
0	0.28
1	0.5
2	0.5
3	0.28
4	0.10
5	0.10
6	0.28
7	0.10
8	0.28
9	0.10
10	0.90
11	0.5
12	0.90
13	0.92
14	0.92
15	0.28
16	0.5
17	0.5
18	0.5
19	0.5
20	0.5
21	0.5
22	0.5
23	0.5
24	0.5
25	0.5
26	0.5
27	0.5
28	0.5
29	0.5
30	0.28
31	0.5
32	0.28
33	0.5
34	0.5
35	0.5
36	0.32
37	0.5
38	0.32
39	0.90
40	0.28
41	0.5
42	0.28
43	0.28
44	0.10
45	0.92
46	0.92
47	0.5
48	0.5
49	0.5
50	0.5
51	0.90
52	0.92
53	0.5
54	0.28
55	0.5
56	0.5
57	0.5
58	0.5
59	0.5
60	0.28
61	0.5
62	0.5
63	0.5
64	0.5
65	0.5
66	0.28
67	0.10
68	0.32
69	0.10
70	0.5
71	0.5
72	0.5
73	0.5
74	0.90
75	0.10
76	0.92
77	0.10
78	0.5
79	0.5
80	0.92
81	0.5
82	0.5
83	0.5
84	0.32
85	0.5
86	0.5
87	0.10
88	0.32
89	0.10
90	0.92
91	0.90
92	0.5
93	0.28
94	0.5
95	0.5
96	0.92
97	0.32
98	0.10
99	0.0
(0,2), 0, 1
(0,4), 0, 1
(0,5), 0, 1
(0,18), 0, 1
(0,20), 0, 1
(0,34), 0, 1
(0,48), 0, 1
(0,50), 0, 1
(0,56), 0, 1
(0,58), 0, 1
(0,70), 0, 1
(0,73), 0, 1
(0,92), 0, 1
(1,3), 0, 1
(1,7), 0, 1
(1,10), 0, 1
(1,11), 0, 1
(1,15), 0, 1
(1,27), 0, 1
(1,32), 0, 1
(1,40), 0, 1
(1,42), 0, 1
(1,43), 0, 1
(1,47), 0, 1
(1,49), 0, 1
(1,53), 0, 1
(1,59), 0, 1
(1,60), 0, 1
(1,69), 0, 1
(1,82), 0, 1
(1,86), 0, 1
(1,87), 0, 1
(1,88), 0, 1
(2,3), 0, 1
(2,7), 0, 1
(2,15), 0, 1
(2,27), 0, 1
(2,30), 0, 1
(2,32), 0, 1
(2,40), 0, 1
(2,42), 0, 1
(2,43), 0, 1
(2,47), 0, 1
(2,49), 0, 1
(2,53), 0, 1
(2,60), 0, 1
(2,68), 0, 1
(2,69), 0, 1
(2,82), 0, 1
(2,86), 0, 1
(2,87), 0, 1
(2,97), 0, 1
(3,1), 0, 1
(3,2), 0, 1
(3,4), 0, 1
(3,7), 0, 1
(3,8), 0, 1
(3,9), 0, 1
(3,11), 0, 1
(3,12), 0, 1
(3,15), 0, 1
(3,16), 0, 1
(3,17), 0, 1
(3,18), 0, 1
(3,19), 0, 1
(3,20), 0, 1
(3,21), 0, 1
(3,22), 0, 1
(3,23), 0, 1
(3,24), 0, 1
(3,25), 0, 1
(3,26), 0, 1
(3,27), 0, 1
(3,28), 0, 1
(3,29), 0, 1
(3,30), 0, 1
(3,31), 0, 1
(3,32), 0, 1
(3,33), 0, 1
(3,34), 0, 1
(3,35), 0, 1
(3,36), 0, 1
(3,37), 0, 1
(3,38), 0, 1
(3,40), 0, 1
(3,41), 0, 1
(3,42), 0, 1
(3,43), 0, 1
(3,47), 0, 1
(3,48), 0, 1
(3,49), 0, 1
(3,50), 0, 1
(3,53), 0, 1
(3,55), 0, 1
(3,56), 0, 1
(3,57), 0, 1
(3,58), 0, 1
(3,59), 0, 1
(3,60), 0, 1
(3,61), 0, 1
(3,62), 0, 1
(3,63), 0, 1
(3,64), 0, 1
(3,65), 0, 1
(3,66), 0, 1
(3,67), 0, 1
(3,70), 0, 1
(3,71), 0, 1
(3,72), 0, 1
(3,73), 0, 1
(3,75), 0, 1
(3,77), 0, 1
(3,78), 0, 1
(3,79), 0, 1
(3,81), 0, 1
(3,82), 0, 1
(3,83), 0, 1
(3,85), 0, 1
(3,86), 0, 1
(3,87), 0, 1
(3,89), 0, 1
(3,90), 0, 1
(3,92), 0, 1
(3,93), 0, 1
(3,94), 0, 1
(3,95), 0, 1
(3,96), 0, 1
(3,97), 0, 1
(3,98), 0, 1
(4,3), 0, 1
(4,7), 0, 1
(4,11), 0, 1
(4,15), 0, 1
(4,27), 0, 1
(4,32), 0, 1
(4,47), 0, 1
(4,49), 0, 1
(4,53), 0, 1
(4,60), 0, 1
(4,68), 0, 1
(4,69), 0, 1
(4,82), 0, 1
(4,86), 0, 1
(4,90), 0, 1
(5,3), 0, 1
(5,7), 0, 1
(5,11), 0, 1
(5,27), 0, 1
(5,30), 0, 1
(5,32), 0, 1
(5,40), 0, 1
(5,42), 0, 1
(5,43), 0, 1
(5,47), 0, 1
(5,49), 0, 1
(5,53), 0, 1
(5,59), 0, 1
(5,60), 0, 1
(5,68), 0, 1
(5,69), 0, 1
(5,82), 0, 1
(5,86), 0, 1
(5,87), 0, 1
(5,88), 0, 1
(6,3), 0, 1
(6,7), 0, 1
(6,11), 0, 1
(6,15), 0, 1
(6,30), 0, 1
(6,32), 0, 1
(6,40), 0, 1
(6,47), 0, 1
(6,49), 0, 1
(6,53), 0, 1
(6,59), 0, 1
(6,60), 0, 1
(6,69), 0, 1
(6,82), 0, 1
(6,86), 0, 1
(6,87), 0, 1
(7,0), 0, 1
(7,2), 0, 1
(7,4), 0, 1
(7,5), 0, 1
(7,18), 0, 1
(7,20), 0, 1
(7,34), 0, 1
(7,48), 0, 1
(7,50), 0, 1
(7,52), 0, 1
(7,56), 0, 1
(7,58), 0, 1
(7,70), 0, 1
(7,73), 0, 1
(7,92), 0, 1
(8,2), 0, 1
(8,4), 0, 1
(8,5), 0, 1
(8,6), 0, 1
(8,7), 0, 1
(8,9), 0, 1
(8,11), 0, 1
(8,15), 0, 1
(8,16), 0, 1
(8,17), 0, 1
(8,18), 0, 1
(8,19), 0, 1
(8,20), 0, 1
(8,21), 0, 1
(8,22), 0, 1
(8,23), 0, 1
(8,24), 0, 1
(8,25), 0, 1
(8,26), 0, 1
(8,27), 0, 1
(8,28), 0, 1
(8,29), 0, 1
(8,30), 0, 1
(8,31), 0, 1
(8,32), 0, 1
(8,34), 0, 1
(8,35), 0, 1
(8,37), 0, 1
(8,41), 0, 1
(8,42), 0, 1
(8,43), 0, 1
(8,44), 0, 1
(8,47), 0, 1
(8,48), 0, 1
(8,49), 0, 1
(8,50), 0, 1
(8,51), 0, 1
(8,53), 0, 1
(8,54), 0, 1
(8,55), 0, 1
(8,56), 0, 1
(8,57), 0, 1
(8,58), 0, 1
(8,59), 0, 1
(8,60), 0, 1
(8,61), 0, 1
(8,62), 0, 1
(8,63), 0, 1
(8,64), 0, 1
(8,65), 0, 1
(8,67), 0, 1
(8,68), 0, 1
(8,70), 0, 1
(8,71), 0, 1
(8,72), 0, 1
(8,73), 0, 1
(8,75), 0, 1
(8,78), 0, 1
(8,79), 0, 1
(8,81), 0, 1
(8,82), 0, 1
(8,83), 0, 1
(8,84), 0, 1
(8,85), 0, 1
(8,86), 0, 1
(8,87), 0, 1
(8,93), 0, 1
(8,94), 0, 1
(8,95), 0, 1
(8,97), 0, 1
(8,98), 0, 1
(9,7), 0, 1
(9,11), 0, 1
(9,15), 0, 1
(9,27), 0, 1
(9,30), 0, 1
(9,32), 0, 1
(9,40), 0, 1
(9,42), 0, 1
(9,43), 0, 1
(9,47), 0, 1
(9,49), 0, 1
(9,53), 0, 1
(9,59), 0, 1
(9,68), 0, 1
(9,69), 0, 1
(9,82), 0, 1
(9,86), 0, 1
(9,87), 0, 1
(9,88), 0, 1
(9,97), 0, 1
(10,0), 0, 1
(10,2), 0, 1
(10,4), 0, 1
(10,5), 0, 1
(10,18), 0, 1
(10,20), 0, 1
(10,34), 0, 1
(10,50), 0, 1
(10,56), 0, 1
(10,58), 0, 1
(10,70), 0, 1
(10,73), 0, 1
(10,74), 0, 1
(10,92), 0, 1
(12,3), 0, 1
(12,7), 0, 1
(12,11), 0, 1
(12,27), 0, 1
(12,32), 0, 1
(12,39), 0, 1
(12,42), 0, 1
(12,47), 0, 1
(12,49), 0, 1
(12,52), 0, 1
(12,53), 0, 1
(12,59), 0, 1
(12,60), 0, 1
(12,68), 0, 1
(12,69), 0, 1
(12,82), 0, 1
(12,86), 0, 1
(12,87), 0, 1
(12,88), 0, 1
(12,97), 0, 1
(13,0), 0, 1
(13,1), 0, 1
(13,2), 0, 1
(13,3), 0, 1
(13,4), 0, 1
(13,6), 0, 1
(13,7), 0, 1
(13,9), 0, 1
(13,11), 0, 1
(13,16), 0, 1
(13,17), 0, 1
(13,18), 0, 1
(13,19), 0, 1
(13,20), 0, 1
(13,21), 0, 1
(13,22), 0, 1
(13,23), 0, 1
(13,24), 0, 1
(13,25), 0, 1
(13,26), 0, 1
(13,27), 0, 1
(13,28), 0, 1
(13,29), 0, 1
(13,31), 0, 1
(13,33), 0, 1
(13,34), 0, 1
(13,35), 0, 1
(13,36), 0, 1
(13,37), 0, 1
(13,38), 0, 1
(13,40), 0, 1
(13,41), 0, 1
(13,42), 0, 1
(13,43), 0, 1
(13,44), 0, 1
(13,47), 0, 1
(13,48), 0, 1
(13,49), 0, 1
(13,50), 0, 1
(13,53), 0, 1
(13,54), 0, 1
(13,55), 0, 1
(13,56), 0, 1
(13,57), 0, 1
(13,58), 0, 1
(13,59), 0, 1
(13,61), 0, 1
(13,62), 0, 1
(13,63), 0, 1
(13,64), 0, 1
(13,65), 0, 1
(13,67), 0, 1
(13,68), 0, 1
(13,69), 0, 1
(13,70), 0, 1
(13,71), 0, 1
(13,72), 0, 1
(13,75), 0, 1
(13,77), 0, 1
(13,78), 0, 1
(13,81), 0, 1
(13,82), 0, 1
(13,83), 0, 1
(13,84), 0, 1
(13,85), 0, 1
(13,86), 0, 1
(13,87), 0, 1
(13,88), 0, 1
(13,89), 0, 1
(13,92), 0, 1
(13,93), 0, 1
(13,94), 0, 1
(13,95), 0, 1
(13,97), 0, 1
(13,98), 0, 1
(14,0), 0, 1
(14,1), 0, 1
(14,2), 0, 1
(14,4), 0, 1
(14,5), 0, 1
(14,6), 0, 1
(14,7), 0, 1
(14,8), 0, 1
(14,9), 0, 1
(14,10), 0, 1
(14,11), 0, 1
(14,15), 0, 1
(14,16), 0, 1
(14,17), 0, 1
(14,18), 0, 1
(14,19), 0, 1
(14,20), 0, 1
(14,21), 0, 1
(14,22), 0, 1
(14,24), 0, 1
(14,25), 0, 1
(14,26), 0, 1
(14,27), 0, 1
(14,28), 0, 1
(14,29), 0, 1
(14,30), 0, 1
(14,31), 0, 1
(14,32), 0, 1
(14,33), 0, 1
(14,34), 0, 1
(14,35), 0, 1
(14,36), 0, 1
(14,37), 0, 1
(14,40), 0, 1
(14,41), 0, 1
(14,42), 0, 1
(14,43), 0, 1
(14,44), 0, 1
(14,47), 0, 1
(14,48), 0, 1
(14,49), 0, 1
(14,50), 0, 1
(14,53), 0, 1
(14,54), 0, 1
(14,55), 0, 1
(14,56), 0, 1
(14,57), 0, 1
(14,58), 0, 1
(14,59), 0, 1
(14,60), 0, 1
(14,61), 0, 1
(14,62), 0, 1
(14,63), 0, 1
(14,64), 0, 1
(14,65), 0, 1
(14,66), 0, 1
(14,67), 0, 1
(14,68), 0, 1
(14,69), 0, 1
(14,70), 0, 1
(14,71), 0, 1
(14,72), 0, 1
(14,73), 0, 1
(14,75), 0, 1
(14,77), 0, 1
(14,78), 0, 1
(14,79), 0, 1
(14,81), 0, 1
(14,82), 0, 1
(14,83), 0, 1
(14,85), 0, 1
(14,86), 0, 1
(14,87), 0, 1
(14,88), 0, 1
(14,89), 0, 1
(14,92), 0, 1
(14,93), 0, 1
(14,94), 0, 1
(14,95), 0, 1
(14,98), 0, 1
(15,1), 0, 1
(15,2), 0, 1
(15,4), 0, 1
(15,5), 0, 1
(15,6), 0, 1
(15,7), 0, 1
(15,9), 0, 1
(15,11), 0, 1
(15,17), 0, 1
(15,18), 0, 1
(15,19), 0, 1
(15,20), 0, 1
(15,21), 0, 1
(15,22), 0, 1
(15,23), 0, 1
(15,24), 0, 1
(15,25), 0, 1
(15,26), 0, 1
(15,27), 0, 1
(15,28), 0, 1
(15,29), 0, 1
(15,31), 0, 1
(15,32), 0, 1
(15,33), 0, 1
(15,34), 0, 1
(15,35), 0, 1
(15,37), 0, 1
(15,38), 0, 1
(15,40), 0, 1
(15,41), 0, 1
(15,42), 0, 1
(15,43), 0, 1
(15,44), 0, 1
(15,47), 0, 1
(15,48), 0, 1
(15,49), 0, 1
(15,50), 0, 1
(15,53), 0, 1
(15,54), 0, 1
(15,55), 0, 1
(15,56), 0, 1
(15,57), 0, 1
(15,58), 0, 1
(15,59), 0, 1
(15,60), 0, 1
(15,61), 0, 1
(15,62), 0, 1
(15,63), 0, 1
(15,65), 0, 1
(15,66), 0, 1
(15,67), 0, 1
(15,68), 0, 1
(15,69), 0, 1
(15,70), 0, 1
(15,71), 0, 1
(15,72), 0, 1
(15,73), 0, 1
(15,75), 0, 1
(15,78), 0, 1
(15,79), 0, 1
(15,81), 0, 1
(15,82), 0, 1
(15,83), 0, 1
(15,85), 0, 1
(15,86), 0, 1
(15,87), 0, 1
(15,89), 0, 1
(15,92), 0, 1
(15,93), 0, 1
(15,94), 0, 1
(15,95), 0, 1
(15,97), 0, 1
(15,98), 0, 1
(16,1), 0, 1
(16,2), 0, 1
(16,3), 0, 1
(16,4), 0, 1
(16,5), 0, 1
(16,6), 0, 1
(16,9), 0, 1
(16,11), 0, 1
(16,17), 0, 1
(16,18), 0, 1
(16,19), 0, 1
(16,20), 0, 1
(16,21), 0, 1
(16,22), 0, 1
(16,23), 0, 1
(16,24), 0, 1
(16,25), 0, 1
(16,26), 0, 1
(16,27), 0, 1
(16,30), 0, 1
(16,31), 0, 1
(16,32), 0, 1
(16,33), 0, 1
(16,34), 0, 1
(16,35), 0, 1
(16,37), 0, 1
(16,38), 0, 1
(16,40), 0, 1
(16,41), 0, 1
(16,43), 0, 1
(16,44), 0, 1
(16,47), 0, 1
(16,48), 0, 1
(16,49), 0, 1
(16,50), 0, 1
(16,53), 0, 1
(16,54), 0, 1
(16,55), 0, 1
(16,56), 0, 1
(16,57), 0, 1
(16,58), 0, 1
(16,59), 0, 1
(16,60), 0, 1
(16,61), 0, 1
(16,62), 0, 1
(16,63), 0, 1
(16,64), 0, 1
(16,65), 0, 1
(16,67), 0, 1
(16,68), 0, 1
(16,69), 0, 1
(16,70), 0, 1
(16,71), 0, 1
(16,73), 0, 1
(16,75), 0, 1
(16,77), 0, 1
(16,78), 0, 1
(16,79), 0, 1
(16,81), 0, 1
(16,82), 0, 1
(16,83), 0, 1
(16,84), 0, 1
(16,85), 0, 1
(16,86), 0, 1
(16,87), 0, 1
(16,89), 0, 1
(16,92), 0, 1
(16,93), 0, 1
(16,94), 0, 1
(16,95), 0, 1
(16,97), 0, 1
(16,98), 0, 1
(17,7), 0, 1
(17,15), 0, 1
(17,27), 0, 1
(17,32), 0, 1
(17,42), 0, 1
(17,43), 0, 1
(17,47), 0, 1
(17,49), 0, 1
(17,53), 0, 1
(17,60), 0, 1
(17,68), 0, 1
(17,69), 0, 1
(17,82), 0, 1
(17,86), 0, 1
(17,87), 0, 1
(17,88), 0, 1
(17,97), 0, 1
(18,3), 0, 1
(18,7), 0, 1
(18,11), 0, 1
(18,15), 0, 1
(18,27), 0, 1
(18,32), 0, 1
(18,40), 0, 1
(18,42), 0, 1
(18,43), 0, 1
(18,47), 0, 1
(18,49), 0, 1
(18,53), 0, 1
(18,59), 0, 1
(18,60), 0, 1
(18,68), 0, 1
(18,82), 0, 1
(18,86), 0, 1
(18,87), 0, 1
(18,88), 0, 1
(18,97), 0, 1
(19,7), 0, 1
(19,27), 0, 1
(19,30), 0, 1
(19,40), 0, 1
(19,42), 0, 1
(19,43), 0, 1
(19,47), 0, 1
(19,49), 0, 1
(19,53), 0, 1
(19,60), 0, 1
(19,68), 0, 1
(19,69), 0, 1
(19,82), 0, 1
(19,86), 0, 1
(19,87), 0, 1
(19,88), 0, 1
(19,97), 0, 1
(20,7), 0, 1
(20,11), 0, 1
(20,15), 0, 1
(20,32), 0, 1
(20,40), 0, 1
(20,42), 0, 1
(20,47), 0, 1
(20,49), 0, 1
(20,53), 0, 1
(20,59), 0, 1
(20,60), 0, 1
(20,69), 0, 1
(20,82), 0, 1
(20,86), 0, 1
(20,87), 0, 1
(20,88), 0, 1
(20,97), 0, 1
(21,0), 0, 1
(21,2), 0, 1
(21,4), 0, 1
(21,5), 0, 1
(21,18), 0, 1
(21,20), 0, 1
(21,34), 0, 1
(21,48), 0, 1
(21,50), 0, 1
(21,56), 0, 1
(21,58), 0, 1
(21,70), 0, 1
(21,73), 0, 1
(21,92), 0, 1
(22,0), 0, 1
(22,2), 0, 1
(22,5), 0, 1
(22,18), 0, 1
(22,34), 0, 1
(22,48), 0, 1
(22,50), 0, 1
(22,56), 0, 1
(22,58), 0, 1
(22,70), 0, 1
(22,73), 0, 1
(22,92), 0, 1
(23,0), 0, 1
(23,2), 0, 1
(23,4), 0, 1
(23,5), 0, 1
(23,18), 0, 1
(23,20), 0, 1
(23,34), 0, 1
(23,48), 0, 1
(23,50), 0, 1
(23,56), 0, 1
(23,70), 0, 1
(23,73), 0, 1
(23,92), 0, 1
(24,0), 0, 1
(24,2), 0, 1
(24,4), 0, 1
(24,5), 0, 1
(24,18), 0, 1
(24,20), 0, 1
(24,48), 0, 1
(24,50), 0, 1
(24,52), 0, 1
(24,56), 0, 1
(24,58), 0, 1
(24,70), 0, 1
(24,73), 0, 1
(24,92), 0, 1
(25,3), 0, 1
(25,7), 0, 1
(25,11), 0, 1
(25,15), 0, 1
(25,27), 0, 1
(25,30), 0, 1
(25,32), 0, 1
(25,40), 0, 1
(25,42), 0, 1
(25,43), 0, 1
(25,47), 0, 1
(25,49), 0, 1
(25,52), 0, 1
(25,53), 0, 1
(25,59), 0, 1
(25,60), 0, 1
(25,68), 0, 1
(25,82), 0, 1
(25,86), 0, 1
(25,87), 0, 1
(25,88), 0, 1
(25,97), 0, 1
(26,3), 0, 1
(26,7), 0, 1
(26,10), 0, 1
(26,11), 0, 1
(26,15), 0, 1
(26,27), 0, 1
(26,30), 0, 1
(26,32), 0, 1
(26,42), 0, 1
(26,43), 0, 1
(26,47), 0, 1
(26,49), 0, 1
(26,53), 0, 1
(26,59), 0, 1
(26,60), 0, 1
(26,68), 0, 1
(26,69), 0, 1
(26,86), 0, 1
(26,87), 0, 1
(26,88), 0, 1
(27,3), 0, 1
(27,7), 0, 1
(27,11), 0, 1
(27,15), 0, 1
(27,30), 0, 1
(27,32), 0, 1
(27,40), 0, 1
(27,42), 0, 1
(27,43), 0, 1
(27,47), 0, 1
(27,49), 0, 1
(27,53), 0, 1
(27,59), 0, 1
(27,68), 0, 1
(27,82), 0, 1
(27,86), 0, 1
(27,87), 0, 1
(27,88), 0, 1
(27,97), 0, 1
(28,3), 0, 1
(28,7), 0, 1
(28,11), 0, 1
(28,15), 0, 1
(28,27), 0, 1
(28,30), 0, 1
(28,32), 0, 1
(28,40), 0, 1
(28,47), 0, 1
(28,49), 0, 1
(28,53), 0, 1
(28,59), 0, 1
(28,68), 0, 1
(28,69), 0, 1
(28,82), 0, 1
(28,86), 0, 1
(28,87), 0, 1
(28,97), 0, 1
(29,3), 0, 1
(29,7), 0, 1
(29,11), 0, 1
(29,27), 0, 1
(29,30), 0, 1
(29,32), 0, 1
(29,40), 0, 1
(29,42), 0, 1
(29,43), 0, 1
(29,47), 0, 1
(29,49), 0, 1
(29,53), 0, 1
(29,59), 0, 1
(29,68), 0, 1
(29,69), 0, 1
(29,82), 0, 1
(29,86), 0, 1
(29,87), 0, 1
(29,88), 0, 1
(30,0), 0, 1
(30,2), 0, 1
(30,18), 0, 1
(30,20), 0, 1
(30,34), 0, 1
(30,48), 0, 1
(30,56), 0, 1
(30,58), 0, 1
(30,73), 0, 1
(30,92), 0, 1
(33,0), 0, 1
(33,2), 0, 1
(33,4), 0, 1
(33,5), 0, 1
(33,18), 0, 1
(33,20), 0, 1
(33,34), 0, 1
(33,48), 0, 1
(33,50), 0, 1
(33,56), 0, 1
(33,58), 0, 1
(33,70), 0, 1
(33,73), 0, 1
(33,92), 0, 1
(34,3), 0, 1
(34,7), 0, 1
(34,11), 0, 1
(34,15), 0, 1
(34,27), 0, 1
(34,30), 0, 1
(34,42), 0, 1
(34,43), 0, 1
(34,47), 0, 1
(34,49), 0, 1
(34,53), 0, 1
(34,59), 0, 1
(34,68), 0, 1
(34,69), 0, 1
(34,82), 0, 1
(34,86), 0, 1
(34,87), 0, 1
(34,90), 0, 1
(34,97), 0, 1
(35,0), 0, 1
(35,1), 0, 1
(35,2), 0, 1
(35,3), 0, 1
(35,4), 0, 1
(35,5), 0, 1
(35,6), 0, 1
(35,7), 0, 1
(35,8), 0, 1
(35,9), 0, 1
(35,11), 0, 1
(35,13), 0, 1
(35,15), 0, 1
(35,16), 0, 1
(35,17), 0, 1
(35,18), 0, 1
(35,19), 0, 1
(35,20), 0, 1
(35,21), 0, 1
(35,23), 0, 1
(35,24), 0, 1
(35,25), 0, 1
(35,26), 0, 1
(35,28), 0, 1
(35,29), 0, 1
(35,30), 0, 1
(35,31), 0, 1
(35,32), 0, 1
(35,33), 0, 1
(35,34), 0, 1
(35,37), 0, 1
(35,38), 0, 1
(35,40), 0, 1
(35,41), 0, 1
(35,44), 0, 1
(35,47), 0, 1
(35,48), 0, 1
(35,49), 0, 1
(35,50), 0, 1
(35,53), 0, 1
(35,54), 0, 1
(35,55), 0, 1
(35,56), 0, 1
(35,57), 0, 1
(35,59), 0, 1
(35,61), 0, 1
(35,62), 0, 1
(35,63), 0, 1
(35,64), 0, 1
(35,65), 0, 1
(35,66), 0, 1
(35,67), 0, 1
(35,68), 0, 1
(35,69), 0, 1
(35,70), 0, 1
(35,71), 0, 1
(35,72), 0, 1
(35,73), 0, 1
(35,74), 0, 1
(35,75), 0, 1
(35,77), 0, 1
(35,78), 0, 1
(35,79), 0, 1
(35,81), 0, 1
(35,82), 0, 1
(35,83), 0, 1
(35,84), 0, 1
(35,85), 0, 1
(35,86), 0, 1
(35,88), 0, 1
(35,89), 0, 1
(35,92), 0, 1
(35,94), 0, 1
(35,95), 0, 1
(35,98), 0, 1
(36,1), 0, 1
(36,2), 0, 1
(36,3), 0, 1
(36,5), 0, 1
(36,6), 0, 1
(36,7), 0, 1
(36,8), 0, 1
(36,9), 0, 1
(36,11), 0, 1
(36,15), 0, 1
(36,16), 0, 1
(36,17), 0, 1
(36,19), 0, 1
(36,20), 0, 1
(36,21), 0, 1
(36,22), 0, 1
(36,23), 0, 1
(36,24), 0, 1
(36,25), 0, 1
(36,26), 0, 1
(36,27), 0, 1
(36,28), 0, 1
(36,29), 0, 1
(36,31), 0, 1
(36,33), 0, 1
(36,34), 0, 1
(36,35), 0, 1
(36,38), 0, 1
(36,40), 0, 1
(36,41), 0, 1
(36,42), 0, 1
(36,44), 0, 1
(36,47), 0, 1
(36,48), 0, 1
(36,49), 0, 1
(36,50), 0, 1
(36,53), 0, 1
(36,54), 0, 1
(36,55), 0, 1
(36,56), 0, 1
(36,57), 0, 1
(36,58), 0, 1
(36,59), 0, 1
(36,61), 0, 1
(36,62), 0, 1
(36,63), 0, 1
(36,64), 0, 1
(36,65), 0, 1
(36,67), 0, 1
(36,68), 0, 1
(36,69), 0, 1
(36,70), 0, 1
(36,71), 0, 1
(36,72), 0, 1
(36,73), 0, 1
(36,75), 0, 1
(36,77), 0, 1
(36,78), 0, 1
(36,81), 0, 1
(36,82), 0, 1
(36,83), 0, 1
(36,84), 0, 1
(36,85), 0, 1
(36,86), 0, 1
(36,88), 0, 1
(36,89), 0, 1
(36,92), 0, 1
(36,93), 0, 1
(36,94), 0, 1
(36,95), 0, 1
(36,97), 0, 1
(36,98), 0, 1
(37,11), 0, 1
(37,15), 0, 1
(37,27), 0, 1
(37,42), 0, 1
(37,47), 0, 1
(37,49), 0, 1
(37,53), 0, 1
(37,69), 0, 1
(37,82), 0, 1
(37,86), 0, 1
(37,87), 0, 1
(37,88), 0, 1
(37,97), 0, 1
(38,0), 0, 1
(38,1), 0, 1
(38,2), 0, 1
(38,3), 0, 1
(38,4), 0, 1
(38,5), 0, 1
(38,6), 0, 1
(38,8), 0, 1
(38,9), 0, 1
(38,11), 0, 1
(38,16), 0, 1
(38,17), 0, 1
(38,18), 0, 1
(38,19), 0, 1
(38,20), 0, 1
(38,21), 0, 1
(38,22), 0, 1
(38,23), 0, 1
(38,24), 0, 1
(38,25), 0, 1
(38,26), 0, 1
(38,27), 0, 1
(38,28), 0, 1
(38,29), 0, 1
(38,31), 0, 1
(38,33), 0, 1
(38,34), 0, 1
(38,35), 0, 1
(38,36), 0, 1
(38,37), 0, 1
(38,41), 0, 1
(38,42), 0, 1
(38,44), 0, 1
(38,48), 0, 1
(38,49), 0, 1
(38,50), 0, 1
(38,52), 0, 1
(38,53), 0, 1
(38,55), 0, 1
(38,56), 0, 1
(38,57), 0, 1
(38,58), 0, 1
(38,59), 0, 1
(38,61), 0, 1
(38,62), 0, 1
(38,63), 0, 1
(38,64), 0, 1
(38,65), 0, 1
(38,68), 0, 1
(38,69), 0, 1
(38,70), 0, 1
(38,71), 0, 1
(38,72), 0, 1
(38,73), 0, 1
(38,75), 0, 1
(38,77), 0, 1
(38,78), 0, 1
(38,79), 0, 1
(38,81), 0, 1
(38,82), 0, 1
(38,84), 0, 1
(38,85), 0, 1
(38,86), 0, 1
(38,87), 0, 1
(38,88), 0, 1
(38,89), 0, 1
(38,92), 0, 1
(38,94), 0, 1
(38,95), 0, 1
(38,98), 0, 1
(39,0), 0, 1
(39,1), 0, 1
(39,2), 0, 1
(39,3), 0, 1
(39,4), 0, 1
(39,5), 0, 1
(39,6), 0, 1
(39,7), 0, 1
(39,8), 0, 1
(39,9), 0, 1
(39,11), 0, 1
(39,15), 0, 1
(39,16), 0, 1
(39,17), 0, 1
(39,18), 0, 1
(39,19), 0, 1
(39,20), 0, 1
(39,21), 0, 1
(39,22), 0, 1
(39,23), 0, 1
(39,24), 0, 1
(39,25), 0, 1
(39,26), 0, 1
(39,27), 0, 1
(39,28), 0, 1
(39,29), 0, 1
(39,30), 0, 1
(39,31), 0, 1
(39,32), 0, 1
(39,33), 0, 1
(39,34), 0, 1
(39,36), 0, 1
(39,37), 0, 1
(39,38), 0, 1
(39,40), 0, 1
(39,41), 0, 1
(39,42), 0, 1
(39,44), 0, 1
(39,47), 0, 1
(39,48), 0, 1
(39,49), 0, 1
(39,50), 0, 1
(39,53), 0, 1
(39,54), 0, 1
(39,55), 0, 1
(39,56), 0, 1
(39,57), 0, 1
(39,59), 0, 1
(39,60), 0, 1
(39,61), 0, 1
(39,62), 0, 1
(39,63), 0, 1
(39,64), 0, 1
(39,65), 0, 1
(39,66), 0, 1
(39,67), 0, 1
(39,68), 0, 1
(39,70), 0, 1
(39,71), 0, 1
(39,72), 0, 1
(39,73), 0, 1
(39,75), 0, 1
(39,77), 0, 1
(39,78), 0, 1
(39,79), 0, 1
(39,81), 0, 1
(39,82), 0, 1
(39,83), 0, 1
(39,84), 0, 1
(39,85), 0, 1
(39,86), 0, 1
(39,87), 0, 1
(39,88), 0, 1
(39,89), 0, 1
(39,92), 0, 1
(39,93), 0, 1
(39,94), 0, 1
(39,95), 0, 1
(39,97), 0, 1
(39,98), 0, 1
(40,0), 0, 1
(40,2), 0, 1
(40,5), 0, 1
(40,18), 0, 1
(40,20), 0, 1
(40,34), 0, 1
(40,48), 0, 1
(40,50), 0, 1
(40,56), 0, 1
(40,58), 0, 1
(40,70), 0, 1
(40,73), 0, 1
(40,92), 0, 1
(41,0), 0, 1
(41,2), 0, 1
(41,4), 0, 1
(41,5), 0, 1
(41,18), 0, 1
(41,20), 0, 1
(41,34), 0, 1
(41,48), 0, 1
(41,50), 0, 1
(41,56), 0, 1
(41,58), 0, 1
(41,70), 0, 1
(41,73), 0, 1
(41,92), 0, 1
(42,0), 0, 1
(42,2), 0, 1
(42,4), 0, 1
(42,5), 0, 1
(42,18), 0, 1
(42,20), 0, 1
(42,34), 0, 1
(42,48), 0, 1
(42,50), 0, 1
(42,56), 0, 1
(42,58), 0, 1
(42,70), 0, 1
(42,73), 0, 1
(42,92), 0, 1
(43,0), 0, 1
(43,2), 0, 1
(43,4), 0, 1
(43,5), 0, 1
(43,18), 0, 1
(43,20), 0, 1
(43,34), 0, 1
(43,48), 0, 1
(43,50), 0, 1
(43,56), 0, 1
(43,58), 0, 1
(43,70), 0, 1
(43,73), 0, 1
(43,92), 0, 1
(45,0), 0, 1
(45,3), 0, 1
(45,5), 0, 1
(45,7), 0, 1
(45,9), 0, 1
(45,11), 0, 1
(45,15), 0, 1
(45,16), 0, 1
(45,17), 0, 1
(45,18), 0, 1
(45,19), 0, 1
(45,20), 0, 1
(45,21), 0, 1
(45,22), 0, 1
(45,23), 0, 1
(45,24), 0, 1
(45,25), 0, 1
(45,26), 0, 1
(45,27), 0, 1
(45,28), 0, 1
(45,29), 0, 1
(45,30), 0, 1
(45,31), 0, 1
(45,32), 0, 1
(45,33), 0, 1
(45,35), 0, 1
(45,37), 0, 1
(45,38), 0, 1
(45,40), 0, 1
(45,41), 0, 1
(45,42), 0, 1
(45,43), 0, 1
(45,44), 0, 1
(45,47), 0, 1
(45,48), 0, 1
(45,49), 0, 1
(45,50), 0, 1
(45,53), 0, 1
(45,54), 0, 1
(45,55), 0, 1
(45,56), 0, 1
(45,57), 0, 1
(45,58), 0, 1
(45,59), 0, 1
(45,61), 0, 1
(45,62), 0, 1
(45,63), 0, 1
(45,64), 0, 1
(45,66), 0, 1
(45,67), 0, 1
(45,68), 0, 1
(45,69), 0, 1
(45,70), 0, 1
(45,71), 0, 1
(45,72), 0, 1
(45,77), 0, 1
(45,78), 0, 1
(45,79), 0, 1
(45,81), 0, 1
(45,82), 0, 1
(45,83), 0, 1
(45,84), 0, 1
(45,85), 0, 1
(45,86), 0, 1
(45,87), 0, 1
(45,89), 0, 1
(45,92), 0, 1
(45,93), 0, 1
(45,94), 0, 1
(45,95), 0, 1
(45,98), 0, 1
(46,0), 0, 1
(46,1), 0, 1
(46,2), 0, 1
(46,4), 0, 1
(46,5), 0, 1
(46,7), 0, 1
(46,9), 0, 1
(46,11), 0, 1
(46,12), 0, 1
(46,16), 0, 1
(46,17), 0, 1
(46,19), 0, 1
(46,20), 0, 1
(46,21), 0, 1
(46,22), 0, 1
(46,23), 0, 1
(46,24), 0, 1
(46,25), 0, 1
(46,26), 0, 1
(46,27), 0, 1
(46,28), 0, 1
(46,29), 0, 1
(46,30), 0, 1
(46,31), 0, 1
(46,32), 0, 1
(46,33), 0, 1
(46,34), 0, 1
(46,35), 0, 1
(46,36), 0, 1
(46,37), 0, 1
(46,40), 0, 1
(46,41), 0, 1
(46,42), 0, 1
(46,43), 0, 1
(46,44), 0, 1
(46,47), 0, 1
(46,48), 0, 1
(46,49), 0, 1
(46,50), 0, 1
(46,53), 0, 1
(46,55), 0, 1
(46,56), 0, 1
(46,57), 0, 1
(46,58), 0, 1
(46,59), 0, 1
(46,60), 0, 1
(46,61), 0, 1
(46,63), 0, 1
(46,64), 0, 1
(46,65), 0, 1
(46,67), 0, 1
(46,68), 0, 1
(46,69), 0, 1
(46,70), 0, 1
(46,71), 0, 1
(46,72), 0, 1
(46,73), 0, 1
(46,75), 0, 1
(46,77), 0, 1
(46,78), 0, 1
(46,79), 0, 1
(46,81), 0, 1
(46,82), 0, 1
(46,83), 0, 1
(46,85), 0, 1
(46,86), 0, 1
(46,87), 0, 1
(46,88), 0, 1
(46,89), 0, 1
(46,92), 0, 1
(46,94), 0, 1
(46,95), 0, 1
(46,97), 0, 1
(46,98), 0, 1
(47,0), 0, 1
(47,2), 0, 1
(47,4), 0, 1
(47,18), 0, 1
(47,20), 0, 1
(47,34), 0, 1
(47,48), 0, 1
(47,50), 0, 1
(47,56), 0, 1
(47,58), 0, 1
(47,70), 0, 1
(47,73), 0, 1
(47,92), 0, 1
(48,3), 0, 1
(48,7), 0, 1
(48,11), 0, 1
(48,15), 0, 1
(48,27), 0, 1
(48,30), 0, 1
(48,32), 0, 1
(48,42), 0, 1
(48,43), 0, 1
(48,47), 0, 1
(48,49), 0, 1
(48,53), 0, 1
(48,59), 0, 1
(48,69), 0, 1
(48,82), 0, 1
(48,86), 0, 1
(48,87), 0, 1
(50,3), 0, 1
(50,7), 0, 1
(50,11), 0, 1
(50,27), 0, 1
(50,30), 0, 1
(50,32), 0, 1
(50,40), 0, 1
(50,42), 0, 1
(50,43), 0, 1
(50,47), 0, 1
(50,49), 0, 1
(50,53), 0, 1
(50,59), 0, 1
(50,60), 0, 1
(50,82), 0, 1
(50,86), 0, 1
(50,87), 0, 1
(51,3), 0, 1
(51,7), 0, 1
(51,11), 0, 1
(51,15), 0, 1
(51,27), 0, 1
(51,30), 0, 1
(51,40), 0, 1
(51,49), 0, 1
(51,53), 0, 1
(51,59), 0, 1
(51,60), 0, 1
(51,69), 0, 1
(51,82), 0, 1
(51,86), 0, 1
(51,87), 0, 1
(51,88), 0, 1
(51,97), 0, 1
(52,1), 0, 1
(52,2), 0, 1
(52,3), 0, 1
(52,4), 0, 1
(52,5), 0, 1
(52,6), 0, 1
(52,7), 0, 1
(52,8), 0, 1
(52,9), 0, 1
(52,11), 0, 1
(52,12), 0, 1
(52,15), 0, 1
(52,16), 0, 1
(52,17), 0, 1
(52,18), 0, 1
(52,19), 0, 1
(52,20), 0, 1
(52,21), 0, 1
(52,22), 0, 1
(52,23), 0, 1
(52,24), 0, 1
(52,25), 0, 1
(52,26), 0, 1
(52,27), 0, 1
(52,28), 0, 1
(52,29), 0, 1
(52,30), 0, 1
(52,31), 0, 1
(52,32), 0, 1
(52,33), 0, 1
(52,34), 0, 1
(52,35), 0, 1
(52,36), 0, 1
(52,37), 0, 1
(52,38), 0, 1
(52,39), 0, 1
(52,40), 0, 1
(52,41), 0, 1
(52,42), 0, 1
(52,43), 0, 1
(52,44), 0, 1
(52,47), 0, 1
(52,48), 0, 1
(52,49), 0, 1
(52,50), 0, 1
(52,53), 0, 1
(52,55), 0, 1
(52,56), 0, 1
(52,57), 0, 1
(52,58), 0, 1
(52,59), 0, 1
(52,60), 0, 1
(52,61), 0, 1
(52,62), 0, 1
(52,63), 0, 1
(52,64), 0, 1
(52,65), 0, 1
(52,66), 0, 1
(52,67), 0, 1
(52,69), 0, 1
(52,70), 0, 1
(52,71), 0, 1
(52,72), 0, 1
(52,73), 0, 1
(52,75), 0, 1
(52,77), 0, 1
(52,78), 0, 1
(52,79), 0, 1
(52,81), 0, 1
(52,82), 0, 1
(52,83), 0, 1
(52,84), 0, 1
(52,85), 0, 1
(52,86), 0, 1
(52,87), 0, 1
(52,88), 0, 1
(52,90), 0, 1
(52,92), 0, 1
(52,94), 0, 1
(52,95), 0, 1
(52,97), 0, 1
(52,98), 0, 1
(53,0), 0, 1
(53,2), 0, 1
(53,4), 0, 1
(53,5), 0, 1
(53,18), 0, 1
(53,20), 0, 1
(53,34), 0, 1
(53,48), 0, 1
(53,50), 0, 1
(53,56), 0, 1
(53,58), 0, 1
(53,70), 0, 1
(53,73), 0, 1
(53,92), 0, 1
(54,0), 0, 1
(54,2), 0, 1
(54,4), 0, 1
(54,5), 0, 1
(54,18), 0, 1
(54,20), 0, 1
(54,34), 0, 1
(54,48), 0, 1
(54,56), 0, 1
(54,58), 0, 1
(54,70), 0, 1
(54,73), 0, 1
(54,92), 0, 1
(55,0), 0, 1
(55,2), 0, 1
(55,4), 0, 1
(55,5), 0, 1
(55,18), 0, 1
(55,20), 0, 1
(55,34), 0, 1
(55,48), 0, 1
(55,50), 0, 1
(55,56), 0, 1
(55,58), 0, 1
(55,70), 0, 1
(55,73), 0, 1
(55,92), 0, 1
(56,3), 0, 1
(56,7), 0, 1
(56,11), 0, 1
(56,15), 0, 1
(56,27), 0, 1
(56,32), 0, 1
(56,42), 0, 1
(56,43), 0, 1
(56,47), 0, 1
(56,49), 0, 1
(56,53), 0, 1
(56,59), 0, 1
(56,60), 0, 1
(56,68), 0, 1
(56,69), 0, 1
(56,82), 0, 1
(56,86), 0, 1
(56,87), 0, 1
(56,97), 0, 1
(57,1), 0, 1
(57,2), 0, 1
(57,6), 0, 1
(57,7), 0, 1
(57,9), 0, 1
(57,11), 0, 1
(57,13), 0, 1
(57,14), 0, 1
(57,15), 0, 1
(57,16), 0, 1
(57,17), 0, 1
(57,18), 0, 1
(57,19), 0, 1
(57,20), 0, 1
(57,22), 0, 1
(57,23), 0, 1
(57,24), 0, 1
(57,25), 0, 1
(57,26), 0, 1
(57,27), 0, 1
(57,28), 0, 1
(57,29), 0, 1
(57,31), 0, 1
(57,33), 0, 1
(57,35), 0, 1
(57,38), 0, 1
(57,41), 0, 1
(57,42), 0, 1
(57,43), 0, 1
(57,44), 0, 1
(57,47), 0, 1
(57,48), 0, 1
(57,49), 0, 1
(57,50), 0, 1
(57,52), 0, 1
(57,53), 0, 1
(57,54), 0, 1
(57,55), 0, 1
(57,56), 0, 1
(57,58), 0, 1
(57,60), 0, 1
(57,61), 0, 1
(57,62), 0, 1
(57,64), 0, 1
(57,65), 0, 1
(57,67), 0, 1
(57,68), 0, 1
(57,70), 0, 1
(57,71), 0, 1
(57,72), 0, 1
(57,73), 0, 1
(57,75), 0, 1
(57,77), 0, 1
(57,78), 0, 1
(57,79), 0, 1
(57,80), 0, 1
(57,81), 0, 1
(57,82), 0, 1
(57,83), 0, 1
(57,85), 0, 1
(57,86), 0, 1
(57,87), 0, 1
(57,88), 0, 1
(57,89), 0, 1
(57,92), 0, 1
(57,93), 0, 1
(57,94), 0, 1
(57,95), 0, 1
(57,97), 0, 1
(57,98), 0, 1
(58,3), 0, 1
(58,7), 0, 1
(58,10), 0, 1
(58,11), 0, 1
(58,15), 0, 1
(58,27), 0, 1
(58,30), 0, 1
(58,32), 0, 1
(58,40), 0, 1
(58,42), 0, 1
(58,47), 0, 1
(58,49), 0, 1
(58,53), 0, 1
(58,59), 0, 1
(58,68), 0, 1
(58,69), 0, 1
(58,76), 0, 1
(58,82), 0, 1
(58,86), 0, 1
(58,87), 0, 1
(58,88), 0, 1
(58,90), 0, 1
(58,97), 0, 1
(59,2), 0, 1
(59,4), 0, 1
(59,5), 0, 1
(59,18), 0, 1
(59,20), 0, 1
(59,34), 0, 1
(59,48), 0, 1
(59,50), 0, 1
(59,56), 0, 1
(59,58), 0, 1
(59,70), 0, 1
(59,73), 0, 1
(59,80), 0, 1
(59,92), 0, 1
(60,0), 0, 1
(60,1), 0, 1
(60,2), 0, 1
(60,4), 0, 1
(60,5), 0, 1
(60,6), 0, 1
(60,8), 0, 1
(60,9), 0, 1
(60,11), 0, 1
(60,15), 0, 1
(60,16), 0, 1
(60,17), 0, 1
(60,18), 0, 1
(60,19), 0, 1
(60,20), 0, 1
(60,21), 0, 1
(60,22), 0, 1
(60,23), 0, 1
(60,24), 0, 1
(60,25), 0, 1
(60,26), 0, 1
(60,27), 0, 1
(60,28), 0, 1
(60,29), 0, 1
(60,30), 0, 1
(60,31), 0, 1
(60,32), 0, 1
(60,34), 0, 1
(60,35), 0, 1
(60,36), 0, 1
(60,37), 0, 1
(60,39), 0, 1
(60,41), 0, 1
(60,43), 0, 1
(60,44), 0, 1
(60,48), 0, 1
(60,49), 0, 1
(60,50), 0, 1
(60,53), 0, 1
(60,55), 0, 1
(60,56), 0, 1
(60,57), 0, 1
(60,58), 0, 1
(60,59), 0, 1
(60,61), 0, 1
(60,62), 0, 1
(60,63), 0, 1
(60,64), 0, 1
(60,65), 0, 1
(60,66), 0, 1
(60,67), 0, 1
(60,69), 0, 1
(60,70), 0, 1
(60,72), 0, 1
(60,75), 0, 1
(60,77), 0, 1
(60,78), 0, 1
(60,79), 0, 1
(60,81), 0, 1
(60,82), 0, 1
(60,84), 0, 1
(60,85), 0, 1
(60,86), 0, 1
(60,87), 0, 1
(60,88), 0, 1
(60,89), 0, 1
(60,92), 0, 1
(60,93), 0, 1
(60,94), 0, 1
(60,95), 0, 1
(60,96), 0, 1
(60,97), 0, 1
(60,98), 0, 1
(61,3), 0, 1
(61,7), 0, 1
(61,10), 0, 1
(61,11), 0, 1
(61,15), 0, 1
(61,27), 0, 1
(61,30), 0, 1
(61,32), 0, 1
(61,40), 0, 1
(61,43), 0, 1
(61,47), 0, 1
(61,49), 0, 1
(61,53), 0, 1
(61,59), 0, 1
(61,60), 0, 1
(61,68), 0, 1
(61,82), 0, 1
(61,86), 0, 1
(61,87), 0, 1
(61,97), 0, 1
(62,52), 0, 1
(64,3), 0, 1
(64,7), 0, 1
(64,11), 0, 1
(64,15), 0, 1
(64,27), 0, 1
(64,30), 0, 1
(64,42), 0, 1
(64,43), 0, 1
(64,47), 0, 1
(64,49), 0, 1
(64,53), 0, 1
(64,59), 0, 1
(64,60), 0, 1
(64,68), 0, 1
(64,69), 0, 1
(64,82), 0, 1
(64,86), 0, 1
(64,87), 0, 1
(64,88), 0, 1
(64,97), 0, 1
(65,3), 0, 1
(65,7), 0, 1
(65,11), 0, 1
(65,15), 0, 1
(65,27), 0, 1
(65,30), 0, 1
(65,32), 0, 1
(65,40), 0, 1
(65,42), 0, 1
(65,43), 0, 1
(65,47), 0, 1
(65,49), 0, 1
(65,53), 0, 1
(65,59), 0, 1
(65,60), 0, 1
(65,68), 0, 1
(65,69), 0, 1
(65,82), 0, 1
(65,86), 0, 1
(65,88), 0, 1
(65,97), 0, 1
(66,3), 0, 1
(66,7), 0, 1
(66,11), 0, 1
(66,15), 0, 1
(66,27), 0, 1
(66,30), 0, 1
(66,39), 0, 1
(66,42), 0, 1
(66,47), 0, 1
(66,49), 0, 1
(66,53), 0, 1
(66,59), 0, 1
(66,60), 0, 1
(66,69), 0, 1
(66,82), 0, 1
(66,86), 0, 1
(66,87), 0, 1
(66,97), 0, 1
(67,3), 0, 1
(67,7), 0, 1
(67,11), 0, 1
(67,27), 0, 1
(67,30), 0, 1
(67,32), 0, 1
(67,47), 0, 1
(67,49), 0, 1
(67,53), 0, 1
(67,59), 0, 1
(67,60), 0, 1
(67,69), 0, 1
(67,82), 0, 1
(67,86), 0, 1
(67,87), 0, 1
(67,88), 0, 1
(67,97), 0, 1
(69,0), 0, 1
(69,2), 0, 1
(69,4), 0, 1
(69,5), 0, 1
(69,18), 0, 1
(69,20), 0, 1
(69,34), 0, 1
(69,48), 0, 1
(69,50), 0, 1
(69,56), 0, 1
(69,58), 0, 1
(69,70), 0, 1
(69,73), 0, 1
(69,92), 0, 1
(70,3), 0, 1
(70,7), 0, 1
(70,11), 0, 1
(70,15), 0, 1
(70,27), 0, 1
(70,30), 0, 1
(70,32), 0, 1
(70,39), 0, 1
(70,40), 0, 1
(70,42), 0, 1
(70,43), 0, 1
(70,49), 0, 1
(70,53), 0, 1
(70,59), 0, 1
(70,60), 0, 1
(70,69), 0, 1
(70,82), 0, 1
(70,86), 0, 1
(70,87), 0, 1
(70,88), 0, 1
(71,3), 0, 1
(71,7), 0, 1
(71,11), 0, 1
(71,15), 0, 1
(71,27), 0, 1
(71,30), 0, 1
(71,40), 0, 1
(71,42), 0, 1
(71,47), 0, 1
(71,49), 0, 1
(71,59), 0, 1
(71,69), 0, 1
(71,82), 0, 1
(71,86), 0, 1
(71,87), 0, 1
(71,88), 0, 1
(72,3), 0, 1
(72,7), 0, 1
(72,11), 0, 1
(72,15), 0, 1
(72,27), 0, 1
(72,32), 0, 1
(72,42), 0, 1
(72,43), 0, 1
(72,47), 0, 1
(72,49), 0, 1
(72,53), 0, 1
(72,59), 0, 1
(72,60), 0, 1
(72,68), 0, 1
(72,69), 0, 1
(72,82), 0, 1
(72,86), 0, 1
(72,87), 0, 1
(72,97), 0, 1
(73,3), 0, 1
(73,7), 0, 1
(73,11), 0, 1
(73,27), 0, 1
(73,30), 0, 1
(73,32), 0, 1
(73,42), 0, 1
(73,43), 0, 1
(73,47), 0, 1
(73,49), 0, 1
(73,53), 0, 1
(73,59), 0, 1
(73,60), 0, 1
(73,68), 0, 1
(73,69), 0, 1
(73,82), 0, 1
(73,86), 0, 1
(73,88), 0, 1
(73,97), 0, 1
(74,1), 0, 1
(74,2), 0, 1
(74,4), 0, 1
(74,5), 0, 1
(74,6), 0, 1
(74,7), 0, 1
(74,8), 0, 1
(74,9), 0, 1
(74,10), 0, 1
(74,11), 0, 1
(74,15), 0, 1
(74,16), 0, 1
(74,17), 0, 1
(74,18), 0, 1
(74,19), 0, 1
(74,20), 0, 1
(74,21), 0, 1
(74,22), 0, 1
(74,23), 0, 1
(74,24), 0, 1
(74,25), 0, 1
(74,26), 0, 1
(74,27), 0, 1
(74,28), 0, 1
(74,29), 0, 1
(74,30), 0, 1
(74,31), 0, 1
(74,32), 0, 1
(74,33), 0, 1
(74,34), 0, 1
(74,35), 0, 1
(74,36), 0, 1
(74,37), 0, 1
(74,39), 0, 1
(74,40), 0, 1
(74,41), 0, 1
(74,42), 0, 1
(74,43), 0, 1
(74,44), 0, 1
(74,47), 0, 1
(74,48), 0, 1
(74,49), 0, 1
(74,50), 0, 1
(74,53), 0, 1
(74,55), 0, 1
(74,56), 0, 1
(74,57), 0, 1
(74,58), 0, 1
(74,59), 0, 1
(74,60), 0, 1
(74,61), 0, 1
(74,62), 0, 1
(74,63), 0, 1
(74,64), 0, 1
(74,65), 0, 1
(74,66), 0, 1
(74,67), 0, 1
(74,68), 0, 1
(74,69), 0, 1
(74,70), 0, 1
(74,71), 0, 1
(74,72), 0, 1
(74,73), 0, 1
(74,75), 0, 1
(74,77), 0, 1
(74,78), 0, 1
(74,79), 0, 1
(74,81), 0, 1
(74,82), 0, 1
(74,83), 0, 1
(74,85), 0, 1
(74,86), 0, 1
(74,87), 0, 1
(74,92), 0, 1
(74,93), 0, 1
(74,94), 0, 1
(74,95), 0, 1
(74,97), 0, 1
(74,98), 0, 1
(75,3), 0, 1
(75,7), 0, 1
(75,11), 0, 1
(75,27), 0, 1
(75,40), 0, 1
(75,42), 0, 1
(75,43), 0, 1
(75,47), 0, 1
(75,49), 0, 1
(75,53), 0, 1
(75,59), 0, 1
(75,60), 0, 1
(75,76), 0, 1
(75,82), 0, 1
(75,86), 0, 1
(75,87), 0, 1
(75,97), 0, 1
(76,0), 0, 1
(76,1), 0, 1
(76,2), 0, 1
(76,3), 0, 1
(76,4), 0, 1
(76,5), 0, 1
(76,6), 0, 1
(76,7), 0, 1
(76,9), 0, 1
(76,11), 0, 1
(76,17), 0, 1
(76,18), 0, 1
(76,19), 0, 1
(76,20), 0, 1
(76,21), 0, 1
(76,22), 0, 1
(76,23), 0, 1
(76,24), 0, 1
(76,25), 0, 1
(76,26), 0, 1
(76,27), 0, 1
(76,28), 0, 1
(76,29), 0, 1
(76,31), 0, 1
(76,34), 0, 1
(76,35), 0, 1
(76,37), 0, 1
(76,38), 0, 1
(76,39), 0, 1
(76,40), 0, 1
(76,41), 0, 1
(76,42), 0, 1
(76,43), 0, 1
(76,44), 0, 1
(76,47), 0, 1
(76,48), 0, 1
(76,49), 0, 1
(76,50), 0, 1
(76,53), 0, 1
(76,55), 0, 1
(76,56), 0, 1
(76,57), 0, 1
(76,58), 0, 1
(76,60), 0, 1
(76,61), 0, 1
(76,62), 0, 1
(76,63), 0, 1
(76,64), 0, 1
(76,65), 0, 1
(76,66), 0, 1
(76,67), 0, 1
(76,68), 0, 1
(76,69), 0, 1
(76,70), 0, 1
(76,71), 0, 1
(76,72), 0, 1
(76,73), 0, 1
(76,75), 0, 1
(76,77), 0, 1
(76,78), 0, 1
(76,79), 0, 1
(76,81), 0, 1
(76,82), 0, 1
(76,83), 0, 1
(76,84), 0, 1
(76,86), 0, 1
(76,87), 0, 1
(76,88), 0, 1
(76,89), 0, 1
(76,92), 0, 1
(76,93), 0, 1
(76,94), 0, 1
(76,95), 0, 1
(76,97), 0, 1
(76,98), 0, 1
(77,2), 0, 1
(77,4), 0, 1
(77,18), 0, 1
(77,20), 0, 1
(77,34), 0, 1
(77,50), 0, 1
(77,56), 0, 1
(77,58), 0, 1
(77,70), 0, 1
(77,73), 0, 1
(77,92), 0, 1
(78,3), 0, 1
(78,7), 0, 1
(78,15), 0, 1
(78,27), 0, 1
(78,30), 0, 1
(78,32), 0, 1
(78,40), 0, 1
(78,42), 0, 1
(78,43), 0, 1
(78,47), 0, 1
(78,49), 0, 1
(78,53), 0, 1
(78,59), 0, 1
(78,60), 0, 1
(78,68), 0, 1
(78,69), 0, 1
(78,82), 0, 1
(78,86), 0, 1
(78,87), 0, 1
(78,97), 0, 1
(79,3), 0, 1
(79,11), 0, 1
(79,15), 0, 1
(79,27), 0, 1
(79,30), 0, 1
(79,40), 0, 1
(79,43), 0, 1
(79,47), 0, 1
(79,49), 0, 1
(79,53), 0, 1
(79,59), 0, 1
(79,68), 0, 1
(79,69), 0, 1
(79,86), 0, 1
(79,87), 0, 1
(79,88), 0, 1
(80,1), 0, 1
(80,2), 0, 1
(80,3), 0, 1
(80,4), 0, 1
(80,5), 0, 1
(80,7), 0, 1
(80,8), 0, 1
(80,9), 0, 1
(80,11), 0, 1
(80,15), 0, 1
(80,16), 0, 1
(80,17), 0, 1
(80,18), 0, 1
(80,19), 0, 1
(80,20), 0, 1
(80,21), 0, 1
(80,22), 0, 1
(80,23), 0, 1
(80,24), 0, 1
(80,25), 0, 1
(80,26), 0, 1
(80,27), 0, 1
(80,28), 0, 1
(80,29), 0, 1
(80,31), 0, 1
(80,32), 0, 1
(80,33), 0, 1
(80,34), 0, 1
(80,35), 0, 1
(80,36), 0, 1
(80,37), 0, 1
(80,40), 0, 1
(80,41), 0, 1
(80,43), 0, 1
(80,44), 0, 1
(80,47), 0, 1
(80,48), 0, 1
(80,49), 0, 1
(80,50), 0, 1
(80,52), 0, 1
(80,53), 0, 1
(80,54), 0, 1
(80,55), 0, 1
(80,56), 0, 1
(80,57), 0, 1
(80,58), 0, 1
(80,59), 0, 1
(80,60), 0, 1
(80,61), 0, 1
(80,62), 0, 1
(80,63), 0, 1
(80,64), 0, 1
(80,65), 0, 1
(80,66), 0, 1
(80,67), 0, 1
(80,68), 0, 1
(80,69), 0, 1
(80,70), 0, 1
(80,71), 0, 1
(80,72), 0, 1
(80,73), 0, 1
(80,74), 0, 1
(80,75), 0, 1
(80,77), 0, 1
(80,78), 0, 1
(80,79), 0, 1
(80,81), 0, 1
(80,82), 0, 1
(80,83), 0, 1
(80,84), 0, 1
(80,86), 0, 1
(80,87), 0, 1
(80,88), 0, 1
(80,89), 0, 1
(80,92), 0, 1
(80,93), 0, 1
(80,95), 0, 1
(80,97), 0, 1
(80,98), 0, 1
(82,2), 0, 1
(82,4), 0, 1
(82,5), 0, 1
(82,18), 0, 1
(82,34), 0, 1
(82,48), 0, 1
(82,50), 0, 1
(82,56), 0, 1
(82,58), 0, 1
(82,73), 0, 1
(82,92), 0, 1
(83,3), 0, 1
(83,7), 0, 1
(83,11), 0, 1
(83,27), 0, 1
(83,32), 0, 1
(83,40), 0, 1
(83,42), 0, 1
(83,43), 0, 1
(83,47), 0, 1
(83,49), 0, 1
(83,53), 0, 1
(83,59), 0, 1
(83,60), 0, 1
(83,68), 0, 1
(83,69), 0, 1
(83,82), 0, 1
(83,86), 0, 1
(83,87), 0, 1
(83,88), 0, 1
(84,7), 0, 1
(84,11), 0, 1
(84,15), 0, 1
(84,27), 0, 1
(84,32), 0, 1
(84,40), 0, 1
(84,43), 0, 1
(84,47), 0, 1
(84,49), 0, 1
(84,53), 0, 1
(84,59), 0, 1
(84,68), 0, 1
(84,69), 0, 1
(84,82), 0, 1
(84,86), 0, 1
(84,87), 0, 1
(84,97), 0, 1
(85,7), 0, 1
(85,11), 0, 1
(85,15), 0, 1
(85,27), 0, 1
(85,30), 0, 1
(85,32), 0, 1
(85,40), 0, 1
(85,42), 0, 1
(85,43), 0, 1
(85,47), 0, 1
(85,49), 0, 1
(85,53), 0, 1
(85,59), 0, 1
(85,60), 0, 1
(85,69), 0, 1
(85,86), 0, 1
(85,87), 0, 1
(85,88), 0, 1
(86,2), 0, 1
(86,4), 0, 1
(86,5), 0, 1
(86,18), 0, 1
(86,20), 0, 1
(86,34), 0, 1
(86,48), 0, 1
(86,50), 0, 1
(86,56), 0, 1
(86,58), 0, 1
(86,73), 0, 1
(86,92), 0, 1
(87,52), 0, 1
(88,3), 0, 1
(88,7), 0, 1
(88,11), 0, 1
(88,15), 0, 1
(88,27), 0, 1
(88,30), 0, 1
(88,32), 0, 1
(88,47), 0, 1
(88,49), 0, 1
(88,53), 0, 1
(88,60), 0, 1
(88,69), 0, 1
(88,82), 0, 1
(88,86), 0, 1
(88,87), 0, 1
(88,96), 0, 1
(88,97), 0, 1
(89,3), 0, 1
(89,7), 0, 1
(89,11), 0, 1
(89,15), 0, 1
(89,27), 0, 1
(89,30), 0, 1
(89,40), 0, 1
(89,47), 0, 1
(89,49), 0, 1
(89,53), 0, 1
(89,59), 0, 1
(89,68), 0, 1
(89,69), 0, 1
(89,82), 0, 1
(89,86), 0, 1
(89,87), 0, 1
(89,88), 0, 1
(90,1), 0, 1
(90,2), 0, 1
(90,3), 0, 1
(90,4), 0, 1
(90,5), 0, 1
(90,8), 0, 1
(90,9), 0, 1
(90,11), 0, 1
(90,15), 0, 1
(90,16), 0, 1
(90,17), 0, 1
(90,18), 0, 1
(90,19), 0, 1
(90,20), 0, 1
(90,21), 0, 1
(90,23), 0, 1
(90,24), 0, 1
(90,25), 0, 1
(90,26), 0, 1
(90,27), 0, 1
(90,28), 0, 1
(90,29), 0, 1
(90,31), 0, 1
(90,32), 0, 1
(90,33), 0, 1
(90,34), 0, 1
(90,35), 0, 1
(90,36), 0, 1
(90,37), 0, 1
(90,38), 0, 1
(90,40), 0, 1
(90,41), 0, 1
(90,42), 0, 1
(90,44), 0, 1
(90,47), 0, 1
(90,48), 0, 1
(90,49), 0, 1
(90,50), 0, 1
(90,53), 0, 1
(90,55), 0, 1
(90,56), 0, 1
(90,57), 0, 1
(90,58), 0, 1
(90,59), 0, 1
(90,60), 0, 1
(90,61), 0, 1
(90,62), 0, 1
(90,63), 0, 1
(90,64), 0, 1
(90,66), 0, 1
(90,67), 0, 1
(90,68), 0, 1
(90,69), 0, 1
(90,70), 0, 1
(90,71), 0, 1
(90,72), 0, 1
(90,73), 0, 1
(90,75), 0, 1
(90,77), 0, 1
(90,78), 0, 1
(90,79), 0, 1
(90,81), 0, 1
(90,82), 0, 1
(90,83), 0, 1
(90,85), 0, 1
(90,86), 0, 1
(90,87), 0, 1
(90,88), 0, 1
(90,89), 0, 1
(90,92), 0, 1
(90,93), 0, 1
(90,94), 0, 1
(90,95), 0, 1
(90,97), 0, 1
(90,98), 0, 1
(91,3), 0, 1
(91,7), 0, 1
(91,11), 0, 1
(91,15), 0, 1
(91,27), 0, 1
(91,30), 0, 1
(91,40), 0, 1
(91,43), 0, 1
(91,47), 0, 1
(91,49), 0, 1
(91,52), 0, 1
(91,53), 0, 1
(91,60), 0, 1
(91,68), 0, 1
(91,69), 0, 1
(91,82), 0, 1
(91,86), 0, 1
(91,87), 0, 1
(91,88), 0, 1
(91,97), 0, 1
(92,3), 0, 1
(92,7), 0, 1
(92,11), 0, 1
(92,15), 0, 1
(92,27), 0, 1
(92,32), 0, 1
(92,40), 0, 1
(92,42), 0, 1
(92,43), 0, 1
(92,47), 0, 1
(92,53), 0, 1
(92,59), 0, 1
(92,60), 0, 1
(92,69), 0, 1
(92,82), 0, 1
(92,86), 0, 1
(92,87), 0, 1
(92,96), 0, 1
(93,0), 0, 1
(93,2), 0, 1
(93,4), 0, 1
(93,5), 0, 1
(93,18), 0, 1
(93,20), 0, 1
(93,48), 0, 1
(93,50), 0, 1
(93,56), 0, 1
(93,58), 0, 1
(93,70), 0, 1
(93,73), 0, 1
(93,92), 0, 1
(94,3), 0, 1
(94,7), 0, 1
(94,11), 0, 1
(94,15), 0, 1
(94,27), 0, 1
(94,30), 0, 1
(94,32), 0, 1
(94,40), 0, 1
(94,42), 0, 1
(94,43), 0, 1
(94,47), 0, 1
(94,49), 0, 1
(94,53), 0, 1
(94,59), 0, 1
(94,68), 0, 1
(94,69), 0, 1
(94,82), 0, 1
(94,86), 0, 1
(94,88), 0, 1
(94,90), 0, 1
(94,97), 0, 1
(95,3), 0, 1
(95,7), 0, 1
(95,11), 0, 1
(95,15), 0, 1
(95,27), 0, 1
(95,30), 0, 1
(95,40), 0, 1
(95,42), 0, 1
(95,43), 0, 1
(95,49), 0, 1
(95,53), 0, 1
(95,59), 0, 1
(95,60), 0, 1
(95,68), 0, 1
(95,69), 0, 1
(95,82), 0, 1
(95,86), 0, 1
(95,87), 0, 1
(95,90), 0, 1
(96,1), 0, 1
(96,2), 0, 1
(96,3), 0, 1
(96,4), 0, 1
(96,5), 0, 1
(96,6), 0, 1
(96,7), 0, 1
(96,9), 0, 1
(96,16), 0, 1
(96,17), 0, 1
(96,18), 0, 1
(96,19), 0, 1
(96,20), 0, 1
(96,21), 0, 1
(96,22), 0, 1
(96,24), 0, 1
(96,25), 0, 1
(96,26), 0, 1
(96,27), 0, 1
(96,28), 0, 1
(96,29), 0, 1
(96,31), 0, 1
(96,33), 0, 1
(96,34), 0, 1
(96,35), 0, 1
(96,37), 0, 1
(96,38), 0, 1
(96,40), 0, 1
(96,41), 0, 1
(96,43), 0, 1
(96,44), 0, 1
(96,47), 0, 1
(96,48), 0, 1
(96,49), 0, 1
(96,50), 0, 1
(96,53), 0, 1
(96,54), 0, 1
(96,55), 0, 1
(96,56), 0, 1
(96,57), 0, 1
(96,58), 0, 1
(96,59), 0, 1
(96,60), 0, 1
(96,61), 0, 1
(96,62), 0, 1
(96,63), 0, 1
(96,64), 0, 1
(96,65), 0, 1
(96,66), 0, 1
(96,67), 0, 1
(96,69), 0, 1
(96,70), 0, 1
(96,71), 0, 1
(96,72), 0, 1
(96,73), 0, 1
(96,75), 0, 1
(96,77), 0, 1
(96,78), 0, 1
(96,79), 0, 1
(96,81), 0, 1
(96,82), 0, 1
(96,83), 0, 1
(96,85), 0, 1
(96,86), 0, 1
(96,87), 0, 1
(96,89), 0, 1
(96,92), 0, 1
(96,94), 0, 1
(96,95), 0, 1
(96,97), 0, 1
(96,98), 0, 1
(97,1), 0, 1
(97,2), 0, 1
(97,3), 0, 1
(97,4), 0, 1
(97,5), 0, 1
(97,7), 0, 1
(97,9), 0, 1
(97,11), 0, 1
(97,15), 0, 1
(97,16), 0, 1
(97,17), 0, 1
(97,18), 0, 1
(97,19), 0, 1
(97,21), 0, 1
(97,22), 0, 1
(97,23), 0, 1
(97,24), 0, 1
(97,25), 0, 1
(97,26), 0, 1
(97,27), 0, 1
(97,28), 0, 1
(97,29), 0, 1
(97,30), 0, 1
(97,31), 0, 1
(97,32), 0, 1
(97,33), 0, 1
(97,34), 0, 1
(97,35), 0, 1
(97,36), 0, 1
(97,37), 0, 1
(97,38), 0, 1
(97,41), 0, 1
(97,42), 0, 1
(97,43), 0, 1
(97,44), 0, 1
(97,47), 0, 1
(97,48), 0, 1
(97,49), 0, 1
(97,50), 0, 1
(97,53), 0, 1
(97,56), 0, 1
(97,57), 0, 1
(97,58), 0, 1
(97,59), 0, 1
(97,60), 0, 1
(97,61), 0, 1
(97,62), 0, 1
(97,63), 0, 1
(97,64), 0, 1
(97,65), 0, 1
(97,66), 0, 1
(97,67), 0, 1
(97,68), 0, 1
(97,69), 0, 1
(97,70), 0, 1
(97,71), 0, 1
(97,72), 0, 1
(97,73), 0, 1
(97,77), 0, 1
(97,78), 0, 1
(97,79), 0, 1
(97,81), 0, 1
(97,82), 0, 1
(97,83), 0, 1
(97,84), 0, 1
(97,85), 0, 1
(97,86), 0, 1
(97,87), 0, 1
(97,88), 0, 1
(97,89), 0, 1
(97,90), 0, 1
(97,92), 0, 1
(97,93), 0, 1
(97,94), 0, 1
(97,95), 0, 1
(97,98), 0, 1
(98,3), 0, 1
(98,7), 0, 1
(98,11), 0, 1
(98,15), 0, 1
(98,27), 0, 1
(98,30), 0, 1
(98,40), 0, 1
(98,42), 0, 1
(98,43), 0, 1
(98,47), 0, 1
(98,49), 0, 1
(98,53), 0, 1
(98,59), 0, 1
(98,60), 0, 1
(98,68), 0, 1
(98,69), 0, 1
(98,87), 0, 1
(98,97), 0, 1
(99,0), 0, 1
(99,1), 0, 1
(99,2), 0, 1
(99,4), 0, 1
(99,5), 0, 1
(99,6), 0, 1
(99,9), 0, 1
(99,11), 0, 1
(99,15), 0, 1
(99,16), 0, 1
(99,17), 0, 1
(99,18), 0, 1
(99,19), 0, 1
(99,21), 0, 1
(99,22), 0, 1
(99,23), 0, 1
(99,24), 0, 1
(99,25), 0, 1
(99,26), 0, 1
(99,27), 0, 1
(99,28), 0, 1
(99,29), 0, 1
(99,30), 0, 1
(99,31), 0, 1
(99,32), 0, 1
(99,34), 0, 1
(99,35), 0, 1
(99,36), 0, 1
(99,37), 0, 1
(99,38), 0, 1
(99,40), 0, 1
(99,41), 0, 1
(99,42), 0, 1
(99,43), 0, 1
(99,44), 0, 1
(99,47), 0, 1
(99,48), 0, 1
(99,49), 0, 1
(99,50), 0, 1
(99,53), 0, 1
(99,54), 0, 1
(99,55), 0, 1
(99,56), 0, 1
(99,57), 0, 1
(99,58), 0, 1
(99,59), 0, 1
(99,60), 0, 1
(99,61), 0, 1
(99,62), 0, 1
(99,63), 0, 1
(99,64), 0, 1
(99,65), 0, 1
(99,67), 0, 1
(99,68), 0, 1
(99,69), 0, 1
(99,70), 0, 1
(99,71), 0, 1
(99,72), 0, 1
(99,73), 0, 1
(99,75), 0, 1
(99,77), 0, 1
(99,78), 0, 1
(99,79), 0, 1
(99,81), 0, 1
(99,82), 0, 1
(99,83), 0, 1
(99,84), 0, 1
(99,85), 0, 1
(99,86), 0, 1
(99,87), 0, 1
(99,89), 0, 1
(99,92), 0, 1
(99,93), 0, 1
(99,94), 0, 1
(99,95), 0, 1
(99,97), 0, 1
(99,98), 0, 1
