Nr_Pairs = 96
Nr_NDD = 4
Nr_Arcs = 2484
0	0.10
1	0.90
2	0.5
3	0.5
4	0.28
5	0.28
6	0.90
7	0.28
8	0.28
9	0.5
10	0.5
11	0.28
12	0.5
13	0.5
14	0.5
15	0.28
16	0.5
17	0.90
18	0.28
19	0.5
20	0.10
21	0.90
22	0.10
23	0.90
24	0.5
25	0.90
26	0.90
27	0.28
28	0.10
29	0.90
30	0.10
31	0.32
32	0.5
33	0.28
34	0.10
35	0.90
36	0.5
37	0.5
38	0.5
39	0.92
40	0.28
41	0.5
42	0.5
43	0.5
44	0.5
45	0.10
46	0.5
47	0.90
48	0.90
49	0.5
50	0.5
51	0.90
52	0.5
53	0.5
54	0.5
55	0.5
56	0.92
57	0.5
58	0.5
59	0.5
60	0.5
61	0.90
62	0.92
63	0.5
64	0.5
65	0.5
66	0.28
67	0.5
68	0.10
69	0.5
70	0.28
71	0.5
72	0.5
73	0.90
74	0.28
75	0.10
76	0.5
77	0.92
78	0.28
79	0.10
80	0.10
81	0.10
82	0.32
83	0.5
84	0.10
85	0.28
86	0.5
87	0.32
88	0.5
89	0.5
90	0.90
91	0.28
92	0.10
93	0.5
94	0.28
95	0.90
96	0.0
97	0.0
98	0.0
99	0.0
(0,2), 0, 1
(0,3), 0, 1
(0,4), 0, 1
(0,5), 0, 1
(0,8), 0, 1
(0,9), 0, 1
(0,10), 0, 1
(0,11), 0, 1
(0,12), 0, 1
(0,13), 0, 1
(0,14), 0, 1
(0,15), 0, 1
(0,16), 0, 1
(0,18), 0, 1
(0,19), 0, 1
(0,20), 0, 1
(0,22), 0, 1
(0,24), 0, 1
(0,28), 0, 1
(0,29), 0, 1
(0,30), 0, 1
(0,31), 0, 1
(0,32), 0, 1
(0,33), 0, 1
(0,34), 0, 1
(0,36), 0, 1
(0,37), 0, 1
(0,38), 0, 1
(0,41), 0, 1
(0,42), 0, 1
(0,43), 0, 1
(0,44), 0, 1
(0,45), 0, 1
(0,46), 0, 1
(0,48), 0, 1
(0,49), 0, 1
(0,50), 0, 1
(0,52), 0, 1
(0,53), 0, 1
(0,54), 0, 1
(0,55), 0, 1
(0,57), 0, 1
(0,58), 0, 1
(0,59), 0, 1
(0,60), 0, 1
(0,64), 0, 1
(0,65), 0, 1
(0,66), 0, 1
(0,67), 0, 1
(0,68), 0, 1
(0,69), 0, 1
(0,70), 0, 1
(0,71), 0, 1
(0,72), 0, 1
(0,75), 0, 1
(0,76), 0, 1
(0,78), 0, 1
(0,79), 0, 1
(0,80), 0, 1
(0,82), 0, 1
(0,83), 0, 1
(0,84), 0, 1
(0,85), 0, 1
(0,86), 0, 1
(0,87), 0, 1
(0,88), 0, 1
(0,89), 0, 1
(0,92), 0, 1
(0,93), 0, 1
(0,94), 0, 1
(1,0), 0, 1
(1,2), 0, 1
(1,3), 0, 1
(1,4), 0, 1
(1,7), 0, 1
(1,8), 0, 1
(1,9), 0, 1
(1,10), 0, 1
(1,11), 0, 1
(1,12), 0, 1
(1,13), 0, 1
(1,14), 0, 1
(1,16), 0, 1
(1,18), 0, 1
(1,19), 0, 1
(1,20), 0, 1
(1,22), 0, 1
(1,24), 0, 1
(1,28), 0, 1
(1,30), 0, 1
(1,32), 0, 1
(1,33), 0, 1
(1,34), 0, 1
(1,36), 0, 1
(1,37), 0, 1
(1,38), 0, 1
(1,40), 0, 1
(1,41), 0, 1
(1,42), 0, 1
(1,43), 0, 1
(1,44), 0, 1
(1,45), 0, 1
(1,46), 0, 1
(1,49), 0, 1
(1,50), 0, 1
(1,52), 0, 1
(1,54), 0, 1
(1,55), 0, 1
(1,57), 0, 1
(1,58), 0, 1
(1,59), 0, 1
(1,60), 0, 1
(1,63), 0, 1
(1,64), 0, 1
(1,65), 0, 1
(1,67), 0, 1
(1,68), 0, 1
(1,69), 0, 1
(1,70), 0, 1
(1,71), 0, 1
(1,72), 0, 1
(1,74), 0, 1
(1,75), 0, 1
(1,76), 0, 1
(1,77), 0, 1
(1,79), 0, 1
(1,80), 0, 1
(1,81), 0, 1
(1,82), 0, 1
(1,83), 0, 1
(1,84), 0, 1
(1,85), 0, 1
(1,86), 0, 1
(1,87), 0, 1
(1,88), 0, 1
(1,89), 0, 1
(1,91), 0, 1
(1,92), 0, 1
(1,93), 0, 1
(2,1), 0, 1
(2,3), 0, 1
(2,7), 0, 1
(2,8), 0, 1
(2,18), 0, 1
(2,37), 0, 1
(2,52), 0, 1
(2,60), 0, 1
(2,63), 0, 1
(2,64), 0, 1
(2,67), 0, 1
(2,72), 0, 1
(2,79), 0, 1
(2,86), 0, 1
(2,87), 0, 1
(2,93), 0, 1
(3,0), 0, 1
(3,2), 0, 1
(3,5), 0, 1
(3,8), 0, 1
(3,9), 0, 1
(3,10), 0, 1
(3,11), 0, 1
(3,12), 0, 1
(3,13), 0, 1
(3,14), 0, 1
(3,15), 0, 1
(3,16), 0, 1
(3,19), 0, 1
(3,20), 0, 1
(3,22), 0, 1
(3,24), 0, 1
(3,27), 0, 1
(3,28), 0, 1
(3,30), 0, 1
(3,31), 0, 1
(3,32), 0, 1
(3,33), 0, 1
(3,34), 0, 1
(3,36), 0, 1
(3,37), 0, 1
(3,38), 0, 1
(3,40), 0, 1
(3,41), 0, 1
(3,42), 0, 1
(3,43), 0, 1
(3,44), 0, 1
(3,45), 0, 1
(3,46), 0, 1
(3,50), 0, 1
(3,51), 0, 1
(3,52), 0, 1
(3,53), 0, 1
(3,54), 0, 1
(3,55), 0, 1
(3,57), 0, 1
(3,58), 0, 1
(3,59), 0, 1
(3,60), 0, 1
(3,62), 0, 1
(3,63), 0, 1
(3,64), 0, 1
(3,65), 0, 1
(3,66), 0, 1
(3,67), 0, 1
(3,68), 0, 1
(3,69), 0, 1
(3,71), 0, 1
(3,72), 0, 1
(3,74), 0, 1
(3,75), 0, 1
(3,76), 0, 1
(3,79), 0, 1
(3,80), 0, 1
(3,81), 0, 1
(3,83), 0, 1
(3,84), 0, 1
(3,85), 0, 1
(3,86), 0, 1
(3,87), 0, 1
(3,88), 0, 1
(3,89), 0, 1
(3,91), 0, 1
(3,92), 0, 1
(3,93), 0, 1
(3,94), 0, 1
(5,3), 0, 1
(5,7), 0, 1
(5,8), 0, 1
(5,18), 0, 1
(5,31), 0, 1
(5,37), 0, 1
(5,48), 0, 1
(5,52), 0, 1
(5,60), 0, 1
(5,63), 0, 1
(5,64), 0, 1
(5,67), 0, 1
(5,72), 0, 1
(5,79), 0, 1
(5,86), 0, 1
(5,87), 0, 1
(5,93), 0, 1
(6,11), 0, 1
(6,14), 0, 1
(6,15), 0, 1
(6,24), 0, 1
(6,33), 0, 1
(6,36), 0, 1
(6,38), 0, 1
(6,49), 0, 1
(6,50), 0, 1
(6,54), 0, 1
(6,65), 0, 1
(6,70), 0, 1
(6,71), 0, 1
(6,81), 0, 1
(6,85), 0, 1
(7,0), 0, 1
(7,2), 0, 1
(7,3), 0, 1
(7,4), 0, 1
(7,5), 0, 1
(7,8), 0, 1
(7,12), 0, 1
(7,13), 0, 1
(7,14), 0, 1
(7,15), 0, 1
(7,16), 0, 1
(7,18), 0, 1
(7,19), 0, 1
(7,20), 0, 1
(7,23), 0, 1
(7,24), 0, 1
(7,28), 0, 1
(7,29), 0, 1
(7,30), 0, 1
(7,31), 0, 1
(7,32), 0, 1
(7,33), 0, 1
(7,34), 0, 1
(7,36), 0, 1
(7,37), 0, 1
(7,38), 0, 1
(7,40), 0, 1
(7,41), 0, 1
(7,42), 0, 1
(7,43), 0, 1
(7,44), 0, 1
(7,45), 0, 1
(7,46), 0, 1
(7,49), 0, 1
(7,52), 0, 1
(7,53), 0, 1
(7,54), 0, 1
(7,55), 0, 1
(7,57), 0, 1
(7,58), 0, 1
(7,59), 0, 1
(7,60), 0, 1
(7,63), 0, 1
(7,64), 0, 1
(7,65), 0, 1
(7,66), 0, 1
(7,67), 0, 1
(7,68), 0, 1
(7,69), 0, 1
(7,70), 0, 1
(7,71), 0, 1
(7,72), 0, 1
(7,74), 0, 1
(7,75), 0, 1
(7,76), 0, 1
(7,78), 0, 1
(7,79), 0, 1
(7,81), 0, 1
(7,82), 0, 1
(7,83), 0, 1
(7,84), 0, 1
(7,85), 0, 1
(7,86), 0, 1
(7,87), 0, 1
(7,88), 0, 1
(7,89), 0, 1
(7,92), 0, 1
(7,93), 0, 1
(7,94), 0, 1
(8,0), 0, 1
(8,2), 0, 1
(8,3), 0, 1
(8,4), 0, 1
(8,7), 0, 1
(8,9), 0, 1
(8,10), 0, 1
(8,11), 0, 1
(8,12), 0, 1
(8,13), 0, 1
(8,14), 0, 1
(8,16), 0, 1
(8,18), 0, 1
(8,19), 0, 1
(8,20), 0, 1
(8,22), 0, 1
(8,24), 0, 1
(8,27), 0, 1
(8,28), 0, 1
(8,30), 0, 1
(8,31), 0, 1
(8,32), 0, 1
(8,34), 0, 1
(8,36), 0, 1
(8,37), 0, 1
(8,38), 0, 1
(8,40), 0, 1
(8,41), 0, 1
(8,42), 0, 1
(8,43), 0, 1
(8,44), 0, 1
(8,45), 0, 1
(8,46), 0, 1
(8,49), 0, 1
(8,50), 0, 1
(8,52), 0, 1
(8,53), 0, 1
(8,54), 0, 1
(8,55), 0, 1
(8,57), 0, 1
(8,58), 0, 1
(8,59), 0, 1
(8,60), 0, 1
(8,61), 0, 1
(8,63), 0, 1
(8,64), 0, 1
(8,65), 0, 1
(8,67), 0, 1
(8,68), 0, 1
(8,69), 0, 1
(8,70), 0, 1
(8,71), 0, 1
(8,72), 0, 1
(8,76), 0, 1
(8,78), 0, 1
(8,79), 0, 1
(8,81), 0, 1
(8,83), 0, 1
(8,84), 0, 1
(8,86), 0, 1
(8,87), 0, 1
(8,88), 0, 1
(8,89), 0, 1
(8,91), 0, 1
(8,92), 0, 1
(8,93), 0, 1
(8,94), 0, 1
(11,3), 0, 1
(11,7), 0, 1
(11,8), 0, 1
(11,18), 0, 1
(11,37), 0, 1
(11,52), 0, 1
(11,60), 0, 1
(11,64), 0, 1
(11,67), 0, 1
(11,72), 0, 1
(11,79), 0, 1
(11,86), 0, 1
(11,87), 0, 1
(11,93), 0, 1
(12,0), 0, 1
(12,2), 0, 1
(12,3), 0, 1
(12,4), 0, 1
(12,5), 0, 1
(12,7), 0, 1
(12,8), 0, 1
(12,9), 0, 1
(12,10), 0, 1
(12,11), 0, 1
(12,13), 0, 1
(12,14), 0, 1
(12,15), 0, 1
(12,16), 0, 1
(12,18), 0, 1
(12,19), 0, 1
(12,20), 0, 1
(12,22), 0, 1
(12,23), 0, 1
(12,24), 0, 1
(12,27), 0, 1
(12,28), 0, 1
(12,30), 0, 1
(12,31), 0, 1
(12,32), 0, 1
(12,33), 0, 1
(12,34), 0, 1
(12,35), 0, 1
(12,36), 0, 1
(12,37), 0, 1
(12,38), 0, 1
(12,39), 0, 1
(12,40), 0, 1
(12,41), 0, 1
(12,42), 0, 1
(12,43), 0, 1
(12,44), 0, 1
(12,45), 0, 1
(12,49), 0, 1
(12,50), 0, 1
(12,52), 0, 1
(12,53), 0, 1
(12,55), 0, 1
(12,57), 0, 1
(12,58), 0, 1
(12,59), 0, 1
(12,60), 0, 1
(12,63), 0, 1
(12,64), 0, 1
(12,65), 0, 1
(12,67), 0, 1
(12,68), 0, 1
(12,69), 0, 1
(12,71), 0, 1
(12,72), 0, 1
(12,73), 0, 1
(12,75), 0, 1
(12,76), 0, 1
(12,78), 0, 1
(12,79), 0, 1
(12,81), 0, 1
(12,83), 0, 1
(12,84), 0, 1
(12,85), 0, 1
(12,87), 0, 1
(12,88), 0, 1
(12,89), 0, 1
(12,91), 0, 1
(12,92), 0, 1
(12,93), 0, 1
(12,94), 0, 1
(13,3), 0, 1
(13,7), 0, 1
(13,8), 0, 1
(13,17), 0, 1
(13,31), 0, 1
(13,37), 0, 1
(13,52), 0, 1
(13,60), 0, 1
(13,63), 0, 1
(13,64), 0, 1
(13,72), 0, 1
(13,78), 0, 1
(13,79), 0, 1
(13,86), 0, 1
(13,93), 0, 1
(14,3), 0, 1
(14,7), 0, 1
(14,8), 0, 1
(14,18), 0, 1
(14,31), 0, 1
(14,37), 0, 1
(14,52), 0, 1
(14,60), 0, 1
(14,63), 0, 1
(14,64), 0, 1
(14,67), 0, 1
(14,72), 0, 1
(14,78), 0, 1
(14,79), 0, 1
(14,86), 0, 1
(14,87), 0, 1
(14,93), 0, 1
(15,3), 0, 1
(15,7), 0, 1
(15,8), 0, 1
(15,18), 0, 1
(15,37), 0, 1
(15,52), 0, 1
(15,63), 0, 1
(15,64), 0, 1
(15,67), 0, 1
(15,72), 0, 1
(15,78), 0, 1
(15,79), 0, 1
(15,86), 0, 1
(15,87), 0, 1
(15,93), 0, 1
(16,3), 0, 1
(16,7), 0, 1
(16,8), 0, 1
(16,18), 0, 1
(16,37), 0, 1
(16,52), 0, 1
(16,60), 0, 1
(16,63), 0, 1
(16,64), 0, 1
(16,67), 0, 1
(16,72), 0, 1
(16,78), 0, 1
(16,79), 0, 1
(16,86), 0, 1
(16,87), 0, 1
(16,93), 0, 1
(17,8), 0, 1
(17,31), 0, 1
(17,37), 0, 1
(17,52), 0, 1
(17,60), 0, 1
(17,63), 0, 1
(17,64), 0, 1
(17,67), 0, 1
(17,72), 0, 1
(17,78), 0, 1
(17,79), 0, 1
(17,86), 0, 1
(17,93), 0, 1
(18,3), 0, 1
(18,7), 0, 1
(18,8), 0, 1
(18,37), 0, 1
(18,60), 0, 1
(18,63), 0, 1
(18,64), 0, 1
(18,67), 0, 1
(18,72), 0, 1
(18,79), 0, 1
(18,86), 0, 1
(18,93), 0, 1
(19,3), 0, 1
(19,7), 0, 1
(19,8), 0, 1
(19,18), 0, 1
(19,31), 0, 1
(19,37), 0, 1
(19,52), 0, 1
(19,60), 0, 1
(19,63), 0, 1
(19,64), 0, 1
(19,67), 0, 1
(19,72), 0, 1
(19,86), 0, 1
(19,93), 0, 1
(20,3), 0, 1
(20,7), 0, 1
(20,8), 0, 1
(20,18), 0, 1
(20,31), 0, 1
(20,37), 0, 1
(20,52), 0, 1
(20,63), 0, 1
(20,64), 0, 1
(20,67), 0, 1
(20,72), 0, 1
(20,79), 0, 1
(20,86), 0, 1
(21,3), 0, 1
(21,7), 0, 1
(21,8), 0, 1
(21,18), 0, 1
(21,31), 0, 1
(21,37), 0, 1
(21,52), 0, 1
(21,60), 0, 1
(21,63), 0, 1
(21,64), 0, 1
(21,67), 0, 1
(21,72), 0, 1
(21,78), 0, 1
(21,79), 0, 1
(21,86), 0, 1
(21,93), 0, 1
(22,0), 0, 1
(22,2), 0, 1
(22,3), 0, 1
(22,5), 0, 1
(22,7), 0, 1
(22,8), 0, 1
(22,9), 0, 1
(22,10), 0, 1
(22,11), 0, 1
(22,12), 0, 1
(22,13), 0, 1
(22,14), 0, 1
(22,15), 0, 1
(22,16), 0, 1
(22,17), 0, 1
(22,18), 0, 1
(22,19), 0, 1
(22,20), 0, 1
(22,24), 0, 1
(22,27), 0, 1
(22,28), 0, 1
(22,29), 0, 1
(22,31), 0, 1
(22,32), 0, 1
(22,33), 0, 1
(22,34), 0, 1
(22,36), 0, 1
(22,37), 0, 1
(22,38), 0, 1
(22,39), 0, 1
(22,40), 0, 1
(22,41), 0, 1
(22,42), 0, 1
(22,43), 0, 1
(22,44), 0, 1
(22,45), 0, 1
(22,46), 0, 1
(22,49), 0, 1
(22,50), 0, 1
(22,52), 0, 1
(22,53), 0, 1
(22,55), 0, 1
(22,57), 0, 1
(22,58), 0, 1
(22,59), 0, 1
(22,60), 0, 1
(22,63), 0, 1
(22,64), 0, 1
(22,65), 0, 1
(22,66), 0, 1
(22,67), 0, 1
(22,68), 0, 1
(22,69), 0, 1
(22,70), 0, 1
(22,71), 0, 1
(22,72), 0, 1
(22,74), 0, 1
(22,75), 0, 1
(22,76), 0, 1
(22,78), 0, 1
(22,79), 0, 1
(22,81), 0, 1
(22,83), 0, 1
(22,84), 0, 1
(22,85), 0, 1
(22,86), 0, 1
(22,87), 0, 1
(22,88), 0, 1
(22,89), 0, 1
(22,91), 0, 1
(22,93), 0, 1
(23,0), 0, 1
(23,2), 0, 1
(23,3), 0, 1
(23,4), 0, 1
(23,10), 0, 1
(23,11), 0, 1
(23,12), 0, 1
(23,13), 0, 1
(23,14), 0, 1
(23,16), 0, 1
(23,18), 0, 1
(23,19), 0, 1
(23,20), 0, 1
(23,22), 0, 1
(23,24), 0, 1
(23,27), 0, 1
(23,28), 0, 1
(23,30), 0, 1
(23,32), 0, 1
(23,34), 0, 1
(23,36), 0, 1
(23,37), 0, 1
(23,38), 0, 1
(23,40), 0, 1
(23,41), 0, 1
(23,42), 0, 1
(23,43), 0, 1
(23,44), 0, 1
(23,45), 0, 1
(23,46), 0, 1
(23,49), 0, 1
(23,50), 0, 1
(23,52), 0, 1
(23,53), 0, 1
(23,54), 0, 1
(23,55), 0, 1
(23,57), 0, 1
(23,58), 0, 1
(23,60), 0, 1
(23,63), 0, 1
(23,64), 0, 1
(23,65), 0, 1
(23,66), 0, 1
(23,67), 0, 1
(23,68), 0, 1
(23,69), 0, 1
(23,70), 0, 1
(23,71), 0, 1
(23,72), 0, 1
(23,74), 0, 1
(23,75), 0, 1
(23,76), 0, 1
(23,78), 0, 1
(23,79), 0, 1
(23,80), 0, 1
(23,82), 0, 1
(23,83), 0, 1
(23,84), 0, 1
(23,86), 0, 1
(23,87), 0, 1
(23,89), 0, 1
(23,92), 0, 1
(23,93), 0, 1
(23,94), 0, 1
(24,7), 0, 1
(24,8), 0, 1
(24,18), 0, 1
(24,31), 0, 1
(24,37), 0, 1
(24,52), 0, 1
(24,60), 0, 1
(24,63), 0, 1
(24,64), 0, 1
(24,67), 0, 1
(24,72), 0, 1
(24,78), 0, 1
(24,79), 0, 1
(24,86), 0, 1
(24,87), 0, 1
(24,93), 0, 1
(25,3), 0, 1
(25,7), 0, 1
(25,8), 0, 1
(25,31), 0, 1
(25,37), 0, 1
(25,52), 0, 1
(25,60), 0, 1
(25,63), 0, 1
(25,64), 0, 1
(25,67), 0, 1
(25,72), 0, 1
(25,79), 0, 1
(25,86), 0, 1
(25,93), 0, 1
(25,95), 0, 1
(27,3), 0, 1
(27,7), 0, 1
(27,8), 0, 1
(27,31), 0, 1
(27,37), 0, 1
(27,52), 0, 1
(27,60), 0, 1
(27,63), 0, 1
(27,64), 0, 1
(27,67), 0, 1
(27,72), 0, 1
(27,78), 0, 1
(27,79), 0, 1
(27,86), 0, 1
(27,87), 0, 1
(27,93), 0, 1
(28,11), 0, 1
(28,15), 0, 1
(28,24), 0, 1
(28,36), 0, 1
(28,38), 0, 1
(28,49), 0, 1
(28,50), 0, 1
(28,51), 0, 1
(28,54), 0, 1
(28,65), 0, 1
(28,70), 0, 1
(28,71), 0, 1
(28,74), 0, 1
(28,81), 0, 1
(29,15), 0, 1
(29,24), 0, 1
(29,33), 0, 1
(29,36), 0, 1
(29,38), 0, 1
(29,39), 0, 1
(29,49), 0, 1
(29,50), 0, 1
(29,54), 0, 1
(29,65), 0, 1
(29,70), 0, 1
(29,71), 0, 1
(29,74), 0, 1
(29,81), 0, 1
(29,85), 0, 1
(30,3), 0, 1
(30,37), 0, 1
(30,52), 0, 1
(30,60), 0, 1
(30,61), 0, 1
(30,63), 0, 1
(30,67), 0, 1
(30,72), 0, 1
(30,86), 0, 1
(30,87), 0, 1
(30,93), 0, 1
(31,14), 0, 1
(31,15), 0, 1
(31,23), 0, 1
(31,24), 0, 1
(31,36), 0, 1
(31,38), 0, 1
(31,49), 0, 1
(31,50), 0, 1
(31,54), 0, 1
(31,65), 0, 1
(31,70), 0, 1
(31,71), 0, 1
(31,81), 0, 1
(31,85), 0, 1
(32,3), 0, 1
(32,7), 0, 1
(32,8), 0, 1
(32,18), 0, 1
(32,31), 0, 1
(32,37), 0, 1
(32,52), 0, 1
(32,60), 0, 1
(32,63), 0, 1
(32,64), 0, 1
(32,67), 0, 1
(32,72), 0, 1
(32,78), 0, 1
(32,79), 0, 1
(32,86), 0, 1
(32,87), 0, 1
(32,93), 0, 1
(33,3), 0, 1
(33,7), 0, 1
(33,8), 0, 1
(33,18), 0, 1
(33,37), 0, 1
(33,52), 0, 1
(33,60), 0, 1
(33,64), 0, 1
(33,67), 0, 1
(33,72), 0, 1
(33,78), 0, 1
(33,79), 0, 1
(33,86), 0, 1
(33,87), 0, 1
(33,93), 0, 1
(34,3), 0, 1
(34,7), 0, 1
(34,8), 0, 1
(34,37), 0, 1
(34,60), 0, 1
(34,63), 0, 1
(34,64), 0, 1
(34,67), 0, 1
(34,72), 0, 1
(34,79), 0, 1
(34,86), 0, 1
(34,87), 0, 1
(34,93), 0, 1
(34,95), 0, 1
(35,3), 0, 1
(35,7), 0, 1
(35,18), 0, 1
(35,37), 0, 1
(35,52), 0, 1
(35,60), 0, 1
(35,63), 0, 1
(35,64), 0, 1
(35,72), 0, 1
(35,78), 0, 1
(35,79), 0, 1
(35,86), 0, 1
(35,87), 0, 1
(35,93), 0, 1
(36,3), 0, 1
(36,8), 0, 1
(36,37), 0, 1
(36,47), 0, 1
(36,52), 0, 1
(36,60), 0, 1
(36,63), 0, 1
(36,64), 0, 1
(36,67), 0, 1
(36,72), 0, 1
(36,79), 0, 1
(36,86), 0, 1
(36,87), 0, 1
(36,93), 0, 1
(37,14), 0, 1
(37,24), 0, 1
(37,33), 0, 1
(37,36), 0, 1
(37,38), 0, 1
(37,49), 0, 1
(37,50), 0, 1
(37,54), 0, 1
(37,65), 0, 1
(37,71), 0, 1
(37,74), 0, 1
(37,81), 0, 1
(37,85), 0, 1
(38,1), 0, 1
(38,3), 0, 1
(38,18), 0, 1
(38,31), 0, 1
(38,37), 0, 1
(38,52), 0, 1
(38,60), 0, 1
(38,63), 0, 1
(38,64), 0, 1
(38,67), 0, 1
(38,72), 0, 1
(38,78), 0, 1
(38,79), 0, 1
(38,86), 0, 1
(38,87), 0, 1
(38,93), 0, 1
(38,95), 0, 1
(39,3), 0, 1
(39,17), 0, 1
(39,31), 0, 1
(39,37), 0, 1
(39,52), 0, 1
(39,60), 0, 1
(39,63), 0, 1
(39,64), 0, 1
(39,67), 0, 1
(39,72), 0, 1
(39,78), 0, 1
(39,79), 0, 1
(39,86), 0, 1
(39,87), 0, 1
(40,0), 0, 1
(40,2), 0, 1
(40,3), 0, 1
(40,4), 0, 1
(40,7), 0, 1
(40,8), 0, 1
(40,10), 0, 1
(40,11), 0, 1
(40,12), 0, 1
(40,13), 0, 1
(40,14), 0, 1
(40,15), 0, 1
(40,16), 0, 1
(40,18), 0, 1
(40,19), 0, 1
(40,20), 0, 1
(40,24), 0, 1
(40,27), 0, 1
(40,28), 0, 1
(40,30), 0, 1
(40,31), 0, 1
(40,32), 0, 1
(40,33), 0, 1
(40,34), 0, 1
(40,36), 0, 1
(40,37), 0, 1
(40,38), 0, 1
(40,41), 0, 1
(40,42), 0, 1
(40,43), 0, 1
(40,44), 0, 1
(40,45), 0, 1
(40,46), 0, 1
(40,49), 0, 1
(40,50), 0, 1
(40,52), 0, 1
(40,53), 0, 1
(40,54), 0, 1
(40,55), 0, 1
(40,57), 0, 1
(40,58), 0, 1
(40,59), 0, 1
(40,60), 0, 1
(40,63), 0, 1
(40,64), 0, 1
(40,65), 0, 1
(40,66), 0, 1
(40,67), 0, 1
(40,68), 0, 1
(40,69), 0, 1
(40,70), 0, 1
(40,71), 0, 1
(40,72), 0, 1
(40,75), 0, 1
(40,76), 0, 1
(40,79), 0, 1
(40,80), 0, 1
(40,81), 0, 1
(40,82), 0, 1
(40,83), 0, 1
(40,85), 0, 1
(40,87), 0, 1
(40,88), 0, 1
(40,89), 0, 1
(40,91), 0, 1
(40,92), 0, 1
(40,93), 0, 1
(40,94), 0, 1
(41,3), 0, 1
(41,7), 0, 1
(41,8), 0, 1
(41,37), 0, 1
(41,52), 0, 1
(41,60), 0, 1
(41,63), 0, 1
(41,64), 0, 1
(41,67), 0, 1
(41,72), 0, 1
(41,86), 0, 1
(41,93), 0, 1
(42,3), 0, 1
(42,8), 0, 1
(42,18), 0, 1
(42,37), 0, 1
(42,52), 0, 1
(42,60), 0, 1
(42,63), 0, 1
(42,64), 0, 1
(42,72), 0, 1
(42,79), 0, 1
(42,86), 0, 1
(42,87), 0, 1
(42,93), 0, 1
(43,3), 0, 1
(43,18), 0, 1
(43,31), 0, 1
(43,37), 0, 1
(43,52), 0, 1
(43,60), 0, 1
(43,63), 0, 1
(43,64), 0, 1
(43,72), 0, 1
(43,86), 0, 1
(43,93), 0, 1
(44,3), 0, 1
(44,7), 0, 1
(44,8), 0, 1
(44,18), 0, 1
(44,37), 0, 1
(44,47), 0, 1
(44,52), 0, 1
(44,60), 0, 1
(44,63), 0, 1
(44,64), 0, 1
(44,67), 0, 1
(44,72), 0, 1
(44,78), 0, 1
(44,79), 0, 1
(44,86), 0, 1
(44,87), 0, 1
(44,93), 0, 1
(45,3), 0, 1
(45,7), 0, 1
(45,8), 0, 1
(45,37), 0, 1
(45,52), 0, 1
(45,60), 0, 1
(45,63), 0, 1
(45,64), 0, 1
(45,67), 0, 1
(45,72), 0, 1
(45,78), 0, 1
(45,79), 0, 1
(45,86), 0, 1
(45,87), 0, 1
(45,93), 0, 1
(46,3), 0, 1
(46,7), 0, 1
(46,8), 0, 1
(46,26), 0, 1
(46,31), 0, 1
(46,37), 0, 1
(46,47), 0, 1
(46,52), 0, 1
(46,60), 0, 1
(46,63), 0, 1
(46,64), 0, 1
(46,72), 0, 1
(46,79), 0, 1
(46,86), 0, 1
(46,93), 0, 1
(47,0), 0, 1
(47,2), 0, 1
(47,3), 0, 1
(47,4), 0, 1
(47,5), 0, 1
(47,6), 0, 1
(47,7), 0, 1
(47,8), 0, 1
(47,10), 0, 1
(47,11), 0, 1
(47,12), 0, 1
(47,13), 0, 1
(47,14), 0, 1
(47,16), 0, 1
(47,18), 0, 1
(47,19), 0, 1
(47,20), 0, 1
(47,22), 0, 1
(47,24), 0, 1
(47,27), 0, 1
(47,28), 0, 1
(47,30), 0, 1
(47,31), 0, 1
(47,32), 0, 1
(47,33), 0, 1
(47,34), 0, 1
(47,36), 0, 1
(47,37), 0, 1
(47,38), 0, 1
(47,41), 0, 1
(47,42), 0, 1
(47,43), 0, 1
(47,44), 0, 1
(47,46), 0, 1
(47,49), 0, 1
(47,50), 0, 1
(47,51), 0, 1
(47,52), 0, 1
(47,53), 0, 1
(47,54), 0, 1
(47,55), 0, 1
(47,58), 0, 1
(47,59), 0, 1
(47,60), 0, 1
(47,63), 0, 1
(47,64), 0, 1
(47,65), 0, 1
(47,66), 0, 1
(47,67), 0, 1
(47,68), 0, 1
(47,69), 0, 1
(47,71), 0, 1
(47,72), 0, 1
(47,75), 0, 1
(47,76), 0, 1
(47,78), 0, 1
(47,80), 0, 1
(47,81), 0, 1
(47,82), 0, 1
(47,83), 0, 1
(47,84), 0, 1
(47,85), 0, 1
(47,86), 0, 1
(47,87), 0, 1
(47,88), 0, 1
(47,89), 0, 1
(47,90), 0, 1
(47,91), 0, 1
(47,92), 0, 1
(47,93), 0, 1
(47,95), 0, 1
(48,2), 0, 1
(48,3), 0, 1
(48,4), 0, 1
(48,5), 0, 1
(48,7), 0, 1
(48,9), 0, 1
(48,10), 0, 1
(48,12), 0, 1
(48,13), 0, 1
(48,14), 0, 1
(48,15), 0, 1
(48,16), 0, 1
(48,19), 0, 1
(48,22), 0, 1
(48,24), 0, 1
(48,25), 0, 1
(48,27), 0, 1
(48,28), 0, 1
(48,30), 0, 1
(48,32), 0, 1
(48,33), 0, 1
(48,34), 0, 1
(48,36), 0, 1
(48,37), 0, 1
(48,38), 0, 1
(48,40), 0, 1
(48,41), 0, 1
(48,42), 0, 1
(48,43), 0, 1
(48,44), 0, 1
(48,45), 0, 1
(48,46), 0, 1
(48,47), 0, 1
(48,49), 0, 1
(48,50), 0, 1
(48,52), 0, 1
(48,53), 0, 1
(48,54), 0, 1
(48,55), 0, 1
(48,57), 0, 1
(48,58), 0, 1
(48,59), 0, 1
(48,60), 0, 1
(48,63), 0, 1
(48,64), 0, 1
(48,65), 0, 1
(48,66), 0, 1
(48,67), 0, 1
(48,68), 0, 1
(48,69), 0, 1
(48,71), 0, 1
(48,72), 0, 1
(48,74), 0, 1
(48,75), 0, 1
(48,76), 0, 1
(48,78), 0, 1
(48,80), 0, 1
(48,81), 0, 1
(48,82), 0, 1
(48,83), 0, 1
(48,84), 0, 1
(48,86), 0, 1
(48,88), 0, 1
(48,89), 0, 1
(48,91), 0, 1
(48,92), 0, 1
(48,93), 0, 1
(48,94), 0, 1
(49,3), 0, 1
(49,7), 0, 1
(49,18), 0, 1
(49,31), 0, 1
(49,52), 0, 1
(49,63), 0, 1
(49,64), 0, 1
(49,67), 0, 1
(49,72), 0, 1
(49,78), 0, 1
(49,79), 0, 1
(49,87), 0, 1
(49,93), 0, 1
(50,3), 0, 1
(50,18), 0, 1
(50,26), 0, 1
(50,31), 0, 1
(50,37), 0, 1
(50,52), 0, 1
(50,60), 0, 1
(50,63), 0, 1
(50,64), 0, 1
(50,67), 0, 1
(50,78), 0, 1
(50,79), 0, 1
(50,86), 0, 1
(50,87), 0, 1
(50,93), 0, 1
(51,3), 0, 1
(51,7), 0, 1
(51,18), 0, 1
(51,26), 0, 1
(51,31), 0, 1
(51,37), 0, 1
(51,52), 0, 1
(51,60), 0, 1
(51,63), 0, 1
(51,64), 0, 1
(51,67), 0, 1
(51,72), 0, 1
(51,78), 0, 1
(51,79), 0, 1
(51,86), 0, 1
(51,93), 0, 1
(52,11), 0, 1
(52,14), 0, 1
(52,24), 0, 1
(52,33), 0, 1
(52,36), 0, 1
(52,38), 0, 1
(52,49), 0, 1
(52,50), 0, 1
(52,54), 0, 1
(52,65), 0, 1
(52,70), 0, 1
(52,71), 0, 1
(52,74), 0, 1
(52,81), 0, 1
(52,85), 0, 1
(53,0), 0, 1
(53,2), 0, 1
(53,3), 0, 1
(53,4), 0, 1
(53,5), 0, 1
(53,7), 0, 1
(53,8), 0, 1
(53,9), 0, 1
(53,10), 0, 1
(53,11), 0, 1
(53,12), 0, 1
(53,13), 0, 1
(53,14), 0, 1
(53,15), 0, 1
(53,16), 0, 1
(53,18), 0, 1
(53,19), 0, 1
(53,20), 0, 1
(53,22), 0, 1
(53,24), 0, 1
(53,27), 0, 1
(53,28), 0, 1
(53,30), 0, 1
(53,32), 0, 1
(53,33), 0, 1
(53,34), 0, 1
(53,36), 0, 1
(53,37), 0, 1
(53,38), 0, 1
(53,39), 0, 1
(53,40), 0, 1
(53,41), 0, 1
(53,42), 0, 1
(53,43), 0, 1
(53,45), 0, 1
(53,49), 0, 1
(53,50), 0, 1
(53,52), 0, 1
(53,54), 0, 1
(53,55), 0, 1
(53,57), 0, 1
(53,58), 0, 1
(53,60), 0, 1
(53,63), 0, 1
(53,64), 0, 1
(53,65), 0, 1
(53,67), 0, 1
(53,69), 0, 1
(53,70), 0, 1
(53,71), 0, 1
(53,72), 0, 1
(53,75), 0, 1
(53,76), 0, 1
(53,78), 0, 1
(53,79), 0, 1
(53,80), 0, 1
(53,81), 0, 1
(53,82), 0, 1
(53,83), 0, 1
(53,85), 0, 1
(53,86), 0, 1
(53,88), 0, 1
(53,89), 0, 1
(53,92), 0, 1
(53,93), 0, 1
(53,94), 0, 1
(54,3), 0, 1
(54,7), 0, 1
(54,8), 0, 1
(54,18), 0, 1
(54,26), 0, 1
(54,37), 0, 1
(54,52), 0, 1
(54,60), 0, 1
(54,63), 0, 1
(54,64), 0, 1
(54,67), 0, 1
(54,72), 0, 1
(54,79), 0, 1
(54,86), 0, 1
(54,93), 0, 1
(55,3), 0, 1
(55,8), 0, 1
(55,17), 0, 1
(55,31), 0, 1
(55,37), 0, 1
(55,52), 0, 1
(55,60), 0, 1
(55,63), 0, 1
(55,64), 0, 1
(55,67), 0, 1
(55,72), 0, 1
(55,78), 0, 1
(55,79), 0, 1
(55,87), 0, 1
(55,93), 0, 1
(56,0), 0, 1
(56,2), 0, 1
(56,3), 0, 1
(56,8), 0, 1
(56,9), 0, 1
(56,10), 0, 1
(56,11), 0, 1
(56,12), 0, 1
(56,13), 0, 1
(56,14), 0, 1
(56,15), 0, 1
(56,16), 0, 1
(56,18), 0, 1
(56,19), 0, 1
(56,20), 0, 1
(56,22), 0, 1
(56,24), 0, 1
(56,27), 0, 1
(56,30), 0, 1
(56,31), 0, 1
(56,32), 0, 1
(56,33), 0, 1
(56,34), 0, 1
(56,36), 0, 1
(56,37), 0, 1
(56,38), 0, 1
(56,40), 0, 1
(56,41), 0, 1
(56,42), 0, 1
(56,43), 0, 1
(56,45), 0, 1
(56,49), 0, 1
(56,50), 0, 1
(56,52), 0, 1
(56,53), 0, 1
(56,55), 0, 1
(56,57), 0, 1
(56,58), 0, 1
(56,59), 0, 1
(56,60), 0, 1
(56,63), 0, 1
(56,64), 0, 1
(56,65), 0, 1
(56,66), 0, 1
(56,67), 0, 1
(56,68), 0, 1
(56,69), 0, 1
(56,70), 0, 1
(56,71), 0, 1
(56,72), 0, 1
(56,74), 0, 1
(56,75), 0, 1
(56,76), 0, 1
(56,78), 0, 1
(56,79), 0, 1
(56,80), 0, 1
(56,81), 0, 1
(56,82), 0, 1
(56,83), 0, 1
(56,84), 0, 1
(56,85), 0, 1
(56,86), 0, 1
(56,87), 0, 1
(56,88), 0, 1
(56,89), 0, 1
(56,91), 0, 1
(56,92), 0, 1
(56,93), 0, 1
(57,3), 0, 1
(57,7), 0, 1
(57,8), 0, 1
(57,18), 0, 1
(57,37), 0, 1
(57,52), 0, 1
(57,60), 0, 1
(57,63), 0, 1
(57,64), 0, 1
(57,67), 0, 1
(57,72), 0, 1
(57,79), 0, 1
(57,86), 0, 1
(57,93), 0, 1
(58,11), 0, 1
(58,14), 0, 1
(58,15), 0, 1
(58,24), 0, 1
(58,35), 0, 1
(58,36), 0, 1
(58,38), 0, 1
(58,49), 0, 1
(58,50), 0, 1
(58,54), 0, 1
(58,65), 0, 1
(58,70), 0, 1
(58,71), 0, 1
(58,81), 0, 1
(58,85), 0, 1
(59,3), 0, 1
(59,18), 0, 1
(59,26), 0, 1
(59,31), 0, 1
(59,47), 0, 1
(59,52), 0, 1
(59,60), 0, 1
(59,63), 0, 1
(59,64), 0, 1
(59,67), 0, 1
(59,72), 0, 1
(59,79), 0, 1
(59,86), 0, 1
(59,87), 0, 1
(59,93), 0, 1
(60,3), 0, 1
(60,7), 0, 1
(60,8), 0, 1
(60,31), 0, 1
(60,37), 0, 1
(60,48), 0, 1
(60,52), 0, 1
(60,63), 0, 1
(60,64), 0, 1
(60,67), 0, 1
(60,79), 0, 1
(60,86), 0, 1
(60,87), 0, 1
(61,11), 0, 1
(61,14), 0, 1
(61,24), 0, 1
(61,33), 0, 1
(61,38), 0, 1
(61,49), 0, 1
(61,50), 0, 1
(61,54), 0, 1
(61,65), 0, 1
(61,70), 0, 1
(61,71), 0, 1
(61,74), 0, 1
(61,81), 0, 1
(61,85), 0, 1
(62,14), 0, 1
(62,24), 0, 1
(62,33), 0, 1
(62,36), 0, 1
(62,38), 0, 1
(62,49), 0, 1
(62,54), 0, 1
(62,65), 0, 1
(62,70), 0, 1
(62,71), 0, 1
(62,81), 0, 1
(63,14), 0, 1
(63,23), 0, 1
(63,24), 0, 1
(63,33), 0, 1
(63,35), 0, 1
(63,36), 0, 1
(63,38), 0, 1
(63,49), 0, 1
(63,50), 0, 1
(63,54), 0, 1
(63,65), 0, 1
(63,70), 0, 1
(63,71), 0, 1
(63,81), 0, 1
(63,85), 0, 1
(64,3), 0, 1
(64,7), 0, 1
(64,8), 0, 1
(64,18), 0, 1
(64,31), 0, 1
(64,37), 0, 1
(64,52), 0, 1
(64,60), 0, 1
(64,63), 0, 1
(64,67), 0, 1
(64,72), 0, 1
(64,79), 0, 1
(64,86), 0, 1
(64,87), 0, 1
(64,93), 0, 1
(66,0), 0, 1
(66,2), 0, 1
(66,3), 0, 1
(66,4), 0, 1
(66,7), 0, 1
(66,8), 0, 1
(66,9), 0, 1
(66,10), 0, 1
(66,11), 0, 1
(66,13), 0, 1
(66,14), 0, 1
(66,16), 0, 1
(66,19), 0, 1
(66,20), 0, 1
(66,22), 0, 1
(66,24), 0, 1
(66,28), 0, 1
(66,30), 0, 1
(66,31), 0, 1
(66,32), 0, 1
(66,33), 0, 1
(66,34), 0, 1
(66,36), 0, 1
(66,37), 0, 1
(66,38), 0, 1
(66,41), 0, 1
(66,42), 0, 1
(66,43), 0, 1
(66,45), 0, 1
(66,49), 0, 1
(66,50), 0, 1
(66,52), 0, 1
(66,53), 0, 1
(66,54), 0, 1
(66,57), 0, 1
(66,58), 0, 1
(66,59), 0, 1
(66,60), 0, 1
(66,63), 0, 1
(66,64), 0, 1
(66,65), 0, 1
(66,67), 0, 1
(66,68), 0, 1
(66,69), 0, 1
(66,71), 0, 1
(66,72), 0, 1
(66,75), 0, 1
(66,76), 0, 1
(66,78), 0, 1
(66,79), 0, 1
(66,80), 0, 1
(66,82), 0, 1
(66,83), 0, 1
(66,84), 0, 1
(66,85), 0, 1
(66,86), 0, 1
(66,87), 0, 1
(66,88), 0, 1
(66,89), 0, 1
(66,91), 0, 1
(66,92), 0, 1
(66,93), 0, 1
(66,94), 0, 1
(68,11), 0, 1
(68,14), 0, 1
(68,24), 0, 1
(68,33), 0, 1
(68,36), 0, 1
(68,38), 0, 1
(68,49), 0, 1
(68,50), 0, 1
(68,54), 0, 1
(68,65), 0, 1
(68,70), 0, 1
(68,71), 0, 1
(68,74), 0, 1
(68,81), 0, 1
(69,8), 0, 1
(69,18), 0, 1
(69,37), 0, 1
(69,52), 0, 1
(69,60), 0, 1
(69,63), 0, 1
(69,64), 0, 1
(69,67), 0, 1
(69,72), 0, 1
(69,79), 0, 1
(69,93), 0, 1
(70,1), 0, 1
(70,3), 0, 1
(70,7), 0, 1
(70,18), 0, 1
(70,37), 0, 1
(70,52), 0, 1
(70,60), 0, 1
(70,61), 0, 1
(70,63), 0, 1
(70,64), 0, 1
(70,67), 0, 1
(70,72), 0, 1
(70,78), 0, 1
(70,79), 0, 1
(70,86), 0, 1
(70,93), 0, 1
(71,3), 0, 1
(71,7), 0, 1
(71,18), 0, 1
(71,37), 0, 1
(71,52), 0, 1
(71,60), 0, 1
(71,63), 0, 1
(71,67), 0, 1
(71,72), 0, 1
(71,79), 0, 1
(71,86), 0, 1
(71,87), 0, 1
(71,93), 0, 1
(73,11), 0, 1
(73,14), 0, 1
(73,15), 0, 1
(73,24), 0, 1
(73,25), 0, 1
(73,33), 0, 1
(73,36), 0, 1
(73,38), 0, 1
(73,49), 0, 1
(73,50), 0, 1
(73,54), 0, 1
(73,65), 0, 1
(73,70), 0, 1
(73,71), 0, 1
(73,74), 0, 1
(73,81), 0, 1
(73,85), 0, 1
(74,0), 0, 1
(74,2), 0, 1
(74,3), 0, 1
(74,4), 0, 1
(74,7), 0, 1
(74,8), 0, 1
(74,9), 0, 1
(74,10), 0, 1
(74,11), 0, 1
(74,12), 0, 1
(74,13), 0, 1
(74,14), 0, 1
(74,15), 0, 1
(74,16), 0, 1
(74,18), 0, 1
(74,19), 0, 1
(74,20), 0, 1
(74,21), 0, 1
(74,22), 0, 1
(74,24), 0, 1
(74,28), 0, 1
(74,30), 0, 1
(74,31), 0, 1
(74,32), 0, 1
(74,33), 0, 1
(74,34), 0, 1
(74,36), 0, 1
(74,37), 0, 1
(74,38), 0, 1
(74,40), 0, 1
(74,41), 0, 1
(74,42), 0, 1
(74,43), 0, 1
(74,44), 0, 1
(74,45), 0, 1
(74,46), 0, 1
(74,49), 0, 1
(74,50), 0, 1
(74,52), 0, 1
(74,53), 0, 1
(74,54), 0, 1
(74,55), 0, 1
(74,57), 0, 1
(74,58), 0, 1
(74,59), 0, 1
(74,60), 0, 1
(74,62), 0, 1
(74,63), 0, 1
(74,64), 0, 1
(74,65), 0, 1
(74,66), 0, 1
(74,67), 0, 1
(74,68), 0, 1
(74,69), 0, 1
(74,70), 0, 1
(74,71), 0, 1
(74,72), 0, 1
(74,75), 0, 1
(74,79), 0, 1
(74,80), 0, 1
(74,81), 0, 1
(74,82), 0, 1
(74,83), 0, 1
(74,84), 0, 1
(74,86), 0, 1
(74,88), 0, 1
(74,89), 0, 1
(74,92), 0, 1
(74,93), 0, 1
(74,94), 0, 1
(75,1), 0, 1
(75,3), 0, 1
(75,8), 0, 1
(75,31), 0, 1
(75,37), 0, 1
(75,48), 0, 1
(75,52), 0, 1
(75,60), 0, 1
(75,63), 0, 1
(75,64), 0, 1
(75,67), 0, 1
(75,72), 0, 1
(75,78), 0, 1
(75,79), 0, 1
(75,86), 0, 1
(75,87), 0, 1
(75,93), 0, 1
(76,11), 0, 1
(76,14), 0, 1
(76,24), 0, 1
(76,33), 0, 1
(76,36), 0, 1
(76,38), 0, 1
(76,49), 0, 1
(76,50), 0, 1
(76,54), 0, 1
(76,65), 0, 1
(76,71), 0, 1
(76,74), 0, 1
(76,81), 0, 1
(76,85), 0, 1
(77,3), 0, 1
(77,7), 0, 1
(77,8), 0, 1
(77,18), 0, 1
(77,31), 0, 1
(77,37), 0, 1
(77,52), 0, 1
(77,60), 0, 1
(77,63), 0, 1
(77,64), 0, 1
(77,67), 0, 1
(77,72), 0, 1
(77,79), 0, 1
(77,86), 0, 1
(77,87), 0, 1
(77,93), 0, 1
(78,11), 0, 1
(78,14), 0, 1
(78,15), 0, 1
(78,24), 0, 1
(78,25), 0, 1
(78,29), 0, 1
(78,33), 0, 1
(78,38), 0, 1
(78,49), 0, 1
(78,50), 0, 1
(78,54), 0, 1
(78,65), 0, 1
(78,70), 0, 1
(78,71), 0, 1
(78,74), 0, 1
(78,81), 0, 1
(78,85), 0, 1
(79,2), 0, 1
(79,3), 0, 1
(79,4), 0, 1
(79,5), 0, 1
(79,7), 0, 1
(79,8), 0, 1
(79,9), 0, 1
(79,10), 0, 1
(79,11), 0, 1
(79,12), 0, 1
(79,13), 0, 1
(79,14), 0, 1
(79,16), 0, 1
(79,18), 0, 1
(79,19), 0, 1
(79,22), 0, 1
(79,24), 0, 1
(79,25), 0, 1
(79,28), 0, 1
(79,31), 0, 1
(79,32), 0, 1
(79,33), 0, 1
(79,34), 0, 1
(79,36), 0, 1
(79,37), 0, 1
(79,38), 0, 1
(79,40), 0, 1
(79,41), 0, 1
(79,42), 0, 1
(79,43), 0, 1
(79,44), 0, 1
(79,46), 0, 1
(79,49), 0, 1
(79,50), 0, 1
(79,53), 0, 1
(79,54), 0, 1
(79,55), 0, 1
(79,57), 0, 1
(79,58), 0, 1
(79,59), 0, 1
(79,60), 0, 1
(79,63), 0, 1
(79,64), 0, 1
(79,65), 0, 1
(79,66), 0, 1
(79,67), 0, 1
(79,68), 0, 1
(79,69), 0, 1
(79,71), 0, 1
(79,72), 0, 1
(79,73), 0, 1
(79,74), 0, 1
(79,75), 0, 1
(79,80), 0, 1
(79,81), 0, 1
(79,83), 0, 1
(79,85), 0, 1
(79,86), 0, 1
(79,88), 0, 1
(79,89), 0, 1
(79,92), 0, 1
(79,93), 0, 1
(80,11), 0, 1
(80,14), 0, 1
(80,15), 0, 1
(80,24), 0, 1
(80,33), 0, 1
(80,36), 0, 1
(80,38), 0, 1
(80,49), 0, 1
(80,50), 0, 1
(80,54), 0, 1
(80,65), 0, 1
(80,70), 0, 1
(80,71), 0, 1
(80,74), 0, 1
(80,81), 0, 1
(80,85), 0, 1
(81,3), 0, 1
(81,7), 0, 1
(81,8), 0, 1
(81,26), 0, 1
(81,37), 0, 1
(81,52), 0, 1
(81,60), 0, 1
(81,63), 0, 1
(81,64), 0, 1
(81,67), 0, 1
(81,72), 0, 1
(81,78), 0, 1
(81,86), 0, 1
(81,87), 0, 1
(82,3), 0, 1
(82,8), 0, 1
(82,18), 0, 1
(82,31), 0, 1
(82,37), 0, 1
(82,52), 0, 1
(82,60), 0, 1
(82,63), 0, 1
(82,64), 0, 1
(82,67), 0, 1
(82,72), 0, 1
(82,78), 0, 1
(82,79), 0, 1
(82,86), 0, 1
(82,87), 0, 1
(82,93), 0, 1
(83,14), 0, 1
(83,15), 0, 1
(83,24), 0, 1
(83,33), 0, 1
(83,36), 0, 1
(83,38), 0, 1
(83,49), 0, 1
(83,50), 0, 1
(83,51), 0, 1
(83,54), 0, 1
(83,65), 0, 1
(83,70), 0, 1
(83,71), 0, 1
(83,74), 0, 1
(83,85), 0, 1
(84,11), 0, 1
(84,14), 0, 1
(84,15), 0, 1
(84,24), 0, 1
(84,33), 0, 1
(84,36), 0, 1
(84,38), 0, 1
(84,49), 0, 1
(84,50), 0, 1
(84,54), 0, 1
(84,65), 0, 1
(84,70), 0, 1
(84,81), 0, 1
(84,85), 0, 1
(85,0), 0, 1
(85,2), 0, 1
(85,3), 0, 1
(85,5), 0, 1
(85,7), 0, 1
(85,8), 0, 1
(85,9), 0, 1
(85,10), 0, 1
(85,13), 0, 1
(85,14), 0, 1
(85,15), 0, 1
(85,16), 0, 1
(85,19), 0, 1
(85,20), 0, 1
(85,22), 0, 1
(85,24), 0, 1
(85,27), 0, 1
(85,28), 0, 1
(85,30), 0, 1
(85,31), 0, 1
(85,32), 0, 1
(85,33), 0, 1
(85,34), 0, 1
(85,36), 0, 1
(85,37), 0, 1
(85,38), 0, 1
(85,41), 0, 1
(85,42), 0, 1
(85,43), 0, 1
(85,44), 0, 1
(85,45), 0, 1
(85,46), 0, 1
(85,49), 0, 1
(85,50), 0, 1
(85,52), 0, 1
(85,53), 0, 1
(85,54), 0, 1
(85,55), 0, 1
(85,57), 0, 1
(85,58), 0, 1
(85,59), 0, 1
(85,60), 0, 1
(85,63), 0, 1
(85,64), 0, 1
(85,65), 0, 1
(85,66), 0, 1
(85,67), 0, 1
(85,68), 0, 1
(85,69), 0, 1
(85,71), 0, 1
(85,72), 0, 1
(85,74), 0, 1
(85,76), 0, 1
(85,78), 0, 1
(85,79), 0, 1
(85,80), 0, 1
(85,81), 0, 1
(85,83), 0, 1
(85,84), 0, 1
(85,86), 0, 1
(85,87), 0, 1
(85,88), 0, 1
(85,89), 0, 1
(85,92), 0, 1
(85,93), 0, 1
(85,94), 0, 1
(86,11), 0, 1
(86,14), 0, 1
(86,15), 0, 1
(86,24), 0, 1
(86,25), 0, 1
(86,36), 0, 1
(86,38), 0, 1
(86,49), 0, 1
(86,50), 0, 1
(86,54), 0, 1
(86,65), 0, 1
(86,70), 0, 1
(86,71), 0, 1
(86,81), 0, 1
(86,85), 0, 1
(87,3), 0, 1
(87,7), 0, 1
(87,17), 0, 1
(87,18), 0, 1
(87,31), 0, 1
(87,37), 0, 1
(87,52), 0, 1
(87,60), 0, 1
(87,63), 0, 1
(87,64), 0, 1
(87,67), 0, 1
(87,72), 0, 1
(87,79), 0, 1
(87,86), 0, 1
(87,93), 0, 1
(88,6), 0, 1
(88,11), 0, 1
(88,14), 0, 1
(88,15), 0, 1
(88,23), 0, 1
(88,24), 0, 1
(88,33), 0, 1
(88,36), 0, 1
(88,38), 0, 1
(88,49), 0, 1
(88,50), 0, 1
(88,54), 0, 1
(88,65), 0, 1
(88,70), 0, 1
(88,71), 0, 1
(88,74), 0, 1
(88,81), 0, 1
(88,85), 0, 1
(89,11), 0, 1
(89,14), 0, 1
(89,23), 0, 1
(89,24), 0, 1
(89,36), 0, 1
(89,38), 0, 1
(89,49), 0, 1
(89,50), 0, 1
(89,54), 0, 1
(89,65), 0, 1
(89,71), 0, 1
(89,74), 0, 1
(89,81), 0, 1
(89,85), 0, 1
(90,0), 0, 1
(90,2), 0, 1
(90,3), 0, 1
(90,4), 0, 1
(90,5), 0, 1
(90,7), 0, 1
(90,9), 0, 1
(90,10), 0, 1
(90,11), 0, 1
(90,12), 0, 1
(90,13), 0, 1
(90,14), 0, 1
(90,16), 0, 1
(90,18), 0, 1
(90,19), 0, 1
(90,22), 0, 1
(90,23), 0, 1
(90,24), 0, 1
(90,27), 0, 1
(90,28), 0, 1
(90,30), 0, 1
(90,32), 0, 1
(90,33), 0, 1
(90,34), 0, 1
(90,36), 0, 1
(90,37), 0, 1
(90,38), 0, 1
(90,40), 0, 1
(90,41), 0, 1
(90,42), 0, 1
(90,43), 0, 1
(90,44), 0, 1
(90,45), 0, 1
(90,47), 0, 1
(90,49), 0, 1
(90,50), 0, 1
(90,52), 0, 1
(90,53), 0, 1
(90,54), 0, 1
(90,55), 0, 1
(90,57), 0, 1
(90,58), 0, 1
(90,59), 0, 1
(90,60), 0, 1
(90,62), 0, 1
(90,63), 0, 1
(90,64), 0, 1
(90,65), 0, 1
(90,66), 0, 1
(90,67), 0, 1
(90,68), 0, 1
(90,69), 0, 1
(90,71), 0, 1
(90,72), 0, 1
(90,74), 0, 1
(90,75), 0, 1
(90,76), 0, 1
(90,79), 0, 1
(90,80), 0, 1
(90,81), 0, 1
(90,83), 0, 1
(90,84), 0, 1
(90,85), 0, 1
(90,88), 0, 1
(90,89), 0, 1
(90,91), 0, 1
(90,92), 0, 1
(90,93), 0, 1
(90,94), 0, 1
(91,0), 0, 1
(91,2), 0, 1
(91,3), 0, 1
(91,4), 0, 1
(91,5), 0, 1
(91,7), 0, 1
(91,9), 0, 1
(91,10), 0, 1
(91,11), 0, 1
(91,12), 0, 1
(91,13), 0, 1
(91,15), 0, 1
(91,16), 0, 1
(91,19), 0, 1
(91,21), 0, 1
(91,22), 0, 1
(91,24), 0, 1
(91,28), 0, 1
(91,30), 0, 1
(91,31), 0, 1
(91,32), 0, 1
(91,34), 0, 1
(91,36), 0, 1
(91,37), 0, 1
(91,40), 0, 1
(91,41), 0, 1
(91,42), 0, 1
(91,43), 0, 1
(91,44), 0, 1
(91,45), 0, 1
(91,46), 0, 1
(91,49), 0, 1
(91,50), 0, 1
(91,51), 0, 1
(91,52), 0, 1
(91,53), 0, 1
(91,54), 0, 1
(91,55), 0, 1
(91,57), 0, 1
(91,58), 0, 1
(91,59), 0, 1
(91,60), 0, 1
(91,62), 0, 1
(91,63), 0, 1
(91,64), 0, 1
(91,65), 0, 1
(91,66), 0, 1
(91,67), 0, 1
(91,68), 0, 1
(91,69), 0, 1
(91,70), 0, 1
(91,71), 0, 1
(91,72), 0, 1
(91,74), 0, 1
(91,75), 0, 1
(91,76), 0, 1
(91,80), 0, 1
(91,82), 0, 1
(91,83), 0, 1
(91,84), 0, 1
(91,85), 0, 1
(91,88), 0, 1
(91,89), 0, 1
(91,92), 0, 1
(91,93), 0, 1
(91,94), 0, 1
(92,14), 0, 1
(92,15), 0, 1
(92,24), 0, 1
(92,33), 0, 1
(92,36), 0, 1
(92,38), 0, 1
(92,49), 0, 1
(92,50), 0, 1
(92,54), 0, 1
(92,65), 0, 1
(92,70), 0, 1
(92,71), 0, 1
(92,74), 0, 1
(92,81), 0, 1
(92,85), 0, 1
(93,11), 0, 1
(93,14), 0, 1
(93,15), 0, 1
(93,24), 0, 1
(93,33), 0, 1
(93,36), 0, 1
(93,49), 0, 1
(93,50), 0, 1
(93,65), 0, 1
(93,70), 0, 1
(93,71), 0, 1
(93,81), 0, 1
(94,3), 0, 1
(94,7), 0, 1
(94,8), 0, 1
(94,18), 0, 1
(94,31), 0, 1
(94,37), 0, 1
(94,52), 0, 1
(94,60), 0, 1
(94,63), 0, 1
(94,64), 0, 1
(94,67), 0, 1
(94,72), 0, 1
(94,78), 0, 1
(94,79), 0, 1
(94,86), 0, 1
(94,87), 0, 1
(94,93), 0, 1
(95,0), 0, 1
(95,2), 0, 1
(95,3), 0, 1
(95,4), 0, 1
(95,5), 0, 1
(95,7), 0, 1
(95,8), 0, 1
(95,9), 0, 1
(95,10), 0, 1
(95,12), 0, 1
(95,13), 0, 1
(95,14), 0, 1
(95,16), 0, 1
(95,18), 0, 1
(95,20), 0, 1
(95,22), 0, 1
(95,24), 0, 1
(95,27), 0, 1
(95,28), 0, 1
(95,30), 0, 1
(95,32), 0, 1
(95,33), 0, 1
(95,34), 0, 1
(95,36), 0, 1
(95,37), 0, 1
(95,38), 0, 1
(95,41), 0, 1
(95,42), 0, 1
(95,43), 0, 1
(95,44), 0, 1
(95,46), 0, 1
(95,49), 0, 1
(95,50), 0, 1
(95,52), 0, 1
(95,53), 0, 1
(95,54), 0, 1
(95,55), 0, 1
(95,57), 0, 1
(95,58), 0, 1
(95,59), 0, 1
(95,60), 0, 1
(95,63), 0, 1
(95,64), 0, 1
(95,65), 0, 1
(95,66), 0, 1
(95,67), 0, 1
(95,68), 0, 1
(95,69), 0, 1
(95,70), 0, 1
(95,71), 0, 1
(95,72), 0, 1
(95,74), 0, 1
(95,75), 0, 1
(95,76), 0, 1
(95,80), 0, 1
(95,81), 0, 1
(95,83), 0, 1
(95,84), 0, 1
(95,85), 0, 1
(95,86), 0, 1
(95,88), 0, 1
(95,89), 0, 1
(95,91), 0, 1
(95,92), 0, 1
(95,93), 0, 1
(95,94), 0, 1
(96,3), 0, 1
(96,8), 0, 1
(96,18), 0, 1
(96,31), 0, 1
(96,37), 0, 1
(96,52), 0, 1
(96,60), 0, 1
(96,64), 0, 1
(96,67), 0, 1
(96,72), 0, 1
(96,78), 0, 1
(96,79), 0, 1
(96,86), 0, 1
(96,87), 0, 1
(96,93), 0, 1
(97,3), 0, 1
(97,7), 0, 1
(97,8), 0, 1
(97,18), 0, 1
(97,31), 0, 1
(97,37), 0, 1
(97,52), 0, 1
(97,60), 0, 1
(97,63), 0, 1
(97,64), 0, 1
(97,67), 0, 1
(97,72), 0, 1
(97,78), 0, 1
(97,79), 0, 1
(97,86), 0, 1
(97,87), 0, 1
(98,0), 0, 1
(98,1), 0, 1
(98,2), 0, 1
(98,3), 0, 1
(98,5), 0, 1
(98,7), 0, 1
(98,9), 0, 1
(98,10), 0, 1
(98,11), 0, 1
(98,12), 0, 1
(98,13), 0, 1
(98,14), 0, 1
(98,16), 0, 1
(98,18), 0, 1
(98,19), 0, 1
(98,20), 0, 1
(98,22), 0, 1
(98,24), 0, 1
(98,28), 0, 1
(98,29), 0, 1
(98,30), 0, 1
(98,31), 0, 1
(98,32), 0, 1
(98,33), 0, 1
(98,35), 0, 1
(98,37), 0, 1
(98,38), 0, 1
(98,40), 0, 1
(98,41), 0, 1
(98,42), 0, 1
(98,43), 0, 1
(98,44), 0, 1
(98,45), 0, 1
(98,46), 0, 1
(98,49), 0, 1
(98,50), 0, 1
(98,52), 0, 1
(98,53), 0, 1
(98,54), 0, 1
(98,55), 0, 1
(98,57), 0, 1
(98,58), 0, 1
(98,59), 0, 1
(98,60), 0, 1
(98,63), 0, 1
(98,64), 0, 1
(98,65), 0, 1
(98,66), 0, 1
(98,67), 0, 1
(98,68), 0, 1
(98,69), 0, 1
(98,70), 0, 1
(98,71), 0, 1
(98,72), 0, 1
(98,73), 0, 1
(98,75), 0, 1
(98,76), 0, 1
(98,79), 0, 1
(98,80), 0, 1
(98,81), 0, 1
(98,82), 0, 1
(98,83), 0, 1
(98,84), 0, 1
(98,85), 0, 1
(98,86), 0, 1
(98,88), 0, 1
(98,89), 0, 1
(98,91), 0, 1
(98,92), 0, 1
(98,93), 0, 1
(99,7), 0, 1
(99,8), 0, 1
(99,17), 0, 1
(99,18), 0, 1
(99,26), 0, 1
(99,31), 0, 1
(99,37), 0, 1
(99,52), 0, 1
(99,60), 0, 1
(99,63), 0, 1
(99,64), 0, 1
(99,67), 0, 1
(99,72), 0, 1
(99,78), 0, 1
(99,79), 0, 1
(99,86), 0, 1
(99,87), 0, 1
