Nr_Pairs = 97
Nr_NDD = 3
Nr_Arcs = 2255
0	0.5
1	0.5
2	0.28
3	0.5
4	0.5
5	0.90
6	0.5
7	0.90
8	0.28
9	0.90
10	0.5
11	0.90
12	0.5
13	0.5
14	0.5
15	0.28
16	0.10
17	0.28
18	0.90
19	0.5
20	0.5
21	0.28
22	0.5
23	0.5
24	0.5
25	0.10
26	0.5
27	0.90
28	0.90
29	0.5
30	0.10
31	0.90
32	0.5
33	0.90
34	0.32
35	0.28
36	0.28
37	0.5
38	0.5
39	0.5
40	0.90
41	0.28
42	0.5
43	0.92
44	0.90
45	0.5
46	0.28
47	0.5
48	0.90
49	0.90
50	0.5
51	0.5
52	0.5
53	0.5
54	0.28
55	0.28
56	0.5
57	0.10
58	0.5
59	0.90
60	0.5
61	0.5
62	0.5
63	0.92
64	0.5
65	0.10
66	0.10
67	0.5
68	0.5
69	0.90
70	0.92
71	0.5
72	0.5
73	0.32
74	0.10
75	0.28
76	0.90
77	0.10
78	0.10
79	0.5
80	0.28
81	0.28
82	0.90
83	0.28
84	0.5
85	0.28
86	0.5
87	0.5
88	0.90
89	0.92
90	0.92
91	0.5
92	0.5
93	0.5
94	0.28
95	0.5
96	0.10
97	0.0
98	0.0
99	0.0
(0,12), 0, 1
(0,17), 0, 1
(0,23), 0, 1
(0,35), 0, 1
(0,37), 0, 1
(0,54), 0, 1
(0,62), 0, 1
(0,66), 0, 1
(0,72), 0, 1
(0,88), 0, 1
(0,96), 0, 1
(1,6), 0, 1
(1,13), 0, 1
(1,20), 0, 1
(1,36), 0, 1
(1,42), 0, 1
(1,51), 0, 1
(1,52), 0, 1
(1,53), 0, 1
(1,56), 0, 1
(1,73), 0, 1
(1,95), 0, 1
(2,0), 0, 1
(2,12), 0, 1
(2,17), 0, 1
(2,23), 0, 1
(2,35), 0, 1
(2,37), 0, 1
(2,40), 0, 1
(2,62), 0, 1
(2,66), 0, 1
(2,67), 0, 1
(2,72), 0, 1
(2,77), 0, 1
(3,0), 0, 1
(3,12), 0, 1
(3,17), 0, 1
(3,23), 0, 1
(3,35), 0, 1
(3,37), 0, 1
(3,54), 0, 1
(3,62), 0, 1
(3,66), 0, 1
(3,67), 0, 1
(3,72), 0, 1
(3,73), 0, 1
(3,77), 0, 1
(3,96), 0, 1
(4,6), 0, 1
(4,13), 0, 1
(4,20), 0, 1
(4,27), 0, 1
(4,28), 0, 1
(4,42), 0, 1
(4,51), 0, 1
(4,52), 0, 1
(4,53), 0, 1
(4,80), 0, 1
(4,92), 0, 1
(4,95), 0, 1
(5,0), 0, 1
(5,12), 0, 1
(5,17), 0, 1
(5,23), 0, 1
(5,35), 0, 1
(5,37), 0, 1
(5,62), 0, 1
(5,66), 0, 1
(5,67), 0, 1
(5,72), 0, 1
(5,73), 0, 1
(5,77), 0, 1
(6,0), 0, 1
(6,12), 0, 1
(6,23), 0, 1
(6,27), 0, 1
(6,33), 0, 1
(6,35), 0, 1
(6,37), 0, 1
(6,54), 0, 1
(6,62), 0, 1
(6,66), 0, 1
(6,67), 0, 1
(6,72), 0, 1
(6,77), 0, 1
(6,82), 0, 1
(6,96), 0, 1
(7,13), 0, 1
(7,20), 0, 1
(7,27), 0, 1
(7,36), 0, 1
(7,42), 0, 1
(7,51), 0, 1
(7,52), 0, 1
(7,53), 0, 1
(7,56), 0, 1
(7,73), 0, 1
(7,92), 0, 1
(7,95), 0, 1
(8,6), 0, 1
(8,13), 0, 1
(8,20), 0, 1
(8,36), 0, 1
(8,42), 0, 1
(8,51), 0, 1
(8,52), 0, 1
(8,56), 0, 1
(8,80), 0, 1
(8,92), 0, 1
(8,95), 0, 1
(9,0), 0, 1
(9,12), 0, 1
(9,17), 0, 1
(9,23), 0, 1
(9,33), 0, 1
(9,35), 0, 1
(9,37), 0, 1
(9,40), 0, 1
(9,54), 0, 1
(9,62), 0, 1
(9,63), 0, 1
(9,66), 0, 1
(9,67), 0, 1
(9,72), 0, 1
(9,77), 0, 1
(9,96), 0, 1
(10,6), 0, 1
(10,13), 0, 1
(10,20), 0, 1
(10,42), 0, 1
(10,51), 0, 1
(10,52), 0, 1
(10,56), 0, 1
(10,73), 0, 1
(10,92), 0, 1
(10,95), 0, 1
(11,0), 0, 1
(11,12), 0, 1
(11,23), 0, 1
(11,35), 0, 1
(11,37), 0, 1
(11,40), 0, 1
(11,54), 0, 1
(11,62), 0, 1
(11,66), 0, 1
(11,67), 0, 1
(11,72), 0, 1
(11,73), 0, 1
(11,77), 0, 1
(11,96), 0, 1
(13,0), 0, 1
(13,12), 0, 1
(13,17), 0, 1
(13,23), 0, 1
(13,35), 0, 1
(13,37), 0, 1
(13,54), 0, 1
(13,62), 0, 1
(13,66), 0, 1
(13,67), 0, 1
(13,72), 0, 1
(13,77), 0, 1
(13,96), 0, 1
(14,0), 0, 1
(14,12), 0, 1
(14,17), 0, 1
(14,23), 0, 1
(14,37), 0, 1
(14,54), 0, 1
(14,62), 0, 1
(14,63), 0, 1
(14,66), 0, 1
(14,67), 0, 1
(14,72), 0, 1
(14,77), 0, 1
(14,90), 0, 1
(14,96), 0, 1
(15,0), 0, 1
(15,12), 0, 1
(15,17), 0, 1
(15,23), 0, 1
(15,37), 0, 1
(15,54), 0, 1
(15,62), 0, 1
(15,66), 0, 1
(15,67), 0, 1
(15,72), 0, 1
(15,73), 0, 1
(15,77), 0, 1
(15,96), 0, 1
(16,0), 0, 1
(16,12), 0, 1
(16,17), 0, 1
(16,23), 0, 1
(16,37), 0, 1
(16,54), 0, 1
(16,62), 0, 1
(16,66), 0, 1
(16,67), 0, 1
(16,72), 0, 1
(16,73), 0, 1
(16,77), 0, 1
(16,96), 0, 1
(17,73), 0, 1
(18,0), 0, 1
(18,1), 0, 1
(18,4), 0, 1
(18,8), 0, 1
(18,10), 0, 1
(18,12), 0, 1
(18,13), 0, 1
(18,14), 0, 1
(18,15), 0, 1
(18,16), 0, 1
(18,19), 0, 1
(18,21), 0, 1
(18,22), 0, 1
(18,23), 0, 1
(18,24), 0, 1
(18,25), 0, 1
(18,26), 0, 1
(18,28), 0, 1
(18,29), 0, 1
(18,30), 0, 1
(18,32), 0, 1
(18,36), 0, 1
(18,37), 0, 1
(18,38), 0, 1
(18,39), 0, 1
(18,40), 0, 1
(18,41), 0, 1
(18,42), 0, 1
(18,45), 0, 1
(18,47), 0, 1
(18,50), 0, 1
(18,51), 0, 1
(18,52), 0, 1
(18,53), 0, 1
(18,56), 0, 1
(18,57), 0, 1
(18,58), 0, 1
(18,60), 0, 1
(18,61), 0, 1
(18,62), 0, 1
(18,64), 0, 1
(18,65), 0, 1
(18,66), 0, 1
(18,67), 0, 1
(18,68), 0, 1
(18,71), 0, 1
(18,72), 0, 1
(18,73), 0, 1
(18,74), 0, 1
(18,75), 0, 1
(18,77), 0, 1
(18,78), 0, 1
(18,79), 0, 1
(18,80), 0, 1
(18,81), 0, 1
(18,83), 0, 1
(18,84), 0, 1
(18,86), 0, 1
(18,87), 0, 1
(18,88), 0, 1
(18,91), 0, 1
(18,92), 0, 1
(18,93), 0, 1
(18,94), 0, 1
(18,95), 0, 1
(18,96), 0, 1
(19,0), 0, 1
(19,12), 0, 1
(19,17), 0, 1
(19,23), 0, 1
(19,35), 0, 1
(19,37), 0, 1
(19,62), 0, 1
(19,66), 0, 1
(19,67), 0, 1
(19,72), 0, 1
(19,73), 0, 1
(19,77), 0, 1
(19,96), 0, 1
(20,0), 0, 1
(20,12), 0, 1
(20,17), 0, 1
(20,23), 0, 1
(20,37), 0, 1
(20,54), 0, 1
(20,62), 0, 1
(20,66), 0, 1
(20,67), 0, 1
(20,72), 0, 1
(20,77), 0, 1
(20,96), 0, 1
(21,6), 0, 1
(21,13), 0, 1
(21,20), 0, 1
(21,36), 0, 1
(21,42), 0, 1
(21,51), 0, 1
(21,52), 0, 1
(21,56), 0, 1
(21,73), 0, 1
(21,80), 0, 1
(21,92), 0, 1
(21,95), 0, 1
(22,0), 0, 1
(22,12), 0, 1
(22,17), 0, 1
(22,23), 0, 1
(22,33), 0, 1
(22,35), 0, 1
(22,37), 0, 1
(22,62), 0, 1
(22,67), 0, 1
(22,72), 0, 1
(22,73), 0, 1
(22,77), 0, 1
(22,82), 0, 1
(22,96), 0, 1
(23,0), 0, 1
(23,1), 0, 1
(23,3), 0, 1
(23,4), 0, 1
(23,6), 0, 1
(23,8), 0, 1
(23,12), 0, 1
(23,13), 0, 1
(23,14), 0, 1
(23,16), 0, 1
(23,17), 0, 1
(23,19), 0, 1
(23,20), 0, 1
(23,21), 0, 1
(23,22), 0, 1
(23,24), 0, 1
(23,25), 0, 1
(23,26), 0, 1
(23,29), 0, 1
(23,30), 0, 1
(23,32), 0, 1
(23,34), 0, 1
(23,35), 0, 1
(23,36), 0, 1
(23,37), 0, 1
(23,38), 0, 1
(23,39), 0, 1
(23,42), 0, 1
(23,45), 0, 1
(23,47), 0, 1
(23,50), 0, 1
(23,51), 0, 1
(23,52), 0, 1
(23,53), 0, 1
(23,54), 0, 1
(23,55), 0, 1
(23,56), 0, 1
(23,57), 0, 1
(23,58), 0, 1
(23,60), 0, 1
(23,61), 0, 1
(23,62), 0, 1
(23,64), 0, 1
(23,65), 0, 1
(23,66), 0, 1
(23,67), 0, 1
(23,68), 0, 1
(23,71), 0, 1
(23,72), 0, 1
(23,73), 0, 1
(23,74), 0, 1
(23,75), 0, 1
(23,76), 0, 1
(23,77), 0, 1
(23,78), 0, 1
(23,79), 0, 1
(23,84), 0, 1
(23,85), 0, 1
(23,86), 0, 1
(23,87), 0, 1
(23,91), 0, 1
(23,92), 0, 1
(23,93), 0, 1
(23,95), 0, 1
(23,96), 0, 1
(24,0), 0, 1
(24,12), 0, 1
(24,17), 0, 1
(24,23), 0, 1
(24,35), 0, 1
(24,37), 0, 1
(24,54), 0, 1
(24,62), 0, 1
(24,66), 0, 1
(24,67), 0, 1
(24,72), 0, 1
(24,73), 0, 1
(24,77), 0, 1
(24,96), 0, 1
(25,0), 0, 1
(25,12), 0, 1
(25,17), 0, 1
(25,23), 0, 1
(25,37), 0, 1
(25,62), 0, 1
(25,66), 0, 1
(25,67), 0, 1
(25,72), 0, 1
(25,73), 0, 1
(25,77), 0, 1
(25,96), 0, 1
(26,0), 0, 1
(26,12), 0, 1
(26,23), 0, 1
(26,37), 0, 1
(26,54), 0, 1
(26,62), 0, 1
(26,66), 0, 1
(26,67), 0, 1
(26,72), 0, 1
(26,73), 0, 1
(26,77), 0, 1
(26,96), 0, 1
(27,6), 0, 1
(27,13), 0, 1
(27,20), 0, 1
(27,36), 0, 1
(27,51), 0, 1
(27,52), 0, 1
(27,53), 0, 1
(27,56), 0, 1
(27,73), 0, 1
(27,95), 0, 1
(28,0), 0, 1
(28,12), 0, 1
(28,17), 0, 1
(28,23), 0, 1
(28,35), 0, 1
(28,37), 0, 1
(28,54), 0, 1
(28,62), 0, 1
(28,66), 0, 1
(28,67), 0, 1
(28,72), 0, 1
(28,73), 0, 1
(28,77), 0, 1
(28,96), 0, 1
(30,0), 0, 1
(30,12), 0, 1
(30,17), 0, 1
(30,23), 0, 1
(30,35), 0, 1
(30,37), 0, 1
(30,62), 0, 1
(30,67), 0, 1
(30,72), 0, 1
(30,73), 0, 1
(30,77), 0, 1
(30,96), 0, 1
(31,0), 0, 1
(31,1), 0, 1
(31,2), 0, 1
(31,3), 0, 1
(31,4), 0, 1
(31,6), 0, 1
(31,8), 0, 1
(31,10), 0, 1
(31,12), 0, 1
(31,13), 0, 1
(31,14), 0, 1
(31,15), 0, 1
(31,16), 0, 1
(31,19), 0, 1
(31,21), 0, 1
(31,22), 0, 1
(31,23), 0, 1
(31,24), 0, 1
(31,25), 0, 1
(31,26), 0, 1
(31,29), 0, 1
(31,30), 0, 1
(31,32), 0, 1
(31,36), 0, 1
(31,37), 0, 1
(31,38), 0, 1
(31,39), 0, 1
(31,41), 0, 1
(31,42), 0, 1
(31,45), 0, 1
(31,46), 0, 1
(31,47), 0, 1
(31,50), 0, 1
(31,51), 0, 1
(31,52), 0, 1
(31,53), 0, 1
(31,54), 0, 1
(31,55), 0, 1
(31,56), 0, 1
(31,57), 0, 1
(31,58), 0, 1
(31,60), 0, 1
(31,62), 0, 1
(31,63), 0, 1
(31,64), 0, 1
(31,65), 0, 1
(31,66), 0, 1
(31,67), 0, 1
(31,68), 0, 1
(31,71), 0, 1
(31,72), 0, 1
(31,74), 0, 1
(31,75), 0, 1
(31,77), 0, 1
(31,78), 0, 1
(31,79), 0, 1
(31,80), 0, 1
(31,81), 0, 1
(31,84), 0, 1
(31,85), 0, 1
(31,86), 0, 1
(31,87), 0, 1
(31,91), 0, 1
(31,92), 0, 1
(31,93), 0, 1
(31,94), 0, 1
(31,95), 0, 1
(31,96), 0, 1
(32,73), 0, 1
(33,0), 0, 1
(33,12), 0, 1
(33,17), 0, 1
(33,23), 0, 1
(33,35), 0, 1
(33,54), 0, 1
(33,62), 0, 1
(33,66), 0, 1
(33,67), 0, 1
(33,72), 0, 1
(33,73), 0, 1
(33,77), 0, 1
(33,96), 0, 1
(34,0), 0, 1
(34,1), 0, 1
(34,2), 0, 1
(34,4), 0, 1
(34,6), 0, 1
(34,8), 0, 1
(34,10), 0, 1
(34,11), 0, 1
(34,12), 0, 1
(34,13), 0, 1
(34,14), 0, 1
(34,15), 0, 1
(34,16), 0, 1
(34,17), 0, 1
(34,19), 0, 1
(34,20), 0, 1
(34,22), 0, 1
(34,23), 0, 1
(34,24), 0, 1
(34,25), 0, 1
(34,26), 0, 1
(34,27), 0, 1
(34,29), 0, 1
(34,30), 0, 1
(34,32), 0, 1
(34,35), 0, 1
(34,36), 0, 1
(34,37), 0, 1
(34,38), 0, 1
(34,39), 0, 1
(34,41), 0, 1
(34,42), 0, 1
(34,45), 0, 1
(34,46), 0, 1
(34,47), 0, 1
(34,48), 0, 1
(34,49), 0, 1
(34,50), 0, 1
(34,51), 0, 1
(34,52), 0, 1
(34,53), 0, 1
(34,56), 0, 1
(34,57), 0, 1
(34,58), 0, 1
(34,59), 0, 1
(34,60), 0, 1
(34,61), 0, 1
(34,62), 0, 1
(34,64), 0, 1
(34,65), 0, 1
(34,66), 0, 1
(34,67), 0, 1
(34,68), 0, 1
(34,71), 0, 1
(34,72), 0, 1
(34,73), 0, 1
(34,74), 0, 1
(34,75), 0, 1
(34,77), 0, 1
(34,78), 0, 1
(34,79), 0, 1
(34,80), 0, 1
(34,81), 0, 1
(34,83), 0, 1
(34,84), 0, 1
(34,85), 0, 1
(34,86), 0, 1
(34,87), 0, 1
(34,92), 0, 1
(34,95), 0, 1
(35,0), 0, 1
(35,1), 0, 1
(35,2), 0, 1
(35,3), 0, 1
(35,4), 0, 1
(35,6), 0, 1
(35,8), 0, 1
(35,10), 0, 1
(35,12), 0, 1
(35,13), 0, 1
(35,14), 0, 1
(35,15), 0, 1
(35,16), 0, 1
(35,17), 0, 1
(35,19), 0, 1
(35,20), 0, 1
(35,22), 0, 1
(35,24), 0, 1
(35,25), 0, 1
(35,26), 0, 1
(35,29), 0, 1
(35,30), 0, 1
(35,32), 0, 1
(35,36), 0, 1
(35,37), 0, 1
(35,38), 0, 1
(35,39), 0, 1
(35,41), 0, 1
(35,44), 0, 1
(35,45), 0, 1
(35,47), 0, 1
(35,50), 0, 1
(35,51), 0, 1
(35,52), 0, 1
(35,53), 0, 1
(35,54), 0, 1
(35,55), 0, 1
(35,56), 0, 1
(35,57), 0, 1
(35,58), 0, 1
(35,60), 0, 1
(35,61), 0, 1
(35,62), 0, 1
(35,64), 0, 1
(35,65), 0, 1
(35,66), 0, 1
(35,67), 0, 1
(35,71), 0, 1
(35,72), 0, 1
(35,73), 0, 1
(35,74), 0, 1
(35,75), 0, 1
(35,77), 0, 1
(35,78), 0, 1
(35,79), 0, 1
(35,80), 0, 1
(35,81), 0, 1
(35,83), 0, 1
(35,85), 0, 1
(35,86), 0, 1
(35,87), 0, 1
(35,91), 0, 1
(35,92), 0, 1
(35,93), 0, 1
(35,94), 0, 1
(36,0), 0, 1
(36,12), 0, 1
(36,17), 0, 1
(36,23), 0, 1
(36,27), 0, 1
(36,35), 0, 1
(36,37), 0, 1
(36,54), 0, 1
(36,62), 0, 1
(36,66), 0, 1
(36,67), 0, 1
(36,72), 0, 1
(36,73), 0, 1
(36,77), 0, 1
(36,96), 0, 1
(37,0), 0, 1
(37,1), 0, 1
(37,2), 0, 1
(37,3), 0, 1
(37,4), 0, 1
(37,6), 0, 1
(37,8), 0, 1
(37,10), 0, 1
(37,12), 0, 1
(37,13), 0, 1
(37,14), 0, 1
(37,16), 0, 1
(37,17), 0, 1
(37,19), 0, 1
(37,20), 0, 1
(37,21), 0, 1
(37,22), 0, 1
(37,23), 0, 1
(37,24), 0, 1
(37,25), 0, 1
(37,26), 0, 1
(37,27), 0, 1
(37,29), 0, 1
(37,30), 0, 1
(37,32), 0, 1
(37,36), 0, 1
(37,38), 0, 1
(37,41), 0, 1
(37,42), 0, 1
(37,45), 0, 1
(37,46), 0, 1
(37,47), 0, 1
(37,49), 0, 1
(37,50), 0, 1
(37,51), 0, 1
(37,52), 0, 1
(37,53), 0, 1
(37,54), 0, 1
(37,55), 0, 1
(37,56), 0, 1
(37,57), 0, 1
(37,58), 0, 1
(37,59), 0, 1
(37,60), 0, 1
(37,62), 0, 1
(37,64), 0, 1
(37,65), 0, 1
(37,66), 0, 1
(37,67), 0, 1
(37,68), 0, 1
(37,72), 0, 1
(37,74), 0, 1
(37,75), 0, 1
(37,77), 0, 1
(37,78), 0, 1
(37,79), 0, 1
(37,80), 0, 1
(37,81), 0, 1
(37,83), 0, 1
(37,84), 0, 1
(37,86), 0, 1
(37,87), 0, 1
(37,92), 0, 1
(37,93), 0, 1
(37,95), 0, 1
(37,96), 0, 1
(38,6), 0, 1
(38,13), 0, 1
(38,20), 0, 1
(38,28), 0, 1
(38,42), 0, 1
(38,44), 0, 1
(38,51), 0, 1
(38,52), 0, 1
(38,53), 0, 1
(38,56), 0, 1
(38,80), 0, 1
(38,92), 0, 1
(38,95), 0, 1
(39,0), 0, 1
(39,12), 0, 1
(39,23), 0, 1
(39,35), 0, 1
(39,37), 0, 1
(39,43), 0, 1
(39,62), 0, 1
(39,67), 0, 1
(39,72), 0, 1
(39,77), 0, 1
(39,96), 0, 1
(40,6), 0, 1
(40,13), 0, 1
(40,36), 0, 1
(40,42), 0, 1
(40,44), 0, 1
(40,51), 0, 1
(40,52), 0, 1
(40,53), 0, 1
(40,56), 0, 1
(40,92), 0, 1
(40,95), 0, 1
(41,0), 0, 1
(41,17), 0, 1
(41,23), 0, 1
(41,35), 0, 1
(41,37), 0, 1
(41,54), 0, 1
(41,62), 0, 1
(41,66), 0, 1
(41,67), 0, 1
(41,72), 0, 1
(41,77), 0, 1
(41,96), 0, 1
(42,12), 0, 1
(42,17), 0, 1
(42,35), 0, 1
(42,37), 0, 1
(42,40), 0, 1
(42,54), 0, 1
(42,62), 0, 1
(42,66), 0, 1
(42,67), 0, 1
(42,72), 0, 1
(42,73), 0, 1
(42,96), 0, 1
(43,0), 0, 1
(43,12), 0, 1
(43,17), 0, 1
(43,23), 0, 1
(43,35), 0, 1
(43,37), 0, 1
(43,54), 0, 1
(43,62), 0, 1
(43,67), 0, 1
(43,72), 0, 1
(43,73), 0, 1
(43,77), 0, 1
(43,96), 0, 1
(44,0), 0, 1
(44,1), 0, 1
(44,2), 0, 1
(44,3), 0, 1
(44,4), 0, 1
(44,6), 0, 1
(44,10), 0, 1
(44,12), 0, 1
(44,13), 0, 1
(44,14), 0, 1
(44,15), 0, 1
(44,16), 0, 1
(44,17), 0, 1
(44,19), 0, 1
(44,20), 0, 1
(44,21), 0, 1
(44,22), 0, 1
(44,23), 0, 1
(44,24), 0, 1
(44,25), 0, 1
(44,26), 0, 1
(44,29), 0, 1
(44,30), 0, 1
(44,32), 0, 1
(44,34), 0, 1
(44,35), 0, 1
(44,36), 0, 1
(44,37), 0, 1
(44,38), 0, 1
(44,39), 0, 1
(44,41), 0, 1
(44,42), 0, 1
(44,45), 0, 1
(44,46), 0, 1
(44,47), 0, 1
(44,49), 0, 1
(44,50), 0, 1
(44,51), 0, 1
(44,52), 0, 1
(44,53), 0, 1
(44,54), 0, 1
(44,55), 0, 1
(44,56), 0, 1
(44,57), 0, 1
(44,58), 0, 1
(44,61), 0, 1
(44,62), 0, 1
(44,64), 0, 1
(44,66), 0, 1
(44,67), 0, 1
(44,68), 0, 1
(44,71), 0, 1
(44,72), 0, 1
(44,74), 0, 1
(44,75), 0, 1
(44,76), 0, 1
(44,77), 0, 1
(44,78), 0, 1
(44,79), 0, 1
(44,80), 0, 1
(44,81), 0, 1
(44,83), 0, 1
(44,84), 0, 1
(44,85), 0, 1
(44,86), 0, 1
(44,87), 0, 1
(44,91), 0, 1
(44,92), 0, 1
(44,95), 0, 1
(44,96), 0, 1
(45,0), 0, 1
(45,12), 0, 1
(45,17), 0, 1
(45,23), 0, 1
(45,35), 0, 1
(45,37), 0, 1
(45,54), 0, 1
(45,62), 0, 1
(45,66), 0, 1
(45,67), 0, 1
(45,72), 0, 1
(45,73), 0, 1
(45,77), 0, 1
(45,82), 0, 1
(46,0), 0, 1
(46,12), 0, 1
(46,17), 0, 1
(46,23), 0, 1
(46,35), 0, 1
(46,37), 0, 1
(46,62), 0, 1
(46,66), 0, 1
(46,67), 0, 1
(46,72), 0, 1
(46,77), 0, 1
(46,96), 0, 1
(47,0), 0, 1
(47,12), 0, 1
(47,23), 0, 1
(47,37), 0, 1
(47,62), 0, 1
(47,66), 0, 1
(47,67), 0, 1
(47,72), 0, 1
(47,77), 0, 1
(47,96), 0, 1
(48,6), 0, 1
(48,13), 0, 1
(48,20), 0, 1
(48,27), 0, 1
(48,36), 0, 1
(48,42), 0, 1
(48,51), 0, 1
(48,52), 0, 1
(48,53), 0, 1
(48,56), 0, 1
(48,73), 0, 1
(48,92), 0, 1
(48,95), 0, 1
(49,0), 0, 1
(49,1), 0, 1
(49,2), 0, 1
(49,3), 0, 1
(49,4), 0, 1
(49,6), 0, 1
(49,8), 0, 1
(49,10), 0, 1
(49,12), 0, 1
(49,13), 0, 1
(49,14), 0, 1
(49,15), 0, 1
(49,16), 0, 1
(49,17), 0, 1
(49,19), 0, 1
(49,20), 0, 1
(49,22), 0, 1
(49,23), 0, 1
(49,24), 0, 1
(49,25), 0, 1
(49,28), 0, 1
(49,30), 0, 1
(49,32), 0, 1
(49,35), 0, 1
(49,37), 0, 1
(49,38), 0, 1
(49,39), 0, 1
(49,41), 0, 1
(49,42), 0, 1
(49,45), 0, 1
(49,46), 0, 1
(49,47), 0, 1
(49,50), 0, 1
(49,51), 0, 1
(49,52), 0, 1
(49,53), 0, 1
(49,54), 0, 1
(49,55), 0, 1
(49,56), 0, 1
(49,57), 0, 1
(49,58), 0, 1
(49,60), 0, 1
(49,61), 0, 1
(49,62), 0, 1
(49,64), 0, 1
(49,65), 0, 1
(49,67), 0, 1
(49,68), 0, 1
(49,71), 0, 1
(49,72), 0, 1
(49,74), 0, 1
(49,75), 0, 1
(49,77), 0, 1
(49,78), 0, 1
(49,79), 0, 1
(49,80), 0, 1
(49,81), 0, 1
(49,84), 0, 1
(49,86), 0, 1
(49,87), 0, 1
(49,91), 0, 1
(49,92), 0, 1
(49,93), 0, 1
(49,94), 0, 1
(49,95), 0, 1
(49,96), 0, 1
(50,0), 0, 1
(50,12), 0, 1
(50,17), 0, 1
(50,23), 0, 1
(50,35), 0, 1
(50,37), 0, 1
(50,54), 0, 1
(50,66), 0, 1
(50,72), 0, 1
(50,73), 0, 1
(50,77), 0, 1
(50,96), 0, 1
(51,0), 0, 1
(51,12), 0, 1
(51,17), 0, 1
(51,23), 0, 1
(51,27), 0, 1
(51,35), 0, 1
(51,37), 0, 1
(51,54), 0, 1
(51,62), 0, 1
(51,66), 0, 1
(51,67), 0, 1
(51,72), 0, 1
(51,73), 0, 1
(51,77), 0, 1
(51,96), 0, 1
(52,0), 0, 1
(52,12), 0, 1
(52,17), 0, 1
(52,23), 0, 1
(52,35), 0, 1
(52,37), 0, 1
(52,54), 0, 1
(52,62), 0, 1
(52,66), 0, 1
(52,67), 0, 1
(52,72), 0, 1
(52,73), 0, 1
(52,77), 0, 1
(52,96), 0, 1
(53,0), 0, 1
(53,12), 0, 1
(53,17), 0, 1
(53,23), 0, 1
(53,33), 0, 1
(53,35), 0, 1
(53,37), 0, 1
(53,54), 0, 1
(53,62), 0, 1
(53,66), 0, 1
(53,67), 0, 1
(53,72), 0, 1
(53,73), 0, 1
(53,77), 0, 1
(53,96), 0, 1
(54,6), 0, 1
(54,13), 0, 1
(54,20), 0, 1
(54,42), 0, 1
(54,49), 0, 1
(54,52), 0, 1
(54,53), 0, 1
(54,56), 0, 1
(54,73), 0, 1
(54,80), 0, 1
(54,92), 0, 1
(54,95), 0, 1
(55,6), 0, 1
(55,13), 0, 1
(55,20), 0, 1
(55,36), 0, 1
(55,42), 0, 1
(55,44), 0, 1
(55,51), 0, 1
(55,52), 0, 1
(55,53), 0, 1
(55,56), 0, 1
(55,73), 0, 1
(55,92), 0, 1
(55,95), 0, 1
(56,0), 0, 1
(56,23), 0, 1
(56,37), 0, 1
(56,40), 0, 1
(56,54), 0, 1
(56,62), 0, 1
(56,66), 0, 1
(56,67), 0, 1
(56,72), 0, 1
(56,73), 0, 1
(56,77), 0, 1
(56,96), 0, 1
(57,6), 0, 1
(57,13), 0, 1
(57,20), 0, 1
(57,42), 0, 1
(57,49), 0, 1
(57,51), 0, 1
(57,52), 0, 1
(57,53), 0, 1
(57,56), 0, 1
(57,73), 0, 1
(57,80), 0, 1
(57,92), 0, 1
(57,95), 0, 1
(58,73), 0, 1
(59,0), 0, 1
(59,1), 0, 1
(59,2), 0, 1
(59,3), 0, 1
(59,6), 0, 1
(59,8), 0, 1
(59,10), 0, 1
(59,12), 0, 1
(59,13), 0, 1
(59,14), 0, 1
(59,15), 0, 1
(59,16), 0, 1
(59,17), 0, 1
(59,19), 0, 1
(59,21), 0, 1
(59,22), 0, 1
(59,23), 0, 1
(59,24), 0, 1
(59,25), 0, 1
(59,26), 0, 1
(59,29), 0, 1
(59,30), 0, 1
(59,31), 0, 1
(59,32), 0, 1
(59,34), 0, 1
(59,35), 0, 1
(59,36), 0, 1
(59,37), 0, 1
(59,38), 0, 1
(59,39), 0, 1
(59,40), 0, 1
(59,41), 0, 1
(59,42), 0, 1
(59,46), 0, 1
(59,47), 0, 1
(59,50), 0, 1
(59,51), 0, 1
(59,52), 0, 1
(59,54), 0, 1
(59,56), 0, 1
(59,57), 0, 1
(59,58), 0, 1
(59,60), 0, 1
(59,61), 0, 1
(59,62), 0, 1
(59,64), 0, 1
(59,65), 0, 1
(59,66), 0, 1
(59,67), 0, 1
(59,68), 0, 1
(59,71), 0, 1
(59,72), 0, 1
(59,73), 0, 1
(59,75), 0, 1
(59,77), 0, 1
(59,78), 0, 1
(59,79), 0, 1
(59,80), 0, 1
(59,83), 0, 1
(59,84), 0, 1
(59,85), 0, 1
(59,87), 0, 1
(59,92), 0, 1
(59,93), 0, 1
(59,95), 0, 1
(60,0), 0, 1
(60,12), 0, 1
(60,17), 0, 1
(60,35), 0, 1
(60,37), 0, 1
(60,54), 0, 1
(60,62), 0, 1
(60,66), 0, 1
(60,67), 0, 1
(60,72), 0, 1
(60,77), 0, 1
(60,96), 0, 1
(61,6), 0, 1
(61,13), 0, 1
(61,20), 0, 1
(61,36), 0, 1
(61,42), 0, 1
(61,51), 0, 1
(61,52), 0, 1
(61,53), 0, 1
(61,56), 0, 1
(61,73), 0, 1
(61,80), 0, 1
(61,92), 0, 1
(61,95), 0, 1
(62,6), 0, 1
(62,13), 0, 1
(62,20), 0, 1
(62,42), 0, 1
(62,51), 0, 1
(62,52), 0, 1
(62,53), 0, 1
(62,56), 0, 1
(62,73), 0, 1
(62,80), 0, 1
(62,92), 0, 1
(62,95), 0, 1
(63,0), 0, 1
(63,17), 0, 1
(63,23), 0, 1
(63,35), 0, 1
(63,37), 0, 1
(63,40), 0, 1
(63,62), 0, 1
(63,66), 0, 1
(63,72), 0, 1
(63,73), 0, 1
(63,96), 0, 1
(64,0), 0, 1
(64,17), 0, 1
(64,23), 0, 1
(64,33), 0, 1
(64,35), 0, 1
(64,37), 0, 1
(64,54), 0, 1
(64,62), 0, 1
(64,66), 0, 1
(64,67), 0, 1
(64,72), 0, 1
(64,73), 0, 1
(64,77), 0, 1
(64,88), 0, 1
(64,96), 0, 1
(65,0), 0, 1
(65,12), 0, 1
(65,17), 0, 1
(65,23), 0, 1
(65,35), 0, 1
(65,37), 0, 1
(65,54), 0, 1
(65,62), 0, 1
(65,67), 0, 1
(65,72), 0, 1
(65,73), 0, 1
(65,88), 0, 1
(65,96), 0, 1
(66,6), 0, 1
(66,13), 0, 1
(66,20), 0, 1
(66,36), 0, 1
(66,42), 0, 1
(66,52), 0, 1
(66,53), 0, 1
(66,56), 0, 1
(66,73), 0, 1
(66,80), 0, 1
(66,92), 0, 1
(66,95), 0, 1
(67,6), 0, 1
(67,13), 0, 1
(67,20), 0, 1
(67,28), 0, 1
(67,42), 0, 1
(67,51), 0, 1
(67,52), 0, 1
(67,53), 0, 1
(67,56), 0, 1
(67,80), 0, 1
(67,92), 0, 1
(67,95), 0, 1
(68,6), 0, 1
(68,13), 0, 1
(68,20), 0, 1
(68,36), 0, 1
(68,42), 0, 1
(68,51), 0, 1
(68,52), 0, 1
(68,53), 0, 1
(68,56), 0, 1
(68,92), 0, 1
(68,95), 0, 1
(69,0), 0, 1
(69,1), 0, 1
(69,2), 0, 1
(69,3), 0, 1
(69,4), 0, 1
(69,6), 0, 1
(69,8), 0, 1
(69,10), 0, 1
(69,12), 0, 1
(69,13), 0, 1
(69,14), 0, 1
(69,15), 0, 1
(69,16), 0, 1
(69,19), 0, 1
(69,20), 0, 1
(69,22), 0, 1
(69,23), 0, 1
(69,24), 0, 1
(69,25), 0, 1
(69,26), 0, 1
(69,29), 0, 1
(69,30), 0, 1
(69,32), 0, 1
(69,34), 0, 1
(69,36), 0, 1
(69,37), 0, 1
(69,39), 0, 1
(69,41), 0, 1
(69,42), 0, 1
(69,45), 0, 1
(69,46), 0, 1
(69,47), 0, 1
(69,48), 0, 1
(69,50), 0, 1
(69,51), 0, 1
(69,52), 0, 1
(69,53), 0, 1
(69,54), 0, 1
(69,55), 0, 1
(69,56), 0, 1
(69,58), 0, 1
(69,60), 0, 1
(69,61), 0, 1
(69,62), 0, 1
(69,64), 0, 1
(69,65), 0, 1
(69,67), 0, 1
(69,68), 0, 1
(69,71), 0, 1
(69,72), 0, 1
(69,73), 0, 1
(69,74), 0, 1
(69,75), 0, 1
(69,77), 0, 1
(69,78), 0, 1
(69,80), 0, 1
(69,81), 0, 1
(69,83), 0, 1
(69,84), 0, 1
(69,85), 0, 1
(69,86), 0, 1
(69,87), 0, 1
(69,91), 0, 1
(69,92), 0, 1
(69,93), 0, 1
(69,94), 0, 1
(69,95), 0, 1
(69,96), 0, 1
(70,0), 0, 1
(70,1), 0, 1
(70,2), 0, 1
(70,3), 0, 1
(70,4), 0, 1
(70,7), 0, 1
(70,8), 0, 1
(70,10), 0, 1
(70,12), 0, 1
(70,13), 0, 1
(70,14), 0, 1
(70,16), 0, 1
(70,17), 0, 1
(70,19), 0, 1
(70,20), 0, 1
(70,21), 0, 1
(70,22), 0, 1
(70,23), 0, 1
(70,25), 0, 1
(70,26), 0, 1
(70,29), 0, 1
(70,30), 0, 1
(70,32), 0, 1
(70,35), 0, 1
(70,36), 0, 1
(70,37), 0, 1
(70,38), 0, 1
(70,39), 0, 1
(70,41), 0, 1
(70,45), 0, 1
(70,47), 0, 1
(70,50), 0, 1
(70,51), 0, 1
(70,52), 0, 1
(70,53), 0, 1
(70,54), 0, 1
(70,56), 0, 1
(70,57), 0, 1
(70,58), 0, 1
(70,60), 0, 1
(70,61), 0, 1
(70,62), 0, 1
(70,65), 0, 1
(70,66), 0, 1
(70,67), 0, 1
(70,68), 0, 1
(70,71), 0, 1
(70,72), 0, 1
(70,74), 0, 1
(70,76), 0, 1
(70,77), 0, 1
(70,78), 0, 1
(70,79), 0, 1
(70,81), 0, 1
(70,84), 0, 1
(70,85), 0, 1
(70,86), 0, 1
(70,87), 0, 1
(70,91), 0, 1
(70,92), 0, 1
(70,93), 0, 1
(70,94), 0, 1
(70,95), 0, 1
(70,96), 0, 1
(71,0), 0, 1
(71,12), 0, 1
(71,23), 0, 1
(71,54), 0, 1
(71,62), 0, 1
(71,66), 0, 1
(71,67), 0, 1
(71,72), 0, 1
(71,96), 0, 1
(72,0), 0, 1
(72,12), 0, 1
(72,17), 0, 1
(72,23), 0, 1
(72,33), 0, 1
(72,35), 0, 1
(72,37), 0, 1
(72,43), 0, 1
(72,62), 0, 1
(72,66), 0, 1
(72,67), 0, 1
(72,73), 0, 1
(72,77), 0, 1
(72,82), 0, 1
(72,96), 0, 1
(73,0), 0, 1
(73,2), 0, 1
(73,3), 0, 1
(73,4), 0, 1
(73,6), 0, 1
(73,8), 0, 1
(73,10), 0, 1
(73,12), 0, 1
(73,13), 0, 1
(73,14), 0, 1
(73,15), 0, 1
(73,16), 0, 1
(73,19), 0, 1
(73,20), 0, 1
(73,22), 0, 1
(73,23), 0, 1
(73,24), 0, 1
(73,25), 0, 1
(73,26), 0, 1
(73,29), 0, 1
(73,30), 0, 1
(73,32), 0, 1
(73,34), 0, 1
(73,36), 0, 1
(73,37), 0, 1
(73,38), 0, 1
(73,39), 0, 1
(73,40), 0, 1
(73,41), 0, 1
(73,42), 0, 1
(73,45), 0, 1
(73,46), 0, 1
(73,47), 0, 1
(73,50), 0, 1
(73,51), 0, 1
(73,52), 0, 1
(73,53), 0, 1
(73,54), 0, 1
(73,56), 0, 1
(73,57), 0, 1
(73,58), 0, 1
(73,60), 0, 1
(73,61), 0, 1
(73,62), 0, 1
(73,64), 0, 1
(73,65), 0, 1
(73,66), 0, 1
(73,67), 0, 1
(73,68), 0, 1
(73,71), 0, 1
(73,72), 0, 1
(73,74), 0, 1
(73,75), 0, 1
(73,77), 0, 1
(73,79), 0, 1
(73,80), 0, 1
(73,81), 0, 1
(73,84), 0, 1
(73,85), 0, 1
(73,86), 0, 1
(73,87), 0, 1
(73,91), 0, 1
(73,92), 0, 1
(73,94), 0, 1
(73,95), 0, 1
(73,96), 0, 1
(74,0), 0, 1
(74,12), 0, 1
(74,23), 0, 1
(74,35), 0, 1
(74,37), 0, 1
(74,54), 0, 1
(74,62), 0, 1
(74,66), 0, 1
(74,67), 0, 1
(74,72), 0, 1
(74,77), 0, 1
(74,82), 0, 1
(74,96), 0, 1
(75,0), 0, 1
(75,12), 0, 1
(75,17), 0, 1
(75,37), 0, 1
(75,54), 0, 1
(75,62), 0, 1
(75,66), 0, 1
(75,67), 0, 1
(75,73), 0, 1
(75,96), 0, 1
(76,0), 0, 1
(76,1), 0, 1
(76,2), 0, 1
(76,3), 0, 1
(76,4), 0, 1
(76,6), 0, 1
(76,8), 0, 1
(76,10), 0, 1
(76,12), 0, 1
(76,13), 0, 1
(76,14), 0, 1
(76,15), 0, 1
(76,16), 0, 1
(76,19), 0, 1
(76,20), 0, 1
(76,22), 0, 1
(76,23), 0, 1
(76,24), 0, 1
(76,26), 0, 1
(76,29), 0, 1
(76,30), 0, 1
(76,32), 0, 1
(76,34), 0, 1
(76,35), 0, 1
(76,36), 0, 1
(76,38), 0, 1
(76,39), 0, 1
(76,41), 0, 1
(76,42), 0, 1
(76,45), 0, 1
(76,46), 0, 1
(76,47), 0, 1
(76,50), 0, 1
(76,51), 0, 1
(76,53), 0, 1
(76,54), 0, 1
(76,56), 0, 1
(76,57), 0, 1
(76,58), 0, 1
(76,60), 0, 1
(76,61), 0, 1
(76,62), 0, 1
(76,64), 0, 1
(76,65), 0, 1
(76,66), 0, 1
(76,67), 0, 1
(76,68), 0, 1
(76,71), 0, 1
(76,72), 0, 1
(76,73), 0, 1
(76,74), 0, 1
(76,75), 0, 1
(76,77), 0, 1
(76,78), 0, 1
(76,79), 0, 1
(76,80), 0, 1
(76,83), 0, 1
(76,84), 0, 1
(76,85), 0, 1
(76,86), 0, 1
(76,87), 0, 1
(76,91), 0, 1
(76,92), 0, 1
(76,93), 0, 1
(76,94), 0, 1
(76,95), 0, 1
(76,96), 0, 1
(77,6), 0, 1
(77,13), 0, 1
(77,20), 0, 1
(77,42), 0, 1
(77,51), 0, 1
(77,52), 0, 1
(77,53), 0, 1
(77,56), 0, 1
(77,80), 0, 1
(77,92), 0, 1
(77,95), 0, 1
(78,6), 0, 1
(78,13), 0, 1
(78,20), 0, 1
(78,28), 0, 1
(78,36), 0, 1
(78,42), 0, 1
(78,51), 0, 1
(78,52), 0, 1
(78,53), 0, 1
(78,56), 0, 1
(78,73), 0, 1
(78,92), 0, 1
(78,95), 0, 1
(79,0), 0, 1
(79,12), 0, 1
(79,17), 0, 1
(79,23), 0, 1
(79,33), 0, 1
(79,35), 0, 1
(79,37), 0, 1
(79,54), 0, 1
(79,62), 0, 1
(79,66), 0, 1
(79,67), 0, 1
(79,72), 0, 1
(79,77), 0, 1
(79,90), 0, 1
(79,96), 0, 1
(80,0), 0, 1
(80,1), 0, 1
(80,2), 0, 1
(80,3), 0, 1
(80,4), 0, 1
(80,6), 0, 1
(80,8), 0, 1
(80,10), 0, 1
(80,11), 0, 1
(80,12), 0, 1
(80,14), 0, 1
(80,16), 0, 1
(80,19), 0, 1
(80,20), 0, 1
(80,21), 0, 1
(80,22), 0, 1
(80,23), 0, 1
(80,24), 0, 1
(80,25), 0, 1
(80,26), 0, 1
(80,27), 0, 1
(80,29), 0, 1
(80,30), 0, 1
(80,32), 0, 1
(80,33), 0, 1
(80,35), 0, 1
(80,36), 0, 1
(80,37), 0, 1
(80,38), 0, 1
(80,39), 0, 1
(80,41), 0, 1
(80,42), 0, 1
(80,45), 0, 1
(80,46), 0, 1
(80,47), 0, 1
(80,50), 0, 1
(80,51), 0, 1
(80,52), 0, 1
(80,53), 0, 1
(80,54), 0, 1
(80,56), 0, 1
(80,58), 0, 1
(80,60), 0, 1
(80,61), 0, 1
(80,62), 0, 1
(80,63), 0, 1
(80,64), 0, 1
(80,65), 0, 1
(80,66), 0, 1
(80,67), 0, 1
(80,68), 0, 1
(80,71), 0, 1
(80,72), 0, 1
(80,74), 0, 1
(80,75), 0, 1
(80,78), 0, 1
(80,81), 0, 1
(80,83), 0, 1
(80,84), 0, 1
(80,85), 0, 1
(80,87), 0, 1
(80,91), 0, 1
(80,92), 0, 1
(80,93), 0, 1
(80,95), 0, 1
(80,96), 0, 1
(81,0), 0, 1
(81,1), 0, 1
(81,3), 0, 1
(81,4), 0, 1
(81,6), 0, 1
(81,10), 0, 1
(81,12), 0, 1
(81,14), 0, 1
(81,15), 0, 1
(81,16), 0, 1
(81,17), 0, 1
(81,19), 0, 1
(81,20), 0, 1
(81,21), 0, 1
(81,22), 0, 1
(81,23), 0, 1
(81,24), 0, 1
(81,25), 0, 1
(81,26), 0, 1
(81,29), 0, 1
(81,30), 0, 1
(81,32), 0, 1
(81,34), 0, 1
(81,36), 0, 1
(81,37), 0, 1
(81,38), 0, 1
(81,39), 0, 1
(81,41), 0, 1
(81,42), 0, 1
(81,47), 0, 1
(81,51), 0, 1
(81,52), 0, 1
(81,53), 0, 1
(81,54), 0, 1
(81,55), 0, 1
(81,56), 0, 1
(81,57), 0, 1
(81,58), 0, 1
(81,60), 0, 1
(81,61), 0, 1
(81,62), 0, 1
(81,64), 0, 1
(81,65), 0, 1
(81,66), 0, 1
(81,67), 0, 1
(81,68), 0, 1
(81,72), 0, 1
(81,74), 0, 1
(81,75), 0, 1
(81,76), 0, 1
(81,77), 0, 1
(81,78), 0, 1
(81,79), 0, 1
(81,80), 0, 1
(81,84), 0, 1
(81,85), 0, 1
(81,86), 0, 1
(81,87), 0, 1
(81,91), 0, 1
(81,92), 0, 1
(81,93), 0, 1
(81,94), 0, 1
(81,95), 0, 1
(81,96), 0, 1
(82,27), 0, 1
(82,73), 0, 1
(83,0), 0, 1
(83,12), 0, 1
(83,17), 0, 1
(83,23), 0, 1
(83,37), 0, 1
(83,54), 0, 1
(83,62), 0, 1
(83,66), 0, 1
(83,67), 0, 1
(83,72), 0, 1
(83,77), 0, 1
(83,96), 0, 1
(84,6), 0, 1
(84,13), 0, 1
(84,20), 0, 1
(84,42), 0, 1
(84,51), 0, 1
(84,52), 0, 1
(84,53), 0, 1
(84,56), 0, 1
(84,73), 0, 1
(84,80), 0, 1
(84,92), 0, 1
(84,95), 0, 1
(85,6), 0, 1
(85,13), 0, 1
(85,20), 0, 1
(85,42), 0, 1
(85,51), 0, 1
(85,52), 0, 1
(85,53), 0, 1
(85,56), 0, 1
(85,73), 0, 1
(85,80), 0, 1
(85,92), 0, 1
(85,95), 0, 1
(86,0), 0, 1
(86,12), 0, 1
(86,17), 0, 1
(86,23), 0, 1
(86,35), 0, 1
(86,37), 0, 1
(86,54), 0, 1
(86,62), 0, 1
(86,66), 0, 1
(86,67), 0, 1
(86,72), 0, 1
(86,73), 0, 1
(86,77), 0, 1
(86,90), 0, 1
(86,96), 0, 1
(87,73), 0, 1
(88,6), 0, 1
(88,13), 0, 1
(88,20), 0, 1
(88,36), 0, 1
(88,42), 0, 1
(88,51), 0, 1
(88,52), 0, 1
(88,53), 0, 1
(88,56), 0, 1
(88,92), 0, 1
(88,95), 0, 1
(89,0), 0, 1
(89,1), 0, 1
(89,2), 0, 1
(89,3), 0, 1
(89,4), 0, 1
(89,6), 0, 1
(89,8), 0, 1
(89,9), 0, 1
(89,10), 0, 1
(89,11), 0, 1
(89,12), 0, 1
(89,13), 0, 1
(89,14), 0, 1
(89,15), 0, 1
(89,16), 0, 1
(89,17), 0, 1
(89,19), 0, 1
(89,20), 0, 1
(89,21), 0, 1
(89,22), 0, 1
(89,23), 0, 1
(89,24), 0, 1
(89,25), 0, 1
(89,26), 0, 1
(89,29), 0, 1
(89,30), 0, 1
(89,32), 0, 1
(89,36), 0, 1
(89,37), 0, 1
(89,38), 0, 1
(89,39), 0, 1
(89,42), 0, 1
(89,45), 0, 1
(89,47), 0, 1
(89,50), 0, 1
(89,51), 0, 1
(89,52), 0, 1
(89,53), 0, 1
(89,54), 0, 1
(89,55), 0, 1
(89,56), 0, 1
(89,57), 0, 1
(89,58), 0, 1
(89,60), 0, 1
(89,61), 0, 1
(89,62), 0, 1
(89,63), 0, 1
(89,64), 0, 1
(89,65), 0, 1
(89,66), 0, 1
(89,67), 0, 1
(89,68), 0, 1
(89,71), 0, 1
(89,72), 0, 1
(89,74), 0, 1
(89,77), 0, 1
(89,78), 0, 1
(89,79), 0, 1
(89,80), 0, 1
(89,81), 0, 1
(89,83), 0, 1
(89,84), 0, 1
(89,85), 0, 1
(89,86), 0, 1
(89,87), 0, 1
(89,91), 0, 1
(89,92), 0, 1
(89,93), 0, 1
(89,94), 0, 1
(89,95), 0, 1
(89,96), 0, 1
(90,0), 0, 1
(90,1), 0, 1
(90,2), 0, 1
(90,3), 0, 1
(90,4), 0, 1
(90,6), 0, 1
(90,8), 0, 1
(90,10), 0, 1
(90,12), 0, 1
(90,14), 0, 1
(90,15), 0, 1
(90,16), 0, 1
(90,18), 0, 1
(90,19), 0, 1
(90,20), 0, 1
(90,21), 0, 1
(90,22), 0, 1
(90,23), 0, 1
(90,24), 0, 1
(90,25), 0, 1
(90,26), 0, 1
(90,27), 0, 1
(90,29), 0, 1
(90,30), 0, 1
(90,32), 0, 1
(90,34), 0, 1
(90,37), 0, 1
(90,38), 0, 1
(90,39), 0, 1
(90,41), 0, 1
(90,42), 0, 1
(90,45), 0, 1
(90,46), 0, 1
(90,47), 0, 1
(90,50), 0, 1
(90,51), 0, 1
(90,52), 0, 1
(90,53), 0, 1
(90,55), 0, 1
(90,57), 0, 1
(90,60), 0, 1
(90,61), 0, 1
(90,62), 0, 1
(90,63), 0, 1
(90,64), 0, 1
(90,65), 0, 1
(90,66), 0, 1
(90,67), 0, 1
(90,68), 0, 1
(90,71), 0, 1
(90,73), 0, 1
(90,74), 0, 1
(90,75), 0, 1
(90,77), 0, 1
(90,78), 0, 1
(90,79), 0, 1
(90,80), 0, 1
(90,81), 0, 1
(90,82), 0, 1
(90,83), 0, 1
(90,84), 0, 1
(90,85), 0, 1
(90,86), 0, 1
(90,87), 0, 1
(90,91), 0, 1
(90,92), 0, 1
(90,93), 0, 1
(90,95), 0, 1
(90,96), 0, 1
(91,0), 0, 1
(91,23), 0, 1
(91,27), 0, 1
(91,35), 0, 1
(91,37), 0, 1
(91,54), 0, 1
(91,62), 0, 1
(91,66), 0, 1
(91,67), 0, 1
(91,72), 0, 1
(91,73), 0, 1
(91,77), 0, 1
(91,96), 0, 1
(92,0), 0, 1
(92,12), 0, 1
(92,23), 0, 1
(92,27), 0, 1
(92,37), 0, 1
(92,54), 0, 1
(92,62), 0, 1
(92,66), 0, 1
(92,73), 0, 1
(92,77), 0, 1
(92,88), 0, 1
(92,96), 0, 1
(93,0), 0, 1
(93,12), 0, 1
(93,17), 0, 1
(93,23), 0, 1
(93,37), 0, 1
(93,62), 0, 1
(93,66), 0, 1
(93,67), 0, 1
(93,72), 0, 1
(93,73), 0, 1
(93,77), 0, 1
(93,96), 0, 1
(95,0), 0, 1
(95,12), 0, 1
(95,17), 0, 1
(95,23), 0, 1
(95,27), 0, 1
(95,33), 0, 1
(95,35), 0, 1
(95,37), 0, 1
(95,54), 0, 1
(95,62), 0, 1
(95,66), 0, 1
(95,67), 0, 1
(95,72), 0, 1
(95,73), 0, 1
(95,77), 0, 1
(95,96), 0, 1
(96,0), 0, 1
(96,1), 0, 1
(96,3), 0, 1
(96,4), 0, 1
(96,6), 0, 1
(96,8), 0, 1
(96,10), 0, 1
(96,12), 0, 1
(96,13), 0, 1
(96,14), 0, 1
(96,15), 0, 1
(96,16), 0, 1
(96,17), 0, 1
(96,19), 0, 1
(96,20), 0, 1
(96,22), 0, 1
(96,23), 0, 1
(96,24), 0, 1
(96,25), 0, 1
(96,26), 0, 1
(96,29), 0, 1
(96,30), 0, 1
(96,32), 0, 1
(96,33), 0, 1
(96,34), 0, 1
(96,35), 0, 1
(96,37), 0, 1
(96,38), 0, 1
(96,39), 0, 1
(96,41), 0, 1
(96,42), 0, 1
(96,46), 0, 1
(96,47), 0, 1
(96,50), 0, 1
(96,51), 0, 1
(96,52), 0, 1
(96,53), 0, 1
(96,54), 0, 1
(96,55), 0, 1
(96,56), 0, 1
(96,57), 0, 1
(96,58), 0, 1
(96,60), 0, 1
(96,61), 0, 1
(96,62), 0, 1
(96,64), 0, 1
(96,65), 0, 1
(96,66), 0, 1
(96,67), 0, 1
(96,68), 0, 1
(96,71), 0, 1
(96,72), 0, 1
(96,74), 0, 1
(96,75), 0, 1
(96,77), 0, 1
(96,78), 0, 1
(96,79), 0, 1
(96,83), 0, 1
(96,84), 0, 1
(96,85), 0, 1
(96,86), 0, 1
(96,87), 0, 1
(96,88), 0, 1
(96,91), 0, 1
(96,92), 0, 1
(96,93), 0, 1
(96,94), 0, 1
(96,95), 0, 1
(97,0), 0, 1
(97,1), 0, 1
(97,2), 0, 1
(97,3), 0, 1
(97,4), 0, 1
(97,6), 0, 1
(97,8), 0, 1
(97,10), 0, 1
(97,11), 0, 1
(97,12), 0, 1
(97,13), 0, 1
(97,14), 0, 1
(97,15), 0, 1
(97,16), 0, 1
(97,17), 0, 1
(97,19), 0, 1
(97,20), 0, 1
(97,21), 0, 1
(97,22), 0, 1
(97,23), 0, 1
(97,24), 0, 1
(97,25), 0, 1
(97,26), 0, 1
(97,29), 0, 1
(97,30), 0, 1
(97,32), 0, 1
(97,33), 0, 1
(97,34), 0, 1
(97,36), 0, 1
(97,37), 0, 1
(97,38), 0, 1
(97,39), 0, 1
(97,42), 0, 1
(97,45), 0, 1
(97,47), 0, 1
(97,48), 0, 1
(97,50), 0, 1
(97,51), 0, 1
(97,52), 0, 1
(97,53), 0, 1
(97,55), 0, 1
(97,56), 0, 1
(97,57), 0, 1
(97,58), 0, 1
(97,60), 0, 1
(97,61), 0, 1
(97,62), 0, 1
(97,64), 0, 1
(97,65), 0, 1
(97,66), 0, 1
(97,67), 0, 1
(97,71), 0, 1
(97,72), 0, 1
(97,73), 0, 1
(97,74), 0, 1
(97,75), 0, 1
(97,77), 0, 1
(97,78), 0, 1
(97,79), 0, 1
(97,80), 0, 1
(97,81), 0, 1
(97,83), 0, 1
(97,84), 0, 1
(97,85), 0, 1
(97,86), 0, 1
(97,87), 0, 1
(97,91), 0, 1
(97,92), 0, 1
(97,93), 0, 1
(97,94), 0, 1
(97,95), 0, 1
(97,96), 0, 1
(98,0), 0, 1
(98,12), 0, 1
(98,17), 0, 1
(98,23), 0, 1
(98,35), 0, 1
(98,37), 0, 1
(98,54), 0, 1
(98,62), 0, 1
(98,66), 0, 1
(98,67), 0, 1
(98,72), 0, 1
(98,77), 0, 1
(98,96), 0, 1
(99,0), 0, 1
(99,3), 0, 1
(99,4), 0, 1
(99,6), 0, 1
(99,10), 0, 1
(99,12), 0, 1
(99,13), 0, 1
(99,14), 0, 1
(99,15), 0, 1
(99,16), 0, 1
(99,17), 0, 1
(99,19), 0, 1
(99,20), 0, 1
(99,21), 0, 1
(99,22), 0, 1
(99,23), 0, 1
(99,24), 0, 1
(99,25), 0, 1
(99,26), 0, 1
(99,29), 0, 1
(99,30), 0, 1
(99,34), 0, 1
(99,36), 0, 1
(99,37), 0, 1
(99,38), 0, 1
(99,39), 0, 1
(99,40), 0, 1
(99,41), 0, 1
(99,42), 0, 1
(99,45), 0, 1
(99,46), 0, 1
(99,47), 0, 1
(99,50), 0, 1
(99,51), 0, 1
(99,52), 0, 1
(99,53), 0, 1
(99,55), 0, 1
(99,57), 0, 1
(99,58), 0, 1
(99,60), 0, 1
(99,61), 0, 1
(99,62), 0, 1
(99,64), 0, 1
(99,65), 0, 1
(99,66), 0, 1
(99,67), 0, 1
(99,68), 0, 1
(99,71), 0, 1
(99,72), 0, 1
(99,73), 0, 1
(99,74), 0, 1
(99,77), 0, 1
(99,78), 0, 1
(99,79), 0, 1
(99,81), 0, 1
(99,83), 0, 1
(99,85), 0, 1
(99,86), 0, 1
(99,87), 0, 1
(99,91), 0, 1
(99,92), 0, 1
(99,93), 0, 1
(99,94), 0, 1
(99,95), 0, 1
(99,96), 0, 1
