Nr_Pairs = 95
Nr_NDD = 5
Nr_Arcs = 2438
0	0.90
1	0.90
2	0.5
3	0.90
4	0.5
5	0.92
6	0.10
7	0.5
8	0.5
9	0.10
10	0.5
11	0.5
12	0.5
13	0.5
14	0.90
15	0.5
16	0.32
17	0.5
18	0.28
19	0.32
20	0.5
21	0.5
22	0.10
23	0.28
24	0.5
25	0.5
26	0.5
27	0.32
28	0.90
29	0.90
30	0.5
31	0.5
32	0.28
33	0.5
34	0.28
35	0.90
36	0.90
37	0.90
38	0.5
39	0.10
40	0.28
41	0.5
42	0.5
43	0.28
44	0.90
45	0.90
46	0.5
47	0.5
48	0.28
49	0.32
50	0.5
51	0.10
52	0.5
53	0.10
54	0.90
55	0.90
56	0.5
57	0.90
58	0.28
59	0.10
60	0.5
61	0.28
62	0.10
63	0.90
64	0.5
65	0.10
66	0.90
67	0.10
68	0.90
69	0.5
70	0.28
71	0.28
72	0.10
73	0.90
74	0.5
75	0.90
76	0.10
77	0.28
78	0.28
79	0.92
80	0.5
81	0.90
82	0.90
83	0.5
84	0.32
85	0.10
86	0.5
87	0.5
88	0.5
89	0.5
90	0.10
91	0.5
92	0.10
93	0.90
94	0.92
95	0.0
96	0.0
97	0.0
98	0.0
99	0.0
(0,2), 0, 1
(0,4), 0, 1
(0,6), 0, 1
(0,7), 0, 1
(0,8), 0, 1
(0,9), 0, 1
(0,10), 0, 1
(0,11), 0, 1
(0,12), 0, 1
(0,13), 0, 1
(0,15), 0, 1
(0,16), 0, 1
(0,17), 0, 1
(0,18), 0, 1
(0,20), 0, 1
(0,21), 0, 1
(0,22), 0, 1
(0,23), 0, 1
(0,24), 0, 1
(0,25), 0, 1
(0,26), 0, 1
(0,27), 0, 1
(0,28), 0, 1
(0,30), 0, 1
(0,31), 0, 1
(0,33), 0, 1
(0,34), 0, 1
(0,38), 0, 1
(0,39), 0, 1
(0,41), 0, 1
(0,42), 0, 1
(0,43), 0, 1
(0,46), 0, 1
(0,47), 0, 1
(0,48), 0, 1
(0,49), 0, 1
(0,50), 0, 1
(0,52), 0, 1
(0,53), 0, 1
(0,56), 0, 1
(0,58), 0, 1
(0,59), 0, 1
(0,60), 0, 1
(0,61), 0, 1
(0,62), 0, 1
(0,64), 0, 1
(0,65), 0, 1
(0,67), 0, 1
(0,69), 0, 1
(0,71), 0, 1
(0,72), 0, 1
(0,74), 0, 1
(0,77), 0, 1
(0,78), 0, 1
(0,80), 0, 1
(0,83), 0, 1
(0,84), 0, 1
(0,85), 0, 1
(0,86), 0, 1
(0,87), 0, 1
(0,88), 0, 1
(0,89), 0, 1
(0,90), 0, 1
(0,91), 0, 1
(0,92), 0, 1
(1,2), 0, 1
(1,3), 0, 1
(1,4), 0, 1
(1,6), 0, 1
(1,7), 0, 1
(1,8), 0, 1
(1,9), 0, 1
(1,10), 0, 1
(1,11), 0, 1
(1,12), 0, 1
(1,13), 0, 1
(1,15), 0, 1
(1,16), 0, 1
(1,17), 0, 1
(1,18), 0, 1
(1,19), 0, 1
(1,20), 0, 1
(1,21), 0, 1
(1,22), 0, 1
(1,23), 0, 1
(1,24), 0, 1
(1,25), 0, 1
(1,26), 0, 1
(1,27), 0, 1
(1,28), 0, 1
(1,30), 0, 1
(1,31), 0, 1
(1,32), 0, 1
(1,33), 0, 1
(1,38), 0, 1
(1,39), 0, 1
(1,40), 0, 1
(1,41), 0, 1
(1,42), 0, 1
(1,43), 0, 1
(1,44), 0, 1
(1,46), 0, 1
(1,47), 0, 1
(1,49), 0, 1
(1,50), 0, 1
(1,51), 0, 1
(1,52), 0, 1
(1,53), 0, 1
(1,56), 0, 1
(1,58), 0, 1
(1,60), 0, 1
(1,61), 0, 1
(1,62), 0, 1
(1,64), 0, 1
(1,65), 0, 1
(1,67), 0, 1
(1,69), 0, 1
(1,70), 0, 1
(1,71), 0, 1
(1,72), 0, 1
(1,73), 0, 1
(1,74), 0, 1
(1,76), 0, 1
(1,77), 0, 1
(1,80), 0, 1
(1,83), 0, 1
(1,84), 0, 1
(1,85), 0, 1
(1,86), 0, 1
(1,88), 0, 1
(1,89), 0, 1
(1,91), 0, 1
(1,92), 0, 1
(2,13), 0, 1
(2,19), 0, 1
(2,23), 0, 1
(2,24), 0, 1
(2,41), 0, 1
(2,42), 0, 1
(2,43), 0, 1
(2,58), 0, 1
(2,64), 0, 1
(2,69), 0, 1
(2,84), 0, 1
(3,2), 0, 1
(3,4), 0, 1
(3,6), 0, 1
(3,7), 0, 1
(3,9), 0, 1
(3,10), 0, 1
(3,11), 0, 1
(3,12), 0, 1
(3,13), 0, 1
(3,15), 0, 1
(3,16), 0, 1
(3,18), 0, 1
(3,20), 0, 1
(3,21), 0, 1
(3,23), 0, 1
(3,24), 0, 1
(3,25), 0, 1
(3,26), 0, 1
(3,27), 0, 1
(3,30), 0, 1
(3,31), 0, 1
(3,32), 0, 1
(3,33), 0, 1
(3,38), 0, 1
(3,39), 0, 1
(3,41), 0, 1
(3,42), 0, 1
(3,43), 0, 1
(3,44), 0, 1
(3,46), 0, 1
(3,47), 0, 1
(3,49), 0, 1
(3,50), 0, 1
(3,51), 0, 1
(3,53), 0, 1
(3,56), 0, 1
(3,57), 0, 1
(3,58), 0, 1
(3,60), 0, 1
(3,61), 0, 1
(3,62), 0, 1
(3,64), 0, 1
(3,65), 0, 1
(3,67), 0, 1
(3,68), 0, 1
(3,69), 0, 1
(3,70), 0, 1
(3,71), 0, 1
(3,72), 0, 1
(3,74), 0, 1
(3,76), 0, 1
(3,78), 0, 1
(3,80), 0, 1
(3,83), 0, 1
(3,84), 0, 1
(3,85), 0, 1
(3,87), 0, 1
(3,88), 0, 1
(3,89), 0, 1
(3,90), 0, 1
(3,91), 0, 1
(4,13), 0, 1
(4,23), 0, 1
(4,24), 0, 1
(4,41), 0, 1
(4,42), 0, 1
(4,43), 0, 1
(4,57), 0, 1
(4,64), 0, 1
(4,65), 0, 1
(4,69), 0, 1
(4,84), 0, 1
(5,13), 0, 1
(5,19), 0, 1
(5,23), 0, 1
(5,24), 0, 1
(5,38), 0, 1
(5,41), 0, 1
(5,42), 0, 1
(5,45), 0, 1
(5,58), 0, 1
(5,64), 0, 1
(5,65), 0, 1
(5,69), 0, 1
(5,84), 0, 1
(6,13), 0, 1
(6,23), 0, 1
(6,24), 0, 1
(6,37), 0, 1
(6,38), 0, 1
(6,41), 0, 1
(6,42), 0, 1
(6,43), 0, 1
(6,45), 0, 1
(6,58), 0, 1
(6,64), 0, 1
(6,65), 0, 1
(6,69), 0, 1
(6,84), 0, 1
(7,13), 0, 1
(7,23), 0, 1
(7,24), 0, 1
(7,38), 0, 1
(7,41), 0, 1
(7,43), 0, 1
(7,45), 0, 1
(7,58), 0, 1
(7,64), 0, 1
(7,65), 0, 1
(7,69), 0, 1
(7,73), 0, 1
(7,84), 0, 1
(8,13), 0, 1
(8,19), 0, 1
(8,23), 0, 1
(8,24), 0, 1
(8,38), 0, 1
(8,41), 0, 1
(8,42), 0, 1
(8,43), 0, 1
(8,65), 0, 1
(8,69), 0, 1
(8,84), 0, 1
(9,13), 0, 1
(9,19), 0, 1
(9,24), 0, 1
(9,38), 0, 1
(9,41), 0, 1
(9,42), 0, 1
(9,43), 0, 1
(9,58), 0, 1
(9,64), 0, 1
(9,69), 0, 1
(10,4), 0, 1
(10,7), 0, 1
(10,11), 0, 1
(10,16), 0, 1
(10,26), 0, 1
(10,33), 0, 1
(10,34), 0, 1
(10,47), 0, 1
(10,62), 0, 1
(10,71), 0, 1
(10,73), 0, 1
(10,78), 0, 1
(11,13), 0, 1
(11,19), 0, 1
(11,23), 0, 1
(11,24), 0, 1
(11,38), 0, 1
(11,41), 0, 1
(11,42), 0, 1
(11,43), 0, 1
(11,64), 0, 1
(11,65), 0, 1
(11,69), 0, 1
(11,82), 0, 1
(12,13), 0, 1
(12,23), 0, 1
(12,24), 0, 1
(12,36), 0, 1
(12,38), 0, 1
(12,41), 0, 1
(12,42), 0, 1
(12,58), 0, 1
(12,64), 0, 1
(12,65), 0, 1
(12,69), 0, 1
(12,73), 0, 1
(13,23), 0, 1
(13,24), 0, 1
(13,37), 0, 1
(13,38), 0, 1
(13,41), 0, 1
(13,42), 0, 1
(13,43), 0, 1
(13,57), 0, 1
(13,58), 0, 1
(13,64), 0, 1
(13,65), 0, 1
(13,69), 0, 1
(13,84), 0, 1
(14,2), 0, 1
(14,4), 0, 1
(14,6), 0, 1
(14,7), 0, 1
(14,8), 0, 1
(14,9), 0, 1
(14,10), 0, 1
(14,11), 0, 1
(14,12), 0, 1
(14,13), 0, 1
(14,15), 0, 1
(14,16), 0, 1
(14,17), 0, 1
(14,19), 0, 1
(14,20), 0, 1
(14,21), 0, 1
(14,22), 0, 1
(14,23), 0, 1
(14,24), 0, 1
(14,25), 0, 1
(14,26), 0, 1
(14,27), 0, 1
(14,30), 0, 1
(14,31), 0, 1
(14,32), 0, 1
(14,33), 0, 1
(14,34), 0, 1
(14,38), 0, 1
(14,39), 0, 1
(14,40), 0, 1
(14,41), 0, 1
(14,42), 0, 1
(14,43), 0, 1
(14,46), 0, 1
(14,47), 0, 1
(14,48), 0, 1
(14,49), 0, 1
(14,50), 0, 1
(14,52), 0, 1
(14,53), 0, 1
(14,56), 0, 1
(14,58), 0, 1
(14,59), 0, 1
(14,60), 0, 1
(14,61), 0, 1
(14,64), 0, 1
(14,65), 0, 1
(14,67), 0, 1
(14,69), 0, 1
(14,70), 0, 1
(14,74), 0, 1
(14,76), 0, 1
(14,77), 0, 1
(14,78), 0, 1
(14,80), 0, 1
(14,82), 0, 1
(14,83), 0, 1
(14,84), 0, 1
(14,85), 0, 1
(14,86), 0, 1
(14,87), 0, 1
(14,88), 0, 1
(14,89), 0, 1
(14,90), 0, 1
(14,91), 0, 1
(14,92), 0, 1
(14,93), 0, 1
(15,13), 0, 1
(15,19), 0, 1
(15,23), 0, 1
(15,24), 0, 1
(15,38), 0, 1
(15,41), 0, 1
(15,42), 0, 1
(15,58), 0, 1
(15,64), 0, 1
(15,65), 0, 1
(15,69), 0, 1
(16,13), 0, 1
(16,19), 0, 1
(16,23), 0, 1
(16,24), 0, 1
(16,38), 0, 1
(16,41), 0, 1
(16,42), 0, 1
(16,65), 0, 1
(16,69), 0, 1
(16,79), 0, 1
(16,84), 0, 1
(17,13), 0, 1
(17,19), 0, 1
(17,24), 0, 1
(17,38), 0, 1
(17,41), 0, 1
(17,42), 0, 1
(17,43), 0, 1
(17,58), 0, 1
(17,63), 0, 1
(17,64), 0, 1
(17,65), 0, 1
(17,69), 0, 1
(17,84), 0, 1
(18,0), 0, 1
(18,2), 0, 1
(18,3), 0, 1
(18,4), 0, 1
(18,6), 0, 1
(18,7), 0, 1
(18,8), 0, 1
(18,9), 0, 1
(18,10), 0, 1
(18,12), 0, 1
(18,13), 0, 1
(18,15), 0, 1
(18,17), 0, 1
(18,20), 0, 1
(18,21), 0, 1
(18,22), 0, 1
(18,23), 0, 1
(18,24), 0, 1
(18,25), 0, 1
(18,26), 0, 1
(18,30), 0, 1
(18,31), 0, 1
(18,32), 0, 1
(18,33), 0, 1
(18,38), 0, 1
(18,39), 0, 1
(18,40), 0, 1
(18,41), 0, 1
(18,42), 0, 1
(18,43), 0, 1
(18,46), 0, 1
(18,47), 0, 1
(18,48), 0, 1
(18,49), 0, 1
(18,50), 0, 1
(18,51), 0, 1
(18,52), 0, 1
(18,53), 0, 1
(18,56), 0, 1
(18,58), 0, 1
(18,59), 0, 1
(18,60), 0, 1
(18,62), 0, 1
(18,64), 0, 1
(18,65), 0, 1
(18,67), 0, 1
(18,69), 0, 1
(18,70), 0, 1
(18,74), 0, 1
(18,77), 0, 1
(18,80), 0, 1
(18,85), 0, 1
(18,86), 0, 1
(18,87), 0, 1
(18,88), 0, 1
(18,89), 0, 1
(18,90), 0, 1
(18,91), 0, 1
(18,92), 0, 1
(19,2), 0, 1
(19,4), 0, 1
(19,5), 0, 1
(19,6), 0, 1
(19,7), 0, 1
(19,8), 0, 1
(19,9), 0, 1
(19,10), 0, 1
(19,11), 0, 1
(19,12), 0, 1
(19,13), 0, 1
(19,15), 0, 1
(19,17), 0, 1
(19,18), 0, 1
(19,20), 0, 1
(19,21), 0, 1
(19,22), 0, 1
(19,23), 0, 1
(19,24), 0, 1
(19,25), 0, 1
(19,26), 0, 1
(19,27), 0, 1
(19,30), 0, 1
(19,31), 0, 1
(19,32), 0, 1
(19,33), 0, 1
(19,34), 0, 1
(19,38), 0, 1
(19,39), 0, 1
(19,40), 0, 1
(19,41), 0, 1
(19,42), 0, 1
(19,46), 0, 1
(19,47), 0, 1
(19,50), 0, 1
(19,51), 0, 1
(19,52), 0, 1
(19,53), 0, 1
(19,56), 0, 1
(19,59), 0, 1
(19,60), 0, 1
(19,61), 0, 1
(19,62), 0, 1
(19,64), 0, 1
(19,65), 0, 1
(19,67), 0, 1
(19,69), 0, 1
(19,71), 0, 1
(19,72), 0, 1
(19,74), 0, 1
(19,76), 0, 1
(19,77), 0, 1
(19,78), 0, 1
(19,80), 0, 1
(19,83), 0, 1
(19,84), 0, 1
(19,85), 0, 1
(19,86), 0, 1
(19,87), 0, 1
(19,88), 0, 1
(19,89), 0, 1
(19,90), 0, 1
(19,91), 0, 1
(20,13), 0, 1
(20,24), 0, 1
(20,38), 0, 1
(20,41), 0, 1
(20,64), 0, 1
(20,65), 0, 1
(20,69), 0, 1
(20,73), 0, 1
(20,84), 0, 1
(21,2), 0, 1
(21,4), 0, 1
(21,6), 0, 1
(21,7), 0, 1
(21,8), 0, 1
(21,9), 0, 1
(21,10), 0, 1
(21,11), 0, 1
(21,12), 0, 1
(21,13), 0, 1
(21,15), 0, 1
(21,16), 0, 1
(21,17), 0, 1
(21,18), 0, 1
(21,20), 0, 1
(21,22), 0, 1
(21,23), 0, 1
(21,24), 0, 1
(21,25), 0, 1
(21,26), 0, 1
(21,27), 0, 1
(21,31), 0, 1
(21,32), 0, 1
(21,38), 0, 1
(21,39), 0, 1
(21,40), 0, 1
(21,41), 0, 1
(21,42), 0, 1
(21,43), 0, 1
(21,46), 0, 1
(21,47), 0, 1
(21,49), 0, 1
(21,50), 0, 1
(21,51), 0, 1
(21,52), 0, 1
(21,53), 0, 1
(21,54), 0, 1
(21,56), 0, 1
(21,58), 0, 1
(21,60), 0, 1
(21,61), 0, 1
(21,62), 0, 1
(21,64), 0, 1
(21,65), 0, 1
(21,66), 0, 1
(21,67), 0, 1
(21,69), 0, 1
(21,74), 0, 1
(21,78), 0, 1
(21,80), 0, 1
(21,83), 0, 1
(21,84), 0, 1
(21,85), 0, 1
(21,86), 0, 1
(21,87), 0, 1
(21,88), 0, 1
(21,89), 0, 1
(21,90), 0, 1
(21,91), 0, 1
(21,92), 0, 1
(22,13), 0, 1
(22,19), 0, 1
(22,23), 0, 1
(22,24), 0, 1
(22,41), 0, 1
(22,44), 0, 1
(22,58), 0, 1
(22,64), 0, 1
(22,65), 0, 1
(22,69), 0, 1
(22,84), 0, 1
(23,4), 0, 1
(23,7), 0, 1
(23,11), 0, 1
(23,16), 0, 1
(23,26), 0, 1
(23,33), 0, 1
(23,34), 0, 1
(23,47), 0, 1
(23,62), 0, 1
(23,71), 0, 1
(23,78), 0, 1
(24,4), 0, 1
(24,7), 0, 1
(24,11), 0, 1
(24,26), 0, 1
(24,33), 0, 1
(24,34), 0, 1
(24,47), 0, 1
(24,62), 0, 1
(24,71), 0, 1
(24,73), 0, 1
(24,93), 0, 1
(25,4), 0, 1
(25,5), 0, 1
(25,7), 0, 1
(25,11), 0, 1
(25,16), 0, 1
(25,26), 0, 1
(25,33), 0, 1
(25,47), 0, 1
(25,71), 0, 1
(25,78), 0, 1
(26,13), 0, 1
(26,19), 0, 1
(26,23), 0, 1
(26,24), 0, 1
(26,38), 0, 1
(26,41), 0, 1
(26,42), 0, 1
(26,43), 0, 1
(26,55), 0, 1
(26,58), 0, 1
(26,64), 0, 1
(26,65), 0, 1
(26,69), 0, 1
(26,73), 0, 1
(26,84), 0, 1
(27,2), 0, 1
(27,4), 0, 1
(27,6), 0, 1
(27,7), 0, 1
(27,8), 0, 1
(27,9), 0, 1
(27,10), 0, 1
(27,11), 0, 1
(27,12), 0, 1
(27,13), 0, 1
(27,15), 0, 1
(27,16), 0, 1
(27,17), 0, 1
(27,18), 0, 1
(27,20), 0, 1
(27,21), 0, 1
(27,22), 0, 1
(27,23), 0, 1
(27,24), 0, 1
(27,25), 0, 1
(27,26), 0, 1
(27,30), 0, 1
(27,31), 0, 1
(27,32), 0, 1
(27,33), 0, 1
(27,34), 0, 1
(27,38), 0, 1
(27,39), 0, 1
(27,41), 0, 1
(27,42), 0, 1
(27,43), 0, 1
(27,46), 0, 1
(27,47), 0, 1
(27,50), 0, 1
(27,51), 0, 1
(27,52), 0, 1
(27,53), 0, 1
(27,56), 0, 1
(27,58), 0, 1
(27,59), 0, 1
(27,60), 0, 1
(27,61), 0, 1
(27,62), 0, 1
(27,63), 0, 1
(27,64), 0, 1
(27,67), 0, 1
(27,69), 0, 1
(27,72), 0, 1
(27,74), 0, 1
(27,76), 0, 1
(27,78), 0, 1
(27,80), 0, 1
(27,83), 0, 1
(27,84), 0, 1
(27,85), 0, 1
(27,86), 0, 1
(27,87), 0, 1
(27,88), 0, 1
(27,89), 0, 1
(27,90), 0, 1
(27,91), 0, 1
(28,4), 0, 1
(28,11), 0, 1
(28,16), 0, 1
(28,26), 0, 1
(28,33), 0, 1
(28,34), 0, 1
(28,47), 0, 1
(28,62), 0, 1
(28,71), 0, 1
(28,78), 0, 1
(29,2), 0, 1
(29,4), 0, 1
(29,6), 0, 1
(29,7), 0, 1
(29,8), 0, 1
(29,9), 0, 1
(29,10), 0, 1
(29,11), 0, 1
(29,12), 0, 1
(29,13), 0, 1
(29,15), 0, 1
(29,16), 0, 1
(29,17), 0, 1
(29,19), 0, 1
(29,20), 0, 1
(29,21), 0, 1
(29,22), 0, 1
(29,23), 0, 1
(29,24), 0, 1
(29,25), 0, 1
(29,26), 0, 1
(29,30), 0, 1
(29,31), 0, 1
(29,32), 0, 1
(29,33), 0, 1
(29,35), 0, 1
(29,38), 0, 1
(29,39), 0, 1
(29,40), 0, 1
(29,41), 0, 1
(29,42), 0, 1
(29,43), 0, 1
(29,46), 0, 1
(29,47), 0, 1
(29,48), 0, 1
(29,49), 0, 1
(29,50), 0, 1
(29,51), 0, 1
(29,52), 0, 1
(29,53), 0, 1
(29,56), 0, 1
(29,59), 0, 1
(29,60), 0, 1
(29,61), 0, 1
(29,62), 0, 1
(29,64), 0, 1
(29,65), 0, 1
(29,66), 0, 1
(29,67), 0, 1
(29,69), 0, 1
(29,70), 0, 1
(29,71), 0, 1
(29,72), 0, 1
(29,74), 0, 1
(29,76), 0, 1
(29,78), 0, 1
(29,80), 0, 1
(29,83), 0, 1
(29,86), 0, 1
(29,87), 0, 1
(29,88), 0, 1
(29,89), 0, 1
(29,90), 0, 1
(29,91), 0, 1
(29,92), 0, 1
(30,13), 0, 1
(30,23), 0, 1
(30,24), 0, 1
(30,38), 0, 1
(30,41), 0, 1
(30,42), 0, 1
(30,44), 0, 1
(30,58), 0, 1
(30,64), 0, 1
(30,65), 0, 1
(30,69), 0, 1
(30,82), 0, 1
(30,84), 0, 1
(31,4), 0, 1
(31,7), 0, 1
(31,11), 0, 1
(31,16), 0, 1
(31,26), 0, 1
(31,33), 0, 1
(31,34), 0, 1
(31,47), 0, 1
(31,62), 0, 1
(31,71), 0, 1
(31,78), 0, 1
(32,13), 0, 1
(32,19), 0, 1
(32,23), 0, 1
(32,24), 0, 1
(32,38), 0, 1
(32,41), 0, 1
(32,42), 0, 1
(32,58), 0, 1
(32,63), 0, 1
(32,64), 0, 1
(32,69), 0, 1
(32,73), 0, 1
(33,13), 0, 1
(33,19), 0, 1
(33,23), 0, 1
(33,24), 0, 1
(33,38), 0, 1
(33,41), 0, 1
(33,42), 0, 1
(33,55), 0, 1
(33,58), 0, 1
(33,64), 0, 1
(33,65), 0, 1
(33,69), 0, 1
(33,84), 0, 1
(34,13), 0, 1
(34,24), 0, 1
(34,38), 0, 1
(34,41), 0, 1
(34,42), 0, 1
(34,43), 0, 1
(34,58), 0, 1
(34,64), 0, 1
(34,65), 0, 1
(34,69), 0, 1
(34,84), 0, 1
(35,13), 0, 1
(35,23), 0, 1
(35,24), 0, 1
(35,38), 0, 1
(35,41), 0, 1
(35,42), 0, 1
(35,43), 0, 1
(35,58), 0, 1
(35,64), 0, 1
(35,65), 0, 1
(35,69), 0, 1
(36,2), 0, 1
(36,4), 0, 1
(36,6), 0, 1
(36,7), 0, 1
(36,8), 0, 1
(36,9), 0, 1
(36,10), 0, 1
(36,11), 0, 1
(36,12), 0, 1
(36,13), 0, 1
(36,15), 0, 1
(36,16), 0, 1
(36,17), 0, 1
(36,18), 0, 1
(36,19), 0, 1
(36,20), 0, 1
(36,21), 0, 1
(36,22), 0, 1
(36,23), 0, 1
(36,24), 0, 1
(36,25), 0, 1
(36,26), 0, 1
(36,27), 0, 1
(36,29), 0, 1
(36,31), 0, 1
(36,32), 0, 1
(36,33), 0, 1
(36,34), 0, 1
(36,38), 0, 1
(36,39), 0, 1
(36,40), 0, 1
(36,41), 0, 1
(36,42), 0, 1
(36,46), 0, 1
(36,48), 0, 1
(36,50), 0, 1
(36,52), 0, 1
(36,53), 0, 1
(36,56), 0, 1
(36,58), 0, 1
(36,59), 0, 1
(36,60), 0, 1
(36,61), 0, 1
(36,62), 0, 1
(36,64), 0, 1
(36,67), 0, 1
(36,69), 0, 1
(36,72), 0, 1
(36,74), 0, 1
(36,76), 0, 1
(36,77), 0, 1
(36,78), 0, 1
(36,80), 0, 1
(36,83), 0, 1
(36,85), 0, 1
(36,86), 0, 1
(36,87), 0, 1
(36,88), 0, 1
(36,89), 0, 1
(36,90), 0, 1
(36,91), 0, 1
(36,92), 0, 1
(37,13), 0, 1
(37,19), 0, 1
(37,23), 0, 1
(37,24), 0, 1
(37,41), 0, 1
(37,43), 0, 1
(37,45), 0, 1
(37,58), 0, 1
(37,64), 0, 1
(37,65), 0, 1
(37,69), 0, 1
(37,84), 0, 1
(38,4), 0, 1
(38,7), 0, 1
(38,11), 0, 1
(38,16), 0, 1
(38,26), 0, 1
(38,33), 0, 1
(38,34), 0, 1
(38,47), 0, 1
(38,62), 0, 1
(38,71), 0, 1
(38,78), 0, 1
(38,93), 0, 1
(39,4), 0, 1
(39,7), 0, 1
(39,11), 0, 1
(39,16), 0, 1
(39,26), 0, 1
(39,33), 0, 1
(39,47), 0, 1
(39,62), 0, 1
(39,71), 0, 1
(39,73), 0, 1
(39,78), 0, 1
(40,13), 0, 1
(40,19), 0, 1
(40,23), 0, 1
(40,24), 0, 1
(40,38), 0, 1
(40,41), 0, 1
(40,42), 0, 1
(40,43), 0, 1
(40,55), 0, 1
(40,63), 0, 1
(40,64), 0, 1
(40,69), 0, 1
(40,84), 0, 1
(41,4), 0, 1
(41,7), 0, 1
(41,11), 0, 1
(41,16), 0, 1
(41,26), 0, 1
(41,33), 0, 1
(41,34), 0, 1
(41,47), 0, 1
(41,62), 0, 1
(41,71), 0, 1
(41,78), 0, 1
(42,2), 0, 1
(42,4), 0, 1
(42,6), 0, 1
(42,7), 0, 1
(42,8), 0, 1
(42,9), 0, 1
(42,10), 0, 1
(42,11), 0, 1
(42,12), 0, 1
(42,13), 0, 1
(42,15), 0, 1
(42,16), 0, 1
(42,17), 0, 1
(42,20), 0, 1
(42,21), 0, 1
(42,24), 0, 1
(42,25), 0, 1
(42,26), 0, 1
(42,27), 0, 1
(42,30), 0, 1
(42,31), 0, 1
(42,32), 0, 1
(42,33), 0, 1
(42,38), 0, 1
(42,39), 0, 1
(42,40), 0, 1
(42,41), 0, 1
(42,46), 0, 1
(42,47), 0, 1
(42,49), 0, 1
(42,50), 0, 1
(42,51), 0, 1
(42,52), 0, 1
(42,53), 0, 1
(42,56), 0, 1
(42,59), 0, 1
(42,60), 0, 1
(42,62), 0, 1
(42,64), 0, 1
(42,65), 0, 1
(42,67), 0, 1
(42,69), 0, 1
(42,70), 0, 1
(42,71), 0, 1
(42,72), 0, 1
(42,76), 0, 1
(42,77), 0, 1
(42,78), 0, 1
(42,80), 0, 1
(42,83), 0, 1
(42,84), 0, 1
(42,85), 0, 1
(42,86), 0, 1
(42,87), 0, 1
(42,88), 0, 1
(42,90), 0, 1
(42,91), 0, 1
(43,13), 0, 1
(43,19), 0, 1
(43,23), 0, 1
(43,38), 0, 1
(43,41), 0, 1
(43,42), 0, 1
(43,44), 0, 1
(43,64), 0, 1
(43,65), 0, 1
(43,73), 0, 1
(43,84), 0, 1
(44,13), 0, 1
(44,19), 0, 1
(44,23), 0, 1
(44,24), 0, 1
(44,38), 0, 1
(44,41), 0, 1
(44,42), 0, 1
(44,43), 0, 1
(44,58), 0, 1
(44,64), 0, 1
(44,65), 0, 1
(44,69), 0, 1
(44,84), 0, 1
(45,4), 0, 1
(45,7), 0, 1
(45,11), 0, 1
(45,16), 0, 1
(45,26), 0, 1
(45,33), 0, 1
(45,34), 0, 1
(45,47), 0, 1
(45,62), 0, 1
(45,71), 0, 1
(45,73), 0, 1
(45,78), 0, 1
(46,4), 0, 1
(46,7), 0, 1
(46,11), 0, 1
(46,26), 0, 1
(46,33), 0, 1
(46,34), 0, 1
(46,47), 0, 1
(46,62), 0, 1
(46,71), 0, 1
(46,78), 0, 1
(47,13), 0, 1
(47,19), 0, 1
(47,24), 0, 1
(47,38), 0, 1
(47,41), 0, 1
(47,43), 0, 1
(47,44), 0, 1
(47,58), 0, 1
(47,64), 0, 1
(47,65), 0, 1
(47,69), 0, 1
(47,82), 0, 1
(47,84), 0, 1
(48,13), 0, 1
(48,24), 0, 1
(48,38), 0, 1
(48,41), 0, 1
(48,42), 0, 1
(48,43), 0, 1
(48,64), 0, 1
(48,65), 0, 1
(48,69), 0, 1
(48,79), 0, 1
(50,13), 0, 1
(50,19), 0, 1
(50,24), 0, 1
(50,36), 0, 1
(50,38), 0, 1
(50,41), 0, 1
(50,42), 0, 1
(50,43), 0, 1
(50,58), 0, 1
(50,64), 0, 1
(50,65), 0, 1
(50,69), 0, 1
(50,84), 0, 1
(52,13), 0, 1
(52,19), 0, 1
(52,23), 0, 1
(52,24), 0, 1
(52,38), 0, 1
(52,41), 0, 1
(52,42), 0, 1
(52,43), 0, 1
(52,44), 0, 1
(52,58), 0, 1
(52,64), 0, 1
(52,69), 0, 1
(52,79), 0, 1
(52,82), 0, 1
(52,84), 0, 1
(53,13), 0, 1
(53,19), 0, 1
(53,23), 0, 1
(53,24), 0, 1
(53,37), 0, 1
(53,38), 0, 1
(53,41), 0, 1
(53,42), 0, 1
(53,43), 0, 1
(53,58), 0, 1
(53,64), 0, 1
(53,65), 0, 1
(53,69), 0, 1
(53,73), 0, 1
(54,2), 0, 1
(54,4), 0, 1
(54,6), 0, 1
(54,7), 0, 1
(54,8), 0, 1
(54,9), 0, 1
(54,10), 0, 1
(54,11), 0, 1
(54,12), 0, 1
(54,13), 0, 1
(54,15), 0, 1
(54,16), 0, 1
(54,17), 0, 1
(54,18), 0, 1
(54,20), 0, 1
(54,21), 0, 1
(54,22), 0, 1
(54,23), 0, 1
(54,24), 0, 1
(54,25), 0, 1
(54,26), 0, 1
(54,30), 0, 1
(54,31), 0, 1
(54,32), 0, 1
(54,33), 0, 1
(54,34), 0, 1
(54,38), 0, 1
(54,39), 0, 1
(54,40), 0, 1
(54,41), 0, 1
(54,42), 0, 1
(54,43), 0, 1
(54,46), 0, 1
(54,47), 0, 1
(54,48), 0, 1
(54,50), 0, 1
(54,51), 0, 1
(54,52), 0, 1
(54,56), 0, 1
(54,58), 0, 1
(54,59), 0, 1
(54,60), 0, 1
(54,62), 0, 1
(54,64), 0, 1
(54,65), 0, 1
(54,67), 0, 1
(54,69), 0, 1
(54,70), 0, 1
(54,71), 0, 1
(54,74), 0, 1
(54,76), 0, 1
(54,77), 0, 1
(54,78), 0, 1
(54,80), 0, 1
(54,83), 0, 1
(54,84), 0, 1
(54,85), 0, 1
(54,86), 0, 1
(54,87), 0, 1
(54,88), 0, 1
(54,89), 0, 1
(54,90), 0, 1
(54,92), 0, 1
(55,13), 0, 1
(55,24), 0, 1
(55,37), 0, 1
(55,38), 0, 1
(55,41), 0, 1
(55,42), 0, 1
(55,43), 0, 1
(55,58), 0, 1
(55,63), 0, 1
(55,64), 0, 1
(55,65), 0, 1
(55,69), 0, 1
(55,82), 0, 1
(56,1), 0, 1
(56,2), 0, 1
(56,4), 0, 1
(56,7), 0, 1
(56,8), 0, 1
(56,9), 0, 1
(56,10), 0, 1
(56,11), 0, 1
(56,12), 0, 1
(56,13), 0, 1
(56,15), 0, 1
(56,16), 0, 1
(56,17), 0, 1
(56,18), 0, 1
(56,19), 0, 1
(56,20), 0, 1
(56,21), 0, 1
(56,22), 0, 1
(56,24), 0, 1
(56,25), 0, 1
(56,26), 0, 1
(56,30), 0, 1
(56,31), 0, 1
(56,32), 0, 1
(56,33), 0, 1
(56,34), 0, 1
(56,37), 0, 1
(56,38), 0, 1
(56,39), 0, 1
(56,40), 0, 1
(56,41), 0, 1
(56,42), 0, 1
(56,43), 0, 1
(56,44), 0, 1
(56,46), 0, 1
(56,47), 0, 1
(56,48), 0, 1
(56,49), 0, 1
(56,50), 0, 1
(56,51), 0, 1
(56,52), 0, 1
(56,53), 0, 1
(56,55), 0, 1
(56,57), 0, 1
(56,58), 0, 1
(56,59), 0, 1
(56,62), 0, 1
(56,64), 0, 1
(56,65), 0, 1
(56,67), 0, 1
(56,69), 0, 1
(56,72), 0, 1
(56,74), 0, 1
(56,76), 0, 1
(56,78), 0, 1
(56,80), 0, 1
(56,83), 0, 1
(56,84), 0, 1
(56,85), 0, 1
(56,86), 0, 1
(56,87), 0, 1
(56,88), 0, 1
(56,89), 0, 1
(56,90), 0, 1
(56,91), 0, 1
(56,92), 0, 1
(56,93), 0, 1
(57,2), 0, 1
(57,4), 0, 1
(57,7), 0, 1
(57,8), 0, 1
(57,9), 0, 1
(57,10), 0, 1
(57,11), 0, 1
(57,12), 0, 1
(57,13), 0, 1
(57,15), 0, 1
(57,17), 0, 1
(57,18), 0, 1
(57,19), 0, 1
(57,20), 0, 1
(57,21), 0, 1
(57,22), 0, 1
(57,23), 0, 1
(57,24), 0, 1
(57,25), 0, 1
(57,26), 0, 1
(57,27), 0, 1
(57,30), 0, 1
(57,31), 0, 1
(57,32), 0, 1
(57,33), 0, 1
(57,34), 0, 1
(57,37), 0, 1
(57,38), 0, 1
(57,39), 0, 1
(57,40), 0, 1
(57,41), 0, 1
(57,42), 0, 1
(57,43), 0, 1
(57,45), 0, 1
(57,46), 0, 1
(57,47), 0, 1
(57,48), 0, 1
(57,49), 0, 1
(57,50), 0, 1
(57,52), 0, 1
(57,53), 0, 1
(57,56), 0, 1
(57,58), 0, 1
(57,59), 0, 1
(57,60), 0, 1
(57,61), 0, 1
(57,62), 0, 1
(57,63), 0, 1
(57,64), 0, 1
(57,65), 0, 1
(57,67), 0, 1
(57,69), 0, 1
(57,70), 0, 1
(57,72), 0, 1
(57,74), 0, 1
(57,76), 0, 1
(57,80), 0, 1
(57,83), 0, 1
(57,84), 0, 1
(57,86), 0, 1
(57,87), 0, 1
(57,88), 0, 1
(57,89), 0, 1
(57,90), 0, 1
(57,91), 0, 1
(57,92), 0, 1
(59,13), 0, 1
(59,19), 0, 1
(59,23), 0, 1
(59,24), 0, 1
(59,38), 0, 1
(59,41), 0, 1
(59,42), 0, 1
(59,64), 0, 1
(59,65), 0, 1
(59,69), 0, 1
(59,84), 0, 1
(60,4), 0, 1
(60,7), 0, 1
(60,11), 0, 1
(60,16), 0, 1
(60,26), 0, 1
(60,33), 0, 1
(60,34), 0, 1
(60,47), 0, 1
(60,62), 0, 1
(60,71), 0, 1
(60,78), 0, 1
(61,4), 0, 1
(61,5), 0, 1
(61,7), 0, 1
(61,11), 0, 1
(61,16), 0, 1
(61,26), 0, 1
(61,33), 0, 1
(61,34), 0, 1
(61,47), 0, 1
(61,62), 0, 1
(61,71), 0, 1
(62,13), 0, 1
(62,19), 0, 1
(62,23), 0, 1
(62,24), 0, 1
(62,38), 0, 1
(62,41), 0, 1
(62,42), 0, 1
(62,43), 0, 1
(62,44), 0, 1
(62,58), 0, 1
(62,64), 0, 1
(62,65), 0, 1
(62,69), 0, 1
(63,13), 0, 1
(63,19), 0, 1
(63,23), 0, 1
(63,24), 0, 1
(63,38), 0, 1
(63,41), 0, 1
(63,42), 0, 1
(63,43), 0, 1
(63,54), 0, 1
(63,64), 0, 1
(63,65), 0, 1
(63,69), 0, 1
(63,84), 0, 1
(64,45), 0, 1
(66,0), 0, 1
(66,6), 0, 1
(66,7), 0, 1
(66,8), 0, 1
(66,9), 0, 1
(66,10), 0, 1
(66,11), 0, 1
(66,12), 0, 1
(66,13), 0, 1
(66,15), 0, 1
(66,16), 0, 1
(66,17), 0, 1
(66,20), 0, 1
(66,21), 0, 1
(66,24), 0, 1
(66,25), 0, 1
(66,26), 0, 1
(66,27), 0, 1
(66,28), 0, 1
(66,30), 0, 1
(66,32), 0, 1
(66,38), 0, 1
(66,39), 0, 1
(66,42), 0, 1
(66,43), 0, 1
(66,46), 0, 1
(66,47), 0, 1
(66,48), 0, 1
(66,49), 0, 1
(66,50), 0, 1
(66,51), 0, 1
(66,55), 0, 1
(66,56), 0, 1
(66,58), 0, 1
(66,59), 0, 1
(66,60), 0, 1
(66,61), 0, 1
(66,62), 0, 1
(66,64), 0, 1
(66,65), 0, 1
(66,69), 0, 1
(66,70), 0, 1
(66,71), 0, 1
(66,72), 0, 1
(66,74), 0, 1
(66,76), 0, 1
(66,78), 0, 1
(66,80), 0, 1
(66,83), 0, 1
(66,84), 0, 1
(66,85), 0, 1
(66,86), 0, 1
(66,87), 0, 1
(66,88), 0, 1
(66,89), 0, 1
(66,90), 0, 1
(66,91), 0, 1
(66,92), 0, 1
(67,4), 0, 1
(67,7), 0, 1
(67,11), 0, 1
(67,26), 0, 1
(67,33), 0, 1
(67,34), 0, 1
(67,47), 0, 1
(67,62), 0, 1
(67,71), 0, 1
(68,0), 0, 1
(68,2), 0, 1
(68,6), 0, 1
(68,7), 0, 1
(68,8), 0, 1
(68,9), 0, 1
(68,10), 0, 1
(68,11), 0, 1
(68,12), 0, 1
(68,13), 0, 1
(68,15), 0, 1
(68,16), 0, 1
(68,17), 0, 1
(68,18), 0, 1
(68,19), 0, 1
(68,20), 0, 1
(68,21), 0, 1
(68,22), 0, 1
(68,23), 0, 1
(68,24), 0, 1
(68,25), 0, 1
(68,26), 0, 1
(68,27), 0, 1
(68,32), 0, 1
(68,33), 0, 1
(68,34), 0, 1
(68,38), 0, 1
(68,39), 0, 1
(68,40), 0, 1
(68,41), 0, 1
(68,42), 0, 1
(68,46), 0, 1
(68,47), 0, 1
(68,48), 0, 1
(68,49), 0, 1
(68,50), 0, 1
(68,51), 0, 1
(68,52), 0, 1
(68,55), 0, 1
(68,56), 0, 1
(68,58), 0, 1
(68,59), 0, 1
(68,60), 0, 1
(68,61), 0, 1
(68,62), 0, 1
(68,64), 0, 1
(68,65), 0, 1
(68,67), 0, 1
(68,69), 0, 1
(68,70), 0, 1
(68,71), 0, 1
(68,72), 0, 1
(68,76), 0, 1
(68,77), 0, 1
(68,80), 0, 1
(68,83), 0, 1
(68,84), 0, 1
(68,85), 0, 1
(68,86), 0, 1
(68,87), 0, 1
(68,88), 0, 1
(68,89), 0, 1
(68,90), 0, 1
(68,91), 0, 1
(68,92), 0, 1
(70,13), 0, 1
(70,19), 0, 1
(70,24), 0, 1
(70,36), 0, 1
(70,38), 0, 1
(70,41), 0, 1
(70,42), 0, 1
(70,64), 0, 1
(70,65), 0, 1
(70,69), 0, 1
(70,73), 0, 1
(70,84), 0, 1
(71,1), 0, 1
(71,2), 0, 1
(71,4), 0, 1
(71,6), 0, 1
(71,7), 0, 1
(71,8), 0, 1
(71,9), 0, 1
(71,10), 0, 1
(71,11), 0, 1
(71,12), 0, 1
(71,13), 0, 1
(71,15), 0, 1
(71,16), 0, 1
(71,17), 0, 1
(71,18), 0, 1
(71,19), 0, 1
(71,20), 0, 1
(71,21), 0, 1
(71,22), 0, 1
(71,23), 0, 1
(71,24), 0, 1
(71,25), 0, 1
(71,26), 0, 1
(71,30), 0, 1
(71,31), 0, 1
(71,33), 0, 1
(71,38), 0, 1
(71,40), 0, 1
(71,41), 0, 1
(71,42), 0, 1
(71,43), 0, 1
(71,46), 0, 1
(71,47), 0, 1
(71,49), 0, 1
(71,50), 0, 1
(71,51), 0, 1
(71,52), 0, 1
(71,53), 0, 1
(71,56), 0, 1
(71,58), 0, 1
(71,59), 0, 1
(71,60), 0, 1
(71,61), 0, 1
(71,62), 0, 1
(71,64), 0, 1
(71,65), 0, 1
(71,67), 0, 1
(71,69), 0, 1
(71,70), 0, 1
(71,72), 0, 1
(71,74), 0, 1
(71,76), 0, 1
(71,77), 0, 1
(71,78), 0, 1
(71,80), 0, 1
(71,83), 0, 1
(71,84), 0, 1
(71,85), 0, 1
(71,86), 0, 1
(71,87), 0, 1
(71,88), 0, 1
(71,89), 0, 1
(71,90), 0, 1
(71,91), 0, 1
(71,92), 0, 1
(72,13), 0, 1
(72,19), 0, 1
(72,23), 0, 1
(72,24), 0, 1
(72,37), 0, 1
(72,38), 0, 1
(72,41), 0, 1
(72,42), 0, 1
(72,43), 0, 1
(72,45), 0, 1
(72,58), 0, 1
(72,63), 0, 1
(72,64), 0, 1
(72,65), 0, 1
(72,69), 0, 1
(72,79), 0, 1
(73,13), 0, 1
(73,19), 0, 1
(73,23), 0, 1
(73,24), 0, 1
(73,38), 0, 1
(73,41), 0, 1
(73,42), 0, 1
(73,58), 0, 1
(73,64), 0, 1
(73,65), 0, 1
(73,69), 0, 1
(73,84), 0, 1
(74,13), 0, 1
(74,24), 0, 1
(74,37), 0, 1
(74,38), 0, 1
(74,41), 0, 1
(74,42), 0, 1
(74,43), 0, 1
(74,58), 0, 1
(74,63), 0, 1
(74,64), 0, 1
(74,65), 0, 1
(74,69), 0, 1
(74,84), 0, 1
(75,2), 0, 1
(75,4), 0, 1
(75,7), 0, 1
(75,8), 0, 1
(75,9), 0, 1
(75,10), 0, 1
(75,11), 0, 1
(75,12), 0, 1
(75,13), 0, 1
(75,15), 0, 1
(75,16), 0, 1
(75,17), 0, 1
(75,19), 0, 1
(75,20), 0, 1
(75,21), 0, 1
(75,22), 0, 1
(75,23), 0, 1
(75,24), 0, 1
(75,25), 0, 1
(75,26), 0, 1
(75,27), 0, 1
(75,30), 0, 1
(75,31), 0, 1
(75,33), 0, 1
(75,34), 0, 1
(75,36), 0, 1
(75,38), 0, 1
(75,39), 0, 1
(75,41), 0, 1
(75,42), 0, 1
(75,43), 0, 1
(75,46), 0, 1
(75,48), 0, 1
(75,49), 0, 1
(75,50), 0, 1
(75,51), 0, 1
(75,52), 0, 1
(75,53), 0, 1
(75,56), 0, 1
(75,59), 0, 1
(75,60), 0, 1
(75,61), 0, 1
(75,62), 0, 1
(75,64), 0, 1
(75,65), 0, 1
(75,67), 0, 1
(75,68), 0, 1
(75,69), 0, 1
(75,71), 0, 1
(75,74), 0, 1
(75,76), 0, 1
(75,77), 0, 1
(75,78), 0, 1
(75,80), 0, 1
(75,83), 0, 1
(75,85), 0, 1
(75,86), 0, 1
(75,87), 0, 1
(75,88), 0, 1
(75,89), 0, 1
(75,90), 0, 1
(75,91), 0, 1
(75,92), 0, 1
(76,13), 0, 1
(76,19), 0, 1
(76,23), 0, 1
(76,24), 0, 1
(76,38), 0, 1
(76,41), 0, 1
(76,42), 0, 1
(76,43), 0, 1
(76,44), 0, 1
(76,45), 0, 1
(76,54), 0, 1
(76,58), 0, 1
(76,64), 0, 1
(76,65), 0, 1
(76,69), 0, 1
(76,84), 0, 1
(77,2), 0, 1
(77,4), 0, 1
(77,5), 0, 1
(77,6), 0, 1
(77,8), 0, 1
(77,9), 0, 1
(77,10), 0, 1
(77,11), 0, 1
(77,12), 0, 1
(77,13), 0, 1
(77,15), 0, 1
(77,16), 0, 1
(77,17), 0, 1
(77,18), 0, 1
(77,19), 0, 1
(77,20), 0, 1
(77,21), 0, 1
(77,22), 0, 1
(77,24), 0, 1
(77,25), 0, 1
(77,26), 0, 1
(77,30), 0, 1
(77,31), 0, 1
(77,33), 0, 1
(77,34), 0, 1
(77,35), 0, 1
(77,38), 0, 1
(77,39), 0, 1
(77,40), 0, 1
(77,41), 0, 1
(77,42), 0, 1
(77,43), 0, 1
(77,44), 0, 1
(77,47), 0, 1
(77,48), 0, 1
(77,50), 0, 1
(77,51), 0, 1
(77,52), 0, 1
(77,53), 0, 1
(77,56), 0, 1
(77,59), 0, 1
(77,60), 0, 1
(77,61), 0, 1
(77,62), 0, 1
(77,64), 0, 1
(77,65), 0, 1
(77,67), 0, 1
(77,69), 0, 1
(77,70), 0, 1
(77,71), 0, 1
(77,72), 0, 1
(77,74), 0, 1
(77,76), 0, 1
(77,78), 0, 1
(77,80), 0, 1
(77,83), 0, 1
(77,85), 0, 1
(77,86), 0, 1
(77,87), 0, 1
(77,88), 0, 1
(77,89), 0, 1
(77,90), 0, 1
(77,91), 0, 1
(77,92), 0, 1
(79,2), 0, 1
(79,6), 0, 1
(79,7), 0, 1
(79,8), 0, 1
(79,9), 0, 1
(79,11), 0, 1
(79,12), 0, 1
(79,13), 0, 1
(79,15), 0, 1
(79,17), 0, 1
(79,18), 0, 1
(79,19), 0, 1
(79,21), 0, 1
(79,22), 0, 1
(79,24), 0, 1
(79,25), 0, 1
(79,26), 0, 1
(79,27), 0, 1
(79,30), 0, 1
(79,31), 0, 1
(79,32), 0, 1
(79,34), 0, 1
(79,35), 0, 1
(79,38), 0, 1
(79,39), 0, 1
(79,41), 0, 1
(79,42), 0, 1
(79,46), 0, 1
(79,47), 0, 1
(79,48), 0, 1
(79,50), 0, 1
(79,51), 0, 1
(79,52), 0, 1
(79,53), 0, 1
(79,56), 0, 1
(79,58), 0, 1
(79,59), 0, 1
(79,61), 0, 1
(79,62), 0, 1
(79,64), 0, 1
(79,65), 0, 1
(79,67), 0, 1
(79,69), 0, 1
(79,71), 0, 1
(79,72), 0, 1
(79,74), 0, 1
(79,76), 0, 1
(79,77), 0, 1
(79,78), 0, 1
(79,80), 0, 1
(79,83), 0, 1
(79,85), 0, 1
(79,86), 0, 1
(79,87), 0, 1
(79,88), 0, 1
(79,89), 0, 1
(79,90), 0, 1
(79,91), 0, 1
(79,92), 0, 1
(80,13), 0, 1
(80,19), 0, 1
(80,24), 0, 1
(80,38), 0, 1
(80,41), 0, 1
(80,42), 0, 1
(80,43), 0, 1
(80,58), 0, 1
(80,64), 0, 1
(80,65), 0, 1
(80,69), 0, 1
(80,73), 0, 1
(80,84), 0, 1
(81,2), 0, 1
(81,4), 0, 1
(81,6), 0, 1
(81,7), 0, 1
(81,8), 0, 1
(81,9), 0, 1
(81,10), 0, 1
(81,11), 0, 1
(81,12), 0, 1
(81,13), 0, 1
(81,15), 0, 1
(81,17), 0, 1
(81,18), 0, 1
(81,19), 0, 1
(81,20), 0, 1
(81,21), 0, 1
(81,22), 0, 1
(81,24), 0, 1
(81,25), 0, 1
(81,26), 0, 1
(81,27), 0, 1
(81,30), 0, 1
(81,31), 0, 1
(81,32), 0, 1
(81,33), 0, 1
(81,34), 0, 1
(81,38), 0, 1
(81,39), 0, 1
(81,40), 0, 1
(81,41), 0, 1
(81,42), 0, 1
(81,43), 0, 1
(81,46), 0, 1
(81,47), 0, 1
(81,49), 0, 1
(81,50), 0, 1
(81,51), 0, 1
(81,52), 0, 1
(81,53), 0, 1
(81,56), 0, 1
(81,58), 0, 1
(81,59), 0, 1
(81,60), 0, 1
(81,62), 0, 1
(81,64), 0, 1
(81,65), 0, 1
(81,67), 0, 1
(81,69), 0, 1
(81,71), 0, 1
(81,72), 0, 1
(81,74), 0, 1
(81,76), 0, 1
(81,78), 0, 1
(81,80), 0, 1
(81,83), 0, 1
(81,85), 0, 1
(81,86), 0, 1
(81,87), 0, 1
(81,88), 0, 1
(81,89), 0, 1
(81,90), 0, 1
(81,91), 0, 1
(81,92), 0, 1
(82,13), 0, 1
(82,19), 0, 1
(82,23), 0, 1
(82,24), 0, 1
(82,38), 0, 1
(82,41), 0, 1
(82,42), 0, 1
(82,43), 0, 1
(82,57), 0, 1
(82,63), 0, 1
(82,64), 0, 1
(82,65), 0, 1
(82,69), 0, 1
(82,84), 0, 1
(83,13), 0, 1
(83,19), 0, 1
(83,23), 0, 1
(83,24), 0, 1
(83,38), 0, 1
(83,41), 0, 1
(83,42), 0, 1
(83,45), 0, 1
(83,58), 0, 1
(83,63), 0, 1
(83,64), 0, 1
(83,69), 0, 1
(84,2), 0, 1
(84,4), 0, 1
(84,6), 0, 1
(84,7), 0, 1
(84,8), 0, 1
(84,9), 0, 1
(84,10), 0, 1
(84,12), 0, 1
(84,13), 0, 1
(84,15), 0, 1
(84,16), 0, 1
(84,17), 0, 1
(84,19), 0, 1
(84,20), 0, 1
(84,21), 0, 1
(84,22), 0, 1
(84,23), 0, 1
(84,24), 0, 1
(84,25), 0, 1
(84,26), 0, 1
(84,30), 0, 1
(84,31), 0, 1
(84,32), 0, 1
(84,33), 0, 1
(84,34), 0, 1
(84,36), 0, 1
(84,38), 0, 1
(84,39), 0, 1
(84,40), 0, 1
(84,41), 0, 1
(84,42), 0, 1
(84,43), 0, 1
(84,46), 0, 1
(84,48), 0, 1
(84,49), 0, 1
(84,50), 0, 1
(84,51), 0, 1
(84,52), 0, 1
(84,53), 0, 1
(84,56), 0, 1
(84,58), 0, 1
(84,59), 0, 1
(84,60), 0, 1
(84,61), 0, 1
(84,62), 0, 1
(84,64), 0, 1
(84,65), 0, 1
(84,67), 0, 1
(84,69), 0, 1
(84,72), 0, 1
(84,74), 0, 1
(84,76), 0, 1
(84,77), 0, 1
(84,80), 0, 1
(84,83), 0, 1
(84,85), 0, 1
(84,86), 0, 1
(84,87), 0, 1
(84,88), 0, 1
(84,89), 0, 1
(84,90), 0, 1
(84,91), 0, 1
(84,92), 0, 1
(85,4), 0, 1
(85,7), 0, 1
(85,11), 0, 1
(85,16), 0, 1
(85,26), 0, 1
(85,33), 0, 1
(85,34), 0, 1
(85,47), 0, 1
(85,62), 0, 1
(86,13), 0, 1
(86,19), 0, 1
(86,23), 0, 1
(86,24), 0, 1
(86,38), 0, 1
(86,41), 0, 1
(86,42), 0, 1
(86,64), 0, 1
(86,65), 0, 1
(86,69), 0, 1
(86,73), 0, 1
(87,4), 0, 1
(87,7), 0, 1
(87,11), 0, 1
(87,16), 0, 1
(87,26), 0, 1
(87,33), 0, 1
(87,34), 0, 1
(87,47), 0, 1
(87,62), 0, 1
(87,71), 0, 1
(87,73), 0, 1
(87,93), 0, 1
(88,13), 0, 1
(88,19), 0, 1
(88,23), 0, 1
(88,24), 0, 1
(88,38), 0, 1
(88,41), 0, 1
(88,42), 0, 1
(88,43), 0, 1
(88,57), 0, 1
(88,58), 0, 1
(88,64), 0, 1
(88,65), 0, 1
(88,69), 0, 1
(88,79), 0, 1
(89,4), 0, 1
(89,7), 0, 1
(89,11), 0, 1
(89,16), 0, 1
(89,26), 0, 1
(89,33), 0, 1
(89,34), 0, 1
(89,47), 0, 1
(89,71), 0, 1
(89,78), 0, 1
(90,13), 0, 1
(90,19), 0, 1
(90,24), 0, 1
(90,38), 0, 1
(90,41), 0, 1
(90,42), 0, 1
(90,43), 0, 1
(90,44), 0, 1
(90,58), 0, 1
(90,64), 0, 1
(90,65), 0, 1
(90,69), 0, 1
(90,79), 0, 1
(91,4), 0, 1
(91,5), 0, 1
(91,7), 0, 1
(91,11), 0, 1
(91,26), 0, 1
(91,34), 0, 1
(91,47), 0, 1
(91,62), 0, 1
(91,78), 0, 1
(92,4), 0, 1
(92,7), 0, 1
(92,11), 0, 1
(92,16), 0, 1
(92,26), 0, 1
(92,33), 0, 1
(92,34), 0, 1
(92,62), 0, 1
(92,71), 0, 1
(92,78), 0, 1
(92,93), 0, 1
(93,13), 0, 1
(93,19), 0, 1
(93,23), 0, 1
(93,24), 0, 1
(93,36), 0, 1
(93,38), 0, 1
(93,41), 0, 1
(93,42), 0, 1
(93,43), 0, 1
(93,58), 0, 1
(93,64), 0, 1
(93,65), 0, 1
(93,69), 0, 1
(94,0), 0, 1
(94,2), 0, 1
(94,4), 0, 1
(94,6), 0, 1
(94,7), 0, 1
(94,8), 0, 1
(94,9), 0, 1
(94,10), 0, 1
(94,11), 0, 1
(94,12), 0, 1
(94,13), 0, 1
(94,14), 0, 1
(94,15), 0, 1
(94,16), 0, 1
(94,17), 0, 1
(94,19), 0, 1
(94,20), 0, 1
(94,21), 0, 1
(94,22), 0, 1
(94,23), 0, 1
(94,24), 0, 1
(94,25), 0, 1
(94,26), 0, 1
(94,27), 0, 1
(94,30), 0, 1
(94,31), 0, 1
(94,32), 0, 1
(94,33), 0, 1
(94,34), 0, 1
(94,38), 0, 1
(94,39), 0, 1
(94,40), 0, 1
(94,41), 0, 1
(94,42), 0, 1
(94,43), 0, 1
(94,46), 0, 1
(94,47), 0, 1
(94,50), 0, 1
(94,51), 0, 1
(94,52), 0, 1
(94,53), 0, 1
(94,54), 0, 1
(94,56), 0, 1
(94,57), 0, 1
(94,58), 0, 1
(94,59), 0, 1
(94,60), 0, 1
(94,62), 0, 1
(94,64), 0, 1
(94,65), 0, 1
(94,67), 0, 1
(94,68), 0, 1
(94,69), 0, 1
(94,70), 0, 1
(94,72), 0, 1
(94,74), 0, 1
(94,76), 0, 1
(94,77), 0, 1
(94,78), 0, 1
(94,80), 0, 1
(94,83), 0, 1
(94,85), 0, 1
(94,86), 0, 1
(94,87), 0, 1
(94,88), 0, 1
(94,89), 0, 1
(94,90), 0, 1
(94,91), 0, 1
(94,92), 0, 1
(94,93), 0, 1
(95,4), 0, 1
(95,7), 0, 1
(95,11), 0, 1
(95,26), 0, 1
(95,33), 0, 1
(95,34), 0, 1
(95,47), 0, 1
(95,62), 0, 1
(95,71), 0, 1
(96,2), 0, 1
(96,4), 0, 1
(96,6), 0, 1
(96,7), 0, 1
(96,9), 0, 1
(96,10), 0, 1
(96,11), 0, 1
(96,12), 0, 1
(96,13), 0, 1
(96,15), 0, 1
(96,16), 0, 1
(96,17), 0, 1
(96,20), 0, 1
(96,21), 0, 1
(96,22), 0, 1
(96,23), 0, 1
(96,24), 0, 1
(96,25), 0, 1
(96,26), 0, 1
(96,30), 0, 1
(96,31), 0, 1
(96,32), 0, 1
(96,33), 0, 1
(96,34), 0, 1
(96,36), 0, 1
(96,37), 0, 1
(96,38), 0, 1
(96,39), 0, 1
(96,41), 0, 1
(96,42), 0, 1
(96,43), 0, 1
(96,46), 0, 1
(96,47), 0, 1
(96,49), 0, 1
(96,50), 0, 1
(96,51), 0, 1
(96,52), 0, 1
(96,53), 0, 1
(96,56), 0, 1
(96,58), 0, 1
(96,59), 0, 1
(96,60), 0, 1
(96,61), 0, 1
(96,62), 0, 1
(96,63), 0, 1
(96,65), 0, 1
(96,67), 0, 1
(96,69), 0, 1
(96,70), 0, 1
(96,71), 0, 1
(96,72), 0, 1
(96,74), 0, 1
(96,77), 0, 1
(96,80), 0, 1
(96,83), 0, 1
(96,85), 0, 1
(96,86), 0, 1
(96,88), 0, 1
(96,89), 0, 1
(96,90), 0, 1
(96,91), 0, 1
(97,2), 0, 1
(97,4), 0, 1
(97,6), 0, 1
(97,7), 0, 1
(97,9), 0, 1
(97,10), 0, 1
(97,11), 0, 1
(97,12), 0, 1
(97,13), 0, 1
(97,15), 0, 1
(97,16), 0, 1
(97,17), 0, 1
(97,18), 0, 1
(97,19), 0, 1
(97,20), 0, 1
(97,21), 0, 1
(97,22), 0, 1
(97,24), 0, 1
(97,25), 0, 1
(97,26), 0, 1
(97,27), 0, 1
(97,29), 0, 1
(97,30), 0, 1
(97,31), 0, 1
(97,32), 0, 1
(97,33), 0, 1
(97,39), 0, 1
(97,40), 0, 1
(97,41), 0, 1
(97,42), 0, 1
(97,43), 0, 1
(97,46), 0, 1
(97,47), 0, 1
(97,48), 0, 1
(97,50), 0, 1
(97,52), 0, 1
(97,53), 0, 1
(97,56), 0, 1
(97,59), 0, 1
(97,60), 0, 1
(97,61), 0, 1
(97,62), 0, 1
(97,64), 0, 1
(97,65), 0, 1
(97,67), 0, 1
(97,69), 0, 1
(97,71), 0, 1
(97,72), 0, 1
(97,74), 0, 1
(97,76), 0, 1
(97,77), 0, 1
(97,80), 0, 1
(97,83), 0, 1
(97,84), 0, 1
(97,85), 0, 1
(97,87), 0, 1
(97,88), 0, 1
(97,89), 0, 1
(97,90), 0, 1
(97,91), 0, 1
(97,92), 0, 1
(98,4), 0, 1
(98,7), 0, 1
(98,11), 0, 1
(98,16), 0, 1
(98,26), 0, 1
(98,33), 0, 1
(98,47), 0, 1
(98,62), 0, 1
(98,71), 0, 1
(98,78), 0, 1
(98,93), 0, 1
(99,0), 0, 1
(99,1), 0, 1
(99,2), 0, 1
(99,4), 0, 1
(99,7), 0, 1
(99,8), 0, 1
(99,9), 0, 1
(99,10), 0, 1
(99,11), 0, 1
(99,12), 0, 1
(99,13), 0, 1
(99,15), 0, 1
(99,16), 0, 1
(99,17), 0, 1
(99,19), 0, 1
(99,20), 0, 1
(99,21), 0, 1
(99,22), 0, 1
(99,24), 0, 1
(99,25), 0, 1
(99,26), 0, 1
(99,27), 0, 1
(99,29), 0, 1
(99,30), 0, 1
(99,31), 0, 1
(99,33), 0, 1
(99,34), 0, 1
(99,38), 0, 1
(99,40), 0, 1
(99,41), 0, 1
(99,42), 0, 1
(99,43), 0, 1
(99,46), 0, 1
(99,47), 0, 1
(99,48), 0, 1
(99,49), 0, 1
(99,50), 0, 1
(99,51), 0, 1
(99,52), 0, 1
(99,53), 0, 1
(99,56), 0, 1
(99,57), 0, 1
(99,58), 0, 1
(99,59), 0, 1
(99,60), 0, 1
(99,62), 0, 1
(99,64), 0, 1
(99,65), 0, 1
(99,67), 0, 1
(99,69), 0, 1
(99,70), 0, 1
(99,72), 0, 1
(99,74), 0, 1
(99,78), 0, 1
(99,80), 0, 1
(99,83), 0, 1
(99,84), 0, 1
(99,85), 0, 1
(99,86), 0, 1
(99,87), 0, 1
(99,88), 0, 1
(99,89), 0, 1
(99,90), 0, 1
(99,91), 0, 1
(99,92), 0, 1
