Nr_Pairs = 96
Nr_NDD = 4
Nr_Arcs = 2208
0	0.28
1	0.5
2	0.5
3	0.28
4	0.5
5	0.5
6	0.5
7	0.5
8	0.5
9	0.5
10	0.28
11	0.90
12	0.10
13	0.32
14	0.5
15	0.5
16	0.5
17	0.5
18	0.90
19	0.5
20	0.5
21	0.5
22	0.32
23	0.90
24	0.5
25	0.10
26	0.5
27	0.10
28	0.90
29	0.5
30	0.10
31	0.5
32	0.10
33	0.5
34	0.5
35	0.10
36	0.10
37	0.10
38	0.28
39	0.90
40	0.5
41	0.5
42	0.28
43	0.90
44	0.5
45	0.5
46	0.28
47	0.5
48	0.90
49	0.5
50	0.5
51	0.10
52	0.10
53	0.5
54	0.5
55	0.5
56	0.5
57	0.5
58	0.32
59	0.10
60	0.5
61	0.5
62	0.90
63	0.28
64	0.90
65	0.92
66	0.5
67	0.5
68	0.90
69	0.90
70	0.92
71	0.5
72	0.5
73	0.28
74	0.92
75	0.32
76	0.10
77	0.10
78	0.5
79	0.5
80	0.5
81	0.5
82	0.5
83	0.5
84	0.5
85	0.28
86	0.5
87	0.28
88	0.28
89	0.90
90	0.32
91	0.5
92	0.28
93	0.5
94	0.5
95	0.28
96	0.0
97	0.0
98	0.0
99	0.0
(0,13), 0, 1
(0,19), 0, 1
(0,21), 0, 1
(0,24), 0, 1
(0,26), 0, 1
(0,35), 0, 1
(0,36), 0, 1
(0,41), 0, 1
(0,42), 0, 1
(0,46), 0, 1
(0,49), 0, 1
(0,51), 0, 1
(0,52), 0, 1
(0,54), 0, 1
(0,57), 0, 1
(0,66), 0, 1
(0,72), 0, 1
(0,76), 0, 1
(0,82), 0, 1
(0,85), 0, 1
(0,86), 0, 1
(0,91), 0, 1
(1,13), 0, 1
(1,19), 0, 1
(1,21), 0, 1
(1,22), 0, 1
(1,24), 0, 1
(1,26), 0, 1
(1,35), 0, 1
(1,36), 0, 1
(1,41), 0, 1
(1,46), 0, 1
(1,49), 0, 1
(1,51), 0, 1
(1,52), 0, 1
(1,54), 0, 1
(1,57), 0, 1
(1,66), 0, 1
(1,72), 0, 1
(1,76), 0, 1
(1,82), 0, 1
(1,85), 0, 1
(1,86), 0, 1
(2,0), 0, 1
(2,19), 0, 1
(2,21), 0, 1
(2,22), 0, 1
(2,24), 0, 1
(2,26), 0, 1
(2,35), 0, 1
(2,36), 0, 1
(2,41), 0, 1
(2,42), 0, 1
(2,46), 0, 1
(2,49), 0, 1
(2,51), 0, 1
(2,52), 0, 1
(2,54), 0, 1
(2,57), 0, 1
(2,62), 0, 1
(2,66), 0, 1
(2,72), 0, 1
(2,76), 0, 1
(2,82), 0, 1
(2,85), 0, 1
(2,86), 0, 1
(2,91), 0, 1
(3,0), 0, 1
(3,13), 0, 1
(3,19), 0, 1
(3,21), 0, 1
(3,22), 0, 1
(3,24), 0, 1
(3,26), 0, 1
(3,35), 0, 1
(3,36), 0, 1
(3,41), 0, 1
(3,46), 0, 1
(3,49), 0, 1
(3,51), 0, 1
(3,52), 0, 1
(3,54), 0, 1
(3,57), 0, 1
(3,62), 0, 1
(3,65), 0, 1
(3,66), 0, 1
(3,72), 0, 1
(3,76), 0, 1
(3,82), 0, 1
(3,85), 0, 1
(3,86), 0, 1
(3,91), 0, 1
(4,0), 0, 1
(4,19), 0, 1
(4,22), 0, 1
(4,24), 0, 1
(4,26), 0, 1
(4,36), 0, 1
(4,41), 0, 1
(4,42), 0, 1
(4,46), 0, 1
(4,49), 0, 1
(4,51), 0, 1
(4,52), 0, 1
(4,54), 0, 1
(4,57), 0, 1
(4,62), 0, 1
(4,66), 0, 1
(4,72), 0, 1
(4,76), 0, 1
(4,82), 0, 1
(4,86), 0, 1
(4,91), 0, 1
(7,4), 0, 1
(7,14), 0, 1
(7,15), 0, 1
(7,34), 0, 1
(7,37), 0, 1
(7,56), 0, 1
(7,61), 0, 1
(7,88), 0, 1
(7,90), 0, 1
(7,94), 0, 1
(8,0), 0, 1
(8,13), 0, 1
(8,19), 0, 1
(8,21), 0, 1
(8,22), 0, 1
(8,26), 0, 1
(8,36), 0, 1
(8,41), 0, 1
(8,42), 0, 1
(8,46), 0, 1
(8,49), 0, 1
(8,51), 0, 1
(8,52), 0, 1
(8,54), 0, 1
(8,57), 0, 1
(8,66), 0, 1
(8,72), 0, 1
(8,76), 0, 1
(8,86), 0, 1
(8,91), 0, 1
(9,13), 0, 1
(9,18), 0, 1
(9,19), 0, 1
(9,21), 0, 1
(9,24), 0, 1
(9,26), 0, 1
(9,35), 0, 1
(9,36), 0, 1
(9,41), 0, 1
(9,42), 0, 1
(9,49), 0, 1
(9,51), 0, 1
(9,52), 0, 1
(9,54), 0, 1
(9,57), 0, 1
(9,66), 0, 1
(9,72), 0, 1
(9,76), 0, 1
(9,82), 0, 1
(9,91), 0, 1
(10,4), 0, 1
(10,14), 0, 1
(10,15), 0, 1
(10,34), 0, 1
(10,55), 0, 1
(10,56), 0, 1
(10,61), 0, 1
(10,88), 0, 1
(10,90), 0, 1
(10,94), 0, 1
(11,1), 0, 1
(11,2), 0, 1
(11,3), 0, 1
(11,4), 0, 1
(11,5), 0, 1
(11,6), 0, 1
(11,7), 0, 1
(11,8), 0, 1
(11,12), 0, 1
(11,13), 0, 1
(11,14), 0, 1
(11,15), 0, 1
(11,16), 0, 1
(11,17), 0, 1
(11,19), 0, 1
(11,20), 0, 1
(11,22), 0, 1
(11,24), 0, 1
(11,25), 0, 1
(11,26), 0, 1
(11,27), 0, 1
(11,29), 0, 1
(11,31), 0, 1
(11,32), 0, 1
(11,33), 0, 1
(11,34), 0, 1
(11,35), 0, 1
(11,37), 0, 1
(11,38), 0, 1
(11,40), 0, 1
(11,41), 0, 1
(11,44), 0, 1
(11,45), 0, 1
(11,46), 0, 1
(11,47), 0, 1
(11,48), 0, 1
(11,49), 0, 1
(11,50), 0, 1
(11,51), 0, 1
(11,52), 0, 1
(11,53), 0, 1
(11,54), 0, 1
(11,55), 0, 1
(11,56), 0, 1
(11,57), 0, 1
(11,59), 0, 1
(11,60), 0, 1
(11,61), 0, 1
(11,63), 0, 1
(11,66), 0, 1
(11,67), 0, 1
(11,71), 0, 1
(11,72), 0, 1
(11,73), 0, 1
(11,75), 0, 1
(11,76), 0, 1
(11,77), 0, 1
(11,78), 0, 1
(11,79), 0, 1
(11,80), 0, 1
(11,81), 0, 1
(11,82), 0, 1
(11,83), 0, 1
(11,84), 0, 1
(11,86), 0, 1
(11,87), 0, 1
(11,91), 0, 1
(11,92), 0, 1
(11,93), 0, 1
(11,94), 0, 1
(11,95), 0, 1
(12,0), 0, 1
(12,13), 0, 1
(12,19), 0, 1
(12,21), 0, 1
(12,24), 0, 1
(12,26), 0, 1
(12,35), 0, 1
(12,36), 0, 1
(12,41), 0, 1
(12,42), 0, 1
(12,46), 0, 1
(12,49), 0, 1
(12,51), 0, 1
(12,54), 0, 1
(12,57), 0, 1
(12,66), 0, 1
(12,72), 0, 1
(12,76), 0, 1
(12,82), 0, 1
(12,85), 0, 1
(12,86), 0, 1
(12,91), 0, 1
(13,1), 0, 1
(13,2), 0, 1
(13,3), 0, 1
(13,4), 0, 1
(13,5), 0, 1
(13,6), 0, 1
(13,7), 0, 1
(13,8), 0, 1
(13,9), 0, 1
(13,10), 0, 1
(13,12), 0, 1
(13,14), 0, 1
(13,15), 0, 1
(13,16), 0, 1
(13,17), 0, 1
(13,19), 0, 1
(13,20), 0, 1
(13,21), 0, 1
(13,22), 0, 1
(13,24), 0, 1
(13,26), 0, 1
(13,27), 0, 1
(13,29), 0, 1
(13,31), 0, 1
(13,32), 0, 1
(13,33), 0, 1
(13,34), 0, 1
(13,35), 0, 1
(13,36), 0, 1
(13,37), 0, 1
(13,38), 0, 1
(13,40), 0, 1
(13,41), 0, 1
(13,42), 0, 1
(13,44), 0, 1
(13,45), 0, 1
(13,47), 0, 1
(13,49), 0, 1
(13,50), 0, 1
(13,51), 0, 1
(13,53), 0, 1
(13,54), 0, 1
(13,55), 0, 1
(13,56), 0, 1
(13,57), 0, 1
(13,59), 0, 1
(13,60), 0, 1
(13,61), 0, 1
(13,63), 0, 1
(13,66), 0, 1
(13,67), 0, 1
(13,71), 0, 1
(13,72), 0, 1
(13,74), 0, 1
(13,76), 0, 1
(13,77), 0, 1
(13,78), 0, 1
(13,79), 0, 1
(13,80), 0, 1
(13,81), 0, 1
(13,82), 0, 1
(13,83), 0, 1
(13,84), 0, 1
(13,87), 0, 1
(13,88), 0, 1
(13,90), 0, 1
(13,91), 0, 1
(13,92), 0, 1
(13,93), 0, 1
(13,94), 0, 1
(13,95), 0, 1
(15,0), 0, 1
(15,13), 0, 1
(15,18), 0, 1
(15,19), 0, 1
(15,21), 0, 1
(15,24), 0, 1
(15,26), 0, 1
(15,35), 0, 1
(15,36), 0, 1
(15,42), 0, 1
(15,46), 0, 1
(15,49), 0, 1
(15,51), 0, 1
(15,52), 0, 1
(15,57), 0, 1
(15,66), 0, 1
(15,72), 0, 1
(15,76), 0, 1
(15,82), 0, 1
(15,85), 0, 1
(15,86), 0, 1
(15,91), 0, 1
(16,13), 0, 1
(16,19), 0, 1
(16,21), 0, 1
(16,24), 0, 1
(16,26), 0, 1
(16,35), 0, 1
(16,36), 0, 1
(16,41), 0, 1
(16,42), 0, 1
(16,46), 0, 1
(16,49), 0, 1
(16,51), 0, 1
(16,52), 0, 1
(16,54), 0, 1
(16,57), 0, 1
(16,62), 0, 1
(16,66), 0, 1
(16,72), 0, 1
(16,76), 0, 1
(16,82), 0, 1
(16,86), 0, 1
(16,91), 0, 1
(17,0), 0, 1
(17,13), 0, 1
(17,19), 0, 1
(17,21), 0, 1
(17,22), 0, 1
(17,24), 0, 1
(17,26), 0, 1
(17,35), 0, 1
(17,36), 0, 1
(17,41), 0, 1
(17,49), 0, 1
(17,51), 0, 1
(17,52), 0, 1
(17,54), 0, 1
(17,57), 0, 1
(17,62), 0, 1
(17,66), 0, 1
(17,69), 0, 1
(17,72), 0, 1
(17,76), 0, 1
(17,82), 0, 1
(17,85), 0, 1
(17,86), 0, 1
(17,91), 0, 1
(18,1), 0, 1
(18,2), 0, 1
(18,3), 0, 1
(18,5), 0, 1
(18,6), 0, 1
(18,7), 0, 1
(18,8), 0, 1
(18,10), 0, 1
(18,12), 0, 1
(18,13), 0, 1
(18,14), 0, 1
(18,15), 0, 1
(18,16), 0, 1
(18,17), 0, 1
(18,19), 0, 1
(18,20), 0, 1
(18,21), 0, 1
(18,22), 0, 1
(18,24), 0, 1
(18,25), 0, 1
(18,26), 0, 1
(18,27), 0, 1
(18,29), 0, 1
(18,30), 0, 1
(18,31), 0, 1
(18,32), 0, 1
(18,33), 0, 1
(18,34), 0, 1
(18,35), 0, 1
(18,37), 0, 1
(18,41), 0, 1
(18,43), 0, 1
(18,44), 0, 1
(18,45), 0, 1
(18,46), 0, 1
(18,47), 0, 1
(18,49), 0, 1
(18,50), 0, 1
(18,51), 0, 1
(18,52), 0, 1
(18,53), 0, 1
(18,54), 0, 1
(18,55), 0, 1
(18,56), 0, 1
(18,57), 0, 1
(18,58), 0, 1
(18,59), 0, 1
(18,60), 0, 1
(18,61), 0, 1
(18,63), 0, 1
(18,66), 0, 1
(18,67), 0, 1
(18,71), 0, 1
(18,72), 0, 1
(18,73), 0, 1
(18,76), 0, 1
(18,77), 0, 1
(18,79), 0, 1
(18,82), 0, 1
(18,83), 0, 1
(18,84), 0, 1
(18,85), 0, 1
(18,86), 0, 1
(18,87), 0, 1
(18,88), 0, 1
(18,90), 0, 1
(18,91), 0, 1
(18,92), 0, 1
(18,93), 0, 1
(18,94), 0, 1
(18,95), 0, 1
(19,4), 0, 1
(19,14), 0, 1
(19,15), 0, 1
(19,34), 0, 1
(19,37), 0, 1
(19,55), 0, 1
(19,56), 0, 1
(19,61), 0, 1
(19,88), 0, 1
(19,94), 0, 1
(20,0), 0, 1
(20,13), 0, 1
(20,18), 0, 1
(20,19), 0, 1
(20,21), 0, 1
(20,22), 0, 1
(20,24), 0, 1
(20,26), 0, 1
(20,35), 0, 1
(20,41), 0, 1
(20,42), 0, 1
(20,43), 0, 1
(20,46), 0, 1
(20,49), 0, 1
(20,51), 0, 1
(20,52), 0, 1
(20,54), 0, 1
(20,57), 0, 1
(20,76), 0, 1
(20,82), 0, 1
(20,85), 0, 1
(20,86), 0, 1
(20,91), 0, 1
(22,0), 0, 1
(22,18), 0, 1
(22,19), 0, 1
(22,24), 0, 1
(22,26), 0, 1
(22,35), 0, 1
(22,36), 0, 1
(22,41), 0, 1
(22,42), 0, 1
(22,46), 0, 1
(22,49), 0, 1
(22,51), 0, 1
(22,52), 0, 1
(22,54), 0, 1
(22,57), 0, 1
(22,66), 0, 1
(22,72), 0, 1
(22,76), 0, 1
(22,82), 0, 1
(22,85), 0, 1
(22,86), 0, 1
(22,91), 0, 1
(23,1), 0, 1
(23,2), 0, 1
(23,4), 0, 1
(23,6), 0, 1
(23,7), 0, 1
(23,8), 0, 1
(23,9), 0, 1
(23,10), 0, 1
(23,12), 0, 1
(23,13), 0, 1
(23,14), 0, 1
(23,15), 0, 1
(23,16), 0, 1
(23,17), 0, 1
(23,19), 0, 1
(23,20), 0, 1
(23,21), 0, 1
(23,22), 0, 1
(23,24), 0, 1
(23,25), 0, 1
(23,26), 0, 1
(23,27), 0, 1
(23,29), 0, 1
(23,30), 0, 1
(23,31), 0, 1
(23,32), 0, 1
(23,33), 0, 1
(23,34), 0, 1
(23,35), 0, 1
(23,36), 0, 1
(23,37), 0, 1
(23,38), 0, 1
(23,40), 0, 1
(23,41), 0, 1
(23,42), 0, 1
(23,44), 0, 1
(23,45), 0, 1
(23,46), 0, 1
(23,47), 0, 1
(23,49), 0, 1
(23,50), 0, 1
(23,51), 0, 1
(23,52), 0, 1
(23,53), 0, 1
(23,54), 0, 1
(23,55), 0, 1
(23,56), 0, 1
(23,57), 0, 1
(23,58), 0, 1
(23,60), 0, 1
(23,61), 0, 1
(23,63), 0, 1
(23,66), 0, 1
(23,67), 0, 1
(23,69), 0, 1
(23,72), 0, 1
(23,73), 0, 1
(23,75), 0, 1
(23,76), 0, 1
(23,77), 0, 1
(23,78), 0, 1
(23,80), 0, 1
(23,81), 0, 1
(23,82), 0, 1
(23,84), 0, 1
(23,85), 0, 1
(23,86), 0, 1
(23,87), 0, 1
(23,88), 0, 1
(23,90), 0, 1
(23,93), 0, 1
(23,94), 0, 1
(23,95), 0, 1
(25,4), 0, 1
(25,14), 0, 1
(25,15), 0, 1
(25,34), 0, 1
(25,37), 0, 1
(25,55), 0, 1
(25,56), 0, 1
(25,61), 0, 1
(25,88), 0, 1
(25,94), 0, 1
(26,4), 0, 1
(26,14), 0, 1
(26,15), 0, 1
(26,34), 0, 1
(26,37), 0, 1
(26,55), 0, 1
(26,56), 0, 1
(26,88), 0, 1
(26,89), 0, 1
(26,90), 0, 1
(26,94), 0, 1
(27,4), 0, 1
(27,14), 0, 1
(27,15), 0, 1
(27,34), 0, 1
(27,37), 0, 1
(27,55), 0, 1
(27,56), 0, 1
(27,61), 0, 1
(27,88), 0, 1
(27,90), 0, 1
(27,94), 0, 1
(28,0), 0, 1
(28,1), 0, 1
(28,2), 0, 1
(28,4), 0, 1
(28,5), 0, 1
(28,6), 0, 1
(28,7), 0, 1
(28,8), 0, 1
(28,9), 0, 1
(28,12), 0, 1
(28,14), 0, 1
(28,15), 0, 1
(28,16), 0, 1
(28,17), 0, 1
(28,19), 0, 1
(28,20), 0, 1
(28,21), 0, 1
(28,22), 0, 1
(28,24), 0, 1
(28,25), 0, 1
(28,26), 0, 1
(28,27), 0, 1
(28,29), 0, 1
(28,30), 0, 1
(28,31), 0, 1
(28,32), 0, 1
(28,33), 0, 1
(28,34), 0, 1
(28,35), 0, 1
(28,37), 0, 1
(28,38), 0, 1
(28,40), 0, 1
(28,41), 0, 1
(28,42), 0, 1
(28,43), 0, 1
(28,44), 0, 1
(28,45), 0, 1
(28,47), 0, 1
(28,49), 0, 1
(28,50), 0, 1
(28,51), 0, 1
(28,52), 0, 1
(28,53), 0, 1
(28,54), 0, 1
(28,55), 0, 1
(28,56), 0, 1
(28,57), 0, 1
(28,59), 0, 1
(28,60), 0, 1
(28,61), 0, 1
(28,63), 0, 1
(28,66), 0, 1
(28,67), 0, 1
(28,71), 0, 1
(28,72), 0, 1
(28,73), 0, 1
(28,75), 0, 1
(28,76), 0, 1
(28,77), 0, 1
(28,78), 0, 1
(28,80), 0, 1
(28,81), 0, 1
(28,82), 0, 1
(28,83), 0, 1
(28,84), 0, 1
(28,86), 0, 1
(28,87), 0, 1
(28,88), 0, 1
(28,91), 0, 1
(28,92), 0, 1
(28,93), 0, 1
(28,94), 0, 1
(28,95), 0, 1
(29,0), 0, 1
(29,13), 0, 1
(29,19), 0, 1
(29,21), 0, 1
(29,24), 0, 1
(29,26), 0, 1
(29,35), 0, 1
(29,36), 0, 1
(29,41), 0, 1
(29,42), 0, 1
(29,46), 0, 1
(29,49), 0, 1
(29,51), 0, 1
(29,52), 0, 1
(29,54), 0, 1
(29,57), 0, 1
(29,65), 0, 1
(29,66), 0, 1
(29,72), 0, 1
(29,76), 0, 1
(29,82), 0, 1
(29,85), 0, 1
(29,86), 0, 1
(29,91), 0, 1
(30,0), 0, 1
(30,13), 0, 1
(30,19), 0, 1
(30,21), 0, 1
(30,22), 0, 1
(30,24), 0, 1
(30,26), 0, 1
(30,35), 0, 1
(30,36), 0, 1
(30,41), 0, 1
(30,42), 0, 1
(30,46), 0, 1
(30,49), 0, 1
(30,51), 0, 1
(30,52), 0, 1
(30,54), 0, 1
(30,57), 0, 1
(30,66), 0, 1
(30,72), 0, 1
(30,76), 0, 1
(30,82), 0, 1
(30,85), 0, 1
(30,86), 0, 1
(31,4), 0, 1
(31,14), 0, 1
(31,15), 0, 1
(31,34), 0, 1
(31,37), 0, 1
(31,55), 0, 1
(31,56), 0, 1
(31,61), 0, 1
(31,88), 0, 1
(31,90), 0, 1
(31,94), 0, 1
(32,0), 0, 1
(32,13), 0, 1
(32,19), 0, 1
(32,21), 0, 1
(32,22), 0, 1
(32,24), 0, 1
(32,26), 0, 1
(32,36), 0, 1
(32,41), 0, 1
(32,43), 0, 1
(32,46), 0, 1
(32,49), 0, 1
(32,52), 0, 1
(32,54), 0, 1
(32,57), 0, 1
(32,65), 0, 1
(32,66), 0, 1
(32,69), 0, 1
(32,72), 0, 1
(32,76), 0, 1
(32,82), 0, 1
(32,85), 0, 1
(32,86), 0, 1
(32,91), 0, 1
(33,0), 0, 1
(33,13), 0, 1
(33,19), 0, 1
(33,21), 0, 1
(33,22), 0, 1
(33,24), 0, 1
(33,26), 0, 1
(33,35), 0, 1
(33,36), 0, 1
(33,42), 0, 1
(33,46), 0, 1
(33,49), 0, 1
(33,51), 0, 1
(33,52), 0, 1
(33,54), 0, 1
(33,57), 0, 1
(33,66), 0, 1
(33,69), 0, 1
(33,72), 0, 1
(33,76), 0, 1
(33,82), 0, 1
(33,85), 0, 1
(33,86), 0, 1
(33,91), 0, 1
(34,0), 0, 1
(34,13), 0, 1
(34,19), 0, 1
(34,21), 0, 1
(34,22), 0, 1
(34,24), 0, 1
(34,26), 0, 1
(34,35), 0, 1
(34,36), 0, 1
(34,41), 0, 1
(34,49), 0, 1
(34,51), 0, 1
(34,52), 0, 1
(34,54), 0, 1
(34,57), 0, 1
(34,66), 0, 1
(34,72), 0, 1
(34,82), 0, 1
(34,85), 0, 1
(34,86), 0, 1
(34,91), 0, 1
(36,19), 0, 1
(36,21), 0, 1
(36,24), 0, 1
(36,26), 0, 1
(36,28), 0, 1
(36,35), 0, 1
(36,41), 0, 1
(36,42), 0, 1
(36,46), 0, 1
(36,49), 0, 1
(36,51), 0, 1
(36,52), 0, 1
(36,54), 0, 1
(36,57), 0, 1
(36,66), 0, 1
(36,76), 0, 1
(36,82), 0, 1
(36,85), 0, 1
(36,86), 0, 1
(36,91), 0, 1
(37,0), 0, 1
(37,1), 0, 1
(37,2), 0, 1
(37,4), 0, 1
(37,5), 0, 1
(37,6), 0, 1
(37,7), 0, 1
(37,8), 0, 1
(37,9), 0, 1
(37,10), 0, 1
(37,12), 0, 1
(37,13), 0, 1
(37,14), 0, 1
(37,15), 0, 1
(37,16), 0, 1
(37,17), 0, 1
(37,19), 0, 1
(37,20), 0, 1
(37,21), 0, 1
(37,22), 0, 1
(37,23), 0, 1
(37,24), 0, 1
(37,26), 0, 1
(37,27), 0, 1
(37,29), 0, 1
(37,30), 0, 1
(37,31), 0, 1
(37,32), 0, 1
(37,33), 0, 1
(37,34), 0, 1
(37,35), 0, 1
(37,36), 0, 1
(37,40), 0, 1
(37,41), 0, 1
(37,42), 0, 1
(37,44), 0, 1
(37,45), 0, 1
(37,46), 0, 1
(37,47), 0, 1
(37,49), 0, 1
(37,50), 0, 1
(37,51), 0, 1
(37,52), 0, 1
(37,54), 0, 1
(37,55), 0, 1
(37,56), 0, 1
(37,57), 0, 1
(37,59), 0, 1
(37,60), 0, 1
(37,61), 0, 1
(37,63), 0, 1
(37,66), 0, 1
(37,67), 0, 1
(37,71), 0, 1
(37,72), 0, 1
(37,74), 0, 1
(37,76), 0, 1
(37,77), 0, 1
(37,78), 0, 1
(37,79), 0, 1
(37,80), 0, 1
(37,81), 0, 1
(37,82), 0, 1
(37,83), 0, 1
(37,84), 0, 1
(37,85), 0, 1
(37,86), 0, 1
(37,87), 0, 1
(37,88), 0, 1
(37,90), 0, 1
(37,91), 0, 1
(37,93), 0, 1
(37,94), 0, 1
(37,95), 0, 1
(38,0), 0, 1
(38,13), 0, 1
(38,19), 0, 1
(38,21), 0, 1
(38,24), 0, 1
(38,26), 0, 1
(38,35), 0, 1
(38,36), 0, 1
(38,41), 0, 1
(38,46), 0, 1
(38,49), 0, 1
(38,51), 0, 1
(38,52), 0, 1
(38,57), 0, 1
(38,66), 0, 1
(38,72), 0, 1
(38,82), 0, 1
(38,85), 0, 1
(38,86), 0, 1
(38,91), 0, 1
(39,13), 0, 1
(39,19), 0, 1
(39,21), 0, 1
(39,22), 0, 1
(39,24), 0, 1
(39,26), 0, 1
(39,35), 0, 1
(39,36), 0, 1
(39,41), 0, 1
(39,46), 0, 1
(39,49), 0, 1
(39,51), 0, 1
(39,52), 0, 1
(39,54), 0, 1
(39,57), 0, 1
(39,66), 0, 1
(39,72), 0, 1
(39,82), 0, 1
(39,86), 0, 1
(39,91), 0, 1
(40,13), 0, 1
(40,19), 0, 1
(40,21), 0, 1
(40,22), 0, 1
(40,24), 0, 1
(40,26), 0, 1
(40,35), 0, 1
(40,36), 0, 1
(40,41), 0, 1
(40,42), 0, 1
(40,43), 0, 1
(40,49), 0, 1
(40,51), 0, 1
(40,52), 0, 1
(40,54), 0, 1
(40,57), 0, 1
(40,66), 0, 1
(40,72), 0, 1
(40,76), 0, 1
(40,82), 0, 1
(40,86), 0, 1
(40,91), 0, 1
(41,4), 0, 1
(41,14), 0, 1
(41,15), 0, 1
(41,34), 0, 1
(41,37), 0, 1
(41,55), 0, 1
(41,56), 0, 1
(41,61), 0, 1
(41,88), 0, 1
(41,94), 0, 1
(42,0), 0, 1
(42,1), 0, 1
(42,2), 0, 1
(42,3), 0, 1
(42,4), 0, 1
(42,5), 0, 1
(42,6), 0, 1
(42,7), 0, 1
(42,8), 0, 1
(42,9), 0, 1
(42,10), 0, 1
(42,11), 0, 1
(42,12), 0, 1
(42,14), 0, 1
(42,15), 0, 1
(42,16), 0, 1
(42,17), 0, 1
(42,20), 0, 1
(42,22), 0, 1
(42,24), 0, 1
(42,25), 0, 1
(42,26), 0, 1
(42,27), 0, 1
(42,29), 0, 1
(42,30), 0, 1
(42,31), 0, 1
(42,32), 0, 1
(42,33), 0, 1
(42,34), 0, 1
(42,35), 0, 1
(42,36), 0, 1
(42,37), 0, 1
(42,38), 0, 1
(42,41), 0, 1
(42,44), 0, 1
(42,45), 0, 1
(42,46), 0, 1
(42,47), 0, 1
(42,49), 0, 1
(42,50), 0, 1
(42,51), 0, 1
(42,52), 0, 1
(42,53), 0, 1
(42,54), 0, 1
(42,55), 0, 1
(42,56), 0, 1
(42,57), 0, 1
(42,59), 0, 1
(42,60), 0, 1
(42,61), 0, 1
(42,63), 0, 1
(42,66), 0, 1
(42,67), 0, 1
(42,68), 0, 1
(42,71), 0, 1
(42,72), 0, 1
(42,75), 0, 1
(42,76), 0, 1
(42,77), 0, 1
(42,78), 0, 1
(42,79), 0, 1
(42,80), 0, 1
(42,81), 0, 1
(42,82), 0, 1
(42,83), 0, 1
(42,84), 0, 1
(42,86), 0, 1
(42,87), 0, 1
(42,88), 0, 1
(42,90), 0, 1
(42,91), 0, 1
(42,93), 0, 1
(42,94), 0, 1
(42,95), 0, 1
(44,0), 0, 1
(44,13), 0, 1
(44,19), 0, 1
(44,21), 0, 1
(44,24), 0, 1
(44,26), 0, 1
(44,35), 0, 1
(44,36), 0, 1
(44,41), 0, 1
(44,46), 0, 1
(44,49), 0, 1
(44,51), 0, 1
(44,52), 0, 1
(44,54), 0, 1
(44,57), 0, 1
(44,66), 0, 1
(44,72), 0, 1
(44,76), 0, 1
(44,82), 0, 1
(44,86), 0, 1
(44,91), 0, 1
(45,0), 0, 1
(45,13), 0, 1
(45,21), 0, 1
(45,26), 0, 1
(45,35), 0, 1
(45,41), 0, 1
(45,42), 0, 1
(45,46), 0, 1
(45,49), 0, 1
(45,51), 0, 1
(45,52), 0, 1
(45,54), 0, 1
(45,57), 0, 1
(45,66), 0, 1
(45,72), 0, 1
(45,82), 0, 1
(45,85), 0, 1
(45,86), 0, 1
(45,91), 0, 1
(46,0), 0, 1
(46,18), 0, 1
(46,19), 0, 1
(46,21), 0, 1
(46,24), 0, 1
(46,26), 0, 1
(46,28), 0, 1
(46,35), 0, 1
(46,36), 0, 1
(46,41), 0, 1
(46,42), 0, 1
(46,49), 0, 1
(46,52), 0, 1
(46,54), 0, 1
(46,57), 0, 1
(46,66), 0, 1
(46,72), 0, 1
(46,82), 0, 1
(46,85), 0, 1
(46,86), 0, 1
(46,91), 0, 1
(47,0), 0, 1
(47,13), 0, 1
(47,19), 0, 1
(47,21), 0, 1
(47,24), 0, 1
(47,26), 0, 1
(47,35), 0, 1
(47,36), 0, 1
(47,41), 0, 1
(47,49), 0, 1
(47,52), 0, 1
(47,54), 0, 1
(47,57), 0, 1
(47,66), 0, 1
(47,72), 0, 1
(47,76), 0, 1
(47,82), 0, 1
(47,85), 0, 1
(47,86), 0, 1
(47,91), 0, 1
(48,13), 0, 1
(48,19), 0, 1
(48,21), 0, 1
(48,24), 0, 1
(48,26), 0, 1
(48,35), 0, 1
(48,36), 0, 1
(48,41), 0, 1
(48,49), 0, 1
(48,52), 0, 1
(48,54), 0, 1
(48,57), 0, 1
(48,66), 0, 1
(48,72), 0, 1
(48,76), 0, 1
(48,82), 0, 1
(48,85), 0, 1
(48,86), 0, 1
(48,91), 0, 1
(49,4), 0, 1
(49,14), 0, 1
(49,34), 0, 1
(49,37), 0, 1
(49,55), 0, 1
(49,56), 0, 1
(49,61), 0, 1
(49,88), 0, 1
(49,94), 0, 1
(50,0), 0, 1
(50,19), 0, 1
(50,21), 0, 1
(50,22), 0, 1
(50,24), 0, 1
(50,26), 0, 1
(50,35), 0, 1
(50,36), 0, 1
(50,41), 0, 1
(50,49), 0, 1
(50,51), 0, 1
(50,52), 0, 1
(50,54), 0, 1
(50,57), 0, 1
(50,66), 0, 1
(50,72), 0, 1
(50,76), 0, 1
(50,86), 0, 1
(50,91), 0, 1
(51,4), 0, 1
(51,15), 0, 1
(51,37), 0, 1
(51,55), 0, 1
(51,56), 0, 1
(51,61), 0, 1
(51,64), 0, 1
(51,88), 0, 1
(51,90), 0, 1
(51,94), 0, 1
(52,4), 0, 1
(52,14), 0, 1
(52,15), 0, 1
(52,34), 0, 1
(52,37), 0, 1
(52,55), 0, 1
(52,56), 0, 1
(52,61), 0, 1
(52,88), 0, 1
(52,90), 0, 1
(52,94), 0, 1
(53,0), 0, 1
(53,19), 0, 1
(53,22), 0, 1
(53,24), 0, 1
(53,26), 0, 1
(53,35), 0, 1
(53,36), 0, 1
(53,41), 0, 1
(53,46), 0, 1
(53,49), 0, 1
(53,51), 0, 1
(53,52), 0, 1
(53,54), 0, 1
(53,57), 0, 1
(53,66), 0, 1
(53,72), 0, 1
(53,76), 0, 1
(53,82), 0, 1
(53,85), 0, 1
(53,86), 0, 1
(53,91), 0, 1
(54,4), 0, 1
(54,14), 0, 1
(54,15), 0, 1
(54,34), 0, 1
(54,37), 0, 1
(54,55), 0, 1
(54,56), 0, 1
(54,61), 0, 1
(54,88), 0, 1
(54,94), 0, 1
(55,13), 0, 1
(55,19), 0, 1
(55,21), 0, 1
(55,22), 0, 1
(55,24), 0, 1
(55,26), 0, 1
(55,35), 0, 1
(55,36), 0, 1
(55,41), 0, 1
(55,42), 0, 1
(55,46), 0, 1
(55,49), 0, 1
(55,51), 0, 1
(55,52), 0, 1
(55,54), 0, 1
(55,57), 0, 1
(55,62), 0, 1
(55,66), 0, 1
(55,72), 0, 1
(55,76), 0, 1
(55,82), 0, 1
(55,86), 0, 1
(55,91), 0, 1
(56,0), 0, 1
(56,21), 0, 1
(56,22), 0, 1
(56,24), 0, 1
(56,26), 0, 1
(56,35), 0, 1
(56,36), 0, 1
(56,41), 0, 1
(56,42), 0, 1
(56,49), 0, 1
(56,51), 0, 1
(56,52), 0, 1
(56,54), 0, 1
(56,57), 0, 1
(56,66), 0, 1
(56,69), 0, 1
(56,72), 0, 1
(56,76), 0, 1
(56,82), 0, 1
(56,85), 0, 1
(56,86), 0, 1
(56,91), 0, 1
(57,4), 0, 1
(57,14), 0, 1
(57,15), 0, 1
(57,34), 0, 1
(57,37), 0, 1
(57,56), 0, 1
(57,61), 0, 1
(57,88), 0, 1
(57,90), 0, 1
(57,94), 0, 1
(58,0), 0, 1
(58,13), 0, 1
(58,19), 0, 1
(58,21), 0, 1
(58,22), 0, 1
(58,24), 0, 1
(58,26), 0, 1
(58,36), 0, 1
(58,41), 0, 1
(58,42), 0, 1
(58,46), 0, 1
(58,49), 0, 1
(58,51), 0, 1
(58,52), 0, 1
(58,54), 0, 1
(58,57), 0, 1
(58,66), 0, 1
(58,76), 0, 1
(58,82), 0, 1
(58,85), 0, 1
(58,86), 0, 1
(58,91), 0, 1
(59,4), 0, 1
(59,14), 0, 1
(59,15), 0, 1
(59,34), 0, 1
(59,37), 0, 1
(59,55), 0, 1
(59,56), 0, 1
(59,61), 0, 1
(59,88), 0, 1
(59,94), 0, 1
(60,0), 0, 1
(60,19), 0, 1
(60,21), 0, 1
(60,22), 0, 1
(60,24), 0, 1
(60,26), 0, 1
(60,35), 0, 1
(60,36), 0, 1
(60,41), 0, 1
(60,49), 0, 1
(60,51), 0, 1
(60,52), 0, 1
(60,54), 0, 1
(60,57), 0, 1
(60,66), 0, 1
(60,72), 0, 1
(60,76), 0, 1
(60,82), 0, 1
(60,86), 0, 1
(60,91), 0, 1
(61,0), 0, 1
(61,19), 0, 1
(61,21), 0, 1
(61,22), 0, 1
(61,24), 0, 1
(61,26), 0, 1
(61,35), 0, 1
(61,36), 0, 1
(61,41), 0, 1
(61,42), 0, 1
(61,49), 0, 1
(61,52), 0, 1
(61,54), 0, 1
(61,57), 0, 1
(61,66), 0, 1
(61,72), 0, 1
(61,76), 0, 1
(61,82), 0, 1
(61,85), 0, 1
(61,86), 0, 1
(61,91), 0, 1
(62,4), 0, 1
(62,14), 0, 1
(62,15), 0, 1
(62,34), 0, 1
(62,37), 0, 1
(62,55), 0, 1
(62,56), 0, 1
(62,61), 0, 1
(62,88), 0, 1
(62,90), 0, 1
(62,94), 0, 1
(63,0), 0, 1
(63,13), 0, 1
(63,19), 0, 1
(63,21), 0, 1
(63,22), 0, 1
(63,24), 0, 1
(63,26), 0, 1
(63,41), 0, 1
(63,42), 0, 1
(63,46), 0, 1
(63,49), 0, 1
(63,51), 0, 1
(63,52), 0, 1
(63,54), 0, 1
(63,57), 0, 1
(63,66), 0, 1
(63,72), 0, 1
(63,76), 0, 1
(63,82), 0, 1
(63,85), 0, 1
(63,86), 0, 1
(64,0), 0, 1
(64,1), 0, 1
(64,2), 0, 1
(64,3), 0, 1
(64,4), 0, 1
(64,5), 0, 1
(64,6), 0, 1
(64,7), 0, 1
(64,8), 0, 1
(64,9), 0, 1
(64,10), 0, 1
(64,13), 0, 1
(64,14), 0, 1
(64,15), 0, 1
(64,16), 0, 1
(64,17), 0, 1
(64,19), 0, 1
(64,20), 0, 1
(64,21), 0, 1
(64,24), 0, 1
(64,25), 0, 1
(64,26), 0, 1
(64,27), 0, 1
(64,30), 0, 1
(64,31), 0, 1
(64,32), 0, 1
(64,33), 0, 1
(64,34), 0, 1
(64,35), 0, 1
(64,36), 0, 1
(64,37), 0, 1
(64,40), 0, 1
(64,41), 0, 1
(64,42), 0, 1
(64,44), 0, 1
(64,45), 0, 1
(64,47), 0, 1
(64,49), 0, 1
(64,50), 0, 1
(64,51), 0, 1
(64,52), 0, 1
(64,53), 0, 1
(64,54), 0, 1
(64,55), 0, 1
(64,56), 0, 1
(64,57), 0, 1
(64,59), 0, 1
(64,60), 0, 1
(64,61), 0, 1
(64,63), 0, 1
(64,66), 0, 1
(64,71), 0, 1
(64,72), 0, 1
(64,73), 0, 1
(64,75), 0, 1
(64,76), 0, 1
(64,78), 0, 1
(64,79), 0, 1
(64,80), 0, 1
(64,81), 0, 1
(64,82), 0, 1
(64,83), 0, 1
(64,84), 0, 1
(64,86), 0, 1
(64,87), 0, 1
(64,88), 0, 1
(64,89), 0, 1
(64,90), 0, 1
(64,91), 0, 1
(64,92), 0, 1
(64,93), 0, 1
(64,94), 0, 1
(65,0), 0, 1
(65,13), 0, 1
(65,19), 0, 1
(65,21), 0, 1
(65,22), 0, 1
(65,24), 0, 1
(65,26), 0, 1
(65,35), 0, 1
(65,36), 0, 1
(65,42), 0, 1
(65,46), 0, 1
(65,49), 0, 1
(65,51), 0, 1
(65,52), 0, 1
(65,54), 0, 1
(65,66), 0, 1
(65,72), 0, 1
(65,76), 0, 1
(65,82), 0, 1
(65,85), 0, 1
(65,86), 0, 1
(65,91), 0, 1
(66,14), 0, 1
(66,15), 0, 1
(66,34), 0, 1
(66,37), 0, 1
(66,55), 0, 1
(66,61), 0, 1
(66,88), 0, 1
(66,94), 0, 1
(67,13), 0, 1
(67,19), 0, 1
(67,21), 0, 1
(67,24), 0, 1
(67,26), 0, 1
(67,35), 0, 1
(67,36), 0, 1
(67,41), 0, 1
(67,46), 0, 1
(67,49), 0, 1
(67,52), 0, 1
(67,54), 0, 1
(67,57), 0, 1
(67,66), 0, 1
(67,69), 0, 1
(67,72), 0, 1
(67,82), 0, 1
(67,85), 0, 1
(67,86), 0, 1
(67,91), 0, 1
(69,4), 0, 1
(69,14), 0, 1
(69,15), 0, 1
(69,34), 0, 1
(69,37), 0, 1
(69,55), 0, 1
(69,56), 0, 1
(69,61), 0, 1
(69,89), 0, 1
(69,90), 0, 1
(69,94), 0, 1
(70,4), 0, 1
(70,14), 0, 1
(70,15), 0, 1
(70,34), 0, 1
(70,55), 0, 1
(70,56), 0, 1
(70,61), 0, 1
(70,90), 0, 1
(70,94), 0, 1
(71,13), 0, 1
(71,21), 0, 1
(71,22), 0, 1
(71,24), 0, 1
(71,26), 0, 1
(71,35), 0, 1
(71,36), 0, 1
(71,41), 0, 1
(71,42), 0, 1
(71,46), 0, 1
(71,49), 0, 1
(71,51), 0, 1
(71,54), 0, 1
(71,57), 0, 1
(71,69), 0, 1
(71,76), 0, 1
(71,82), 0, 1
(71,85), 0, 1
(71,86), 0, 1
(71,91), 0, 1
(72,4), 0, 1
(72,14), 0, 1
(72,15), 0, 1
(72,34), 0, 1
(72,37), 0, 1
(72,55), 0, 1
(72,56), 0, 1
(72,61), 0, 1
(72,88), 0, 1
(72,90), 0, 1
(72,94), 0, 1
(73,4), 0, 1
(73,14), 0, 1
(73,15), 0, 1
(73,34), 0, 1
(73,37), 0, 1
(73,55), 0, 1
(73,56), 0, 1
(73,61), 0, 1
(73,88), 0, 1
(73,90), 0, 1
(73,94), 0, 1
(74,0), 0, 1
(74,19), 0, 1
(74,21), 0, 1
(74,22), 0, 1
(74,24), 0, 1
(74,26), 0, 1
(74,35), 0, 1
(74,36), 0, 1
(74,41), 0, 1
(74,42), 0, 1
(74,46), 0, 1
(74,49), 0, 1
(74,51), 0, 1
(74,52), 0, 1
(74,54), 0, 1
(74,57), 0, 1
(74,66), 0, 1
(74,72), 0, 1
(74,76), 0, 1
(74,82), 0, 1
(74,85), 0, 1
(74,86), 0, 1
(74,91), 0, 1
(75,0), 0, 1
(75,13), 0, 1
(75,19), 0, 1
(75,21), 0, 1
(75,22), 0, 1
(75,24), 0, 1
(75,26), 0, 1
(75,35), 0, 1
(75,36), 0, 1
(75,41), 0, 1
(75,42), 0, 1
(75,43), 0, 1
(75,49), 0, 1
(75,51), 0, 1
(75,52), 0, 1
(75,54), 0, 1
(75,57), 0, 1
(75,66), 0, 1
(75,72), 0, 1
(75,76), 0, 1
(75,82), 0, 1
(75,85), 0, 1
(75,91), 0, 1
(76,4), 0, 1
(76,14), 0, 1
(76,34), 0, 1
(76,37), 0, 1
(76,55), 0, 1
(76,56), 0, 1
(76,61), 0, 1
(76,88), 0, 1
(76,89), 0, 1
(76,90), 0, 1
(76,94), 0, 1
(77,0), 0, 1
(77,1), 0, 1
(77,3), 0, 1
(77,4), 0, 1
(77,5), 0, 1
(77,6), 0, 1
(77,7), 0, 1
(77,8), 0, 1
(77,9), 0, 1
(77,12), 0, 1
(77,13), 0, 1
(77,14), 0, 1
(77,15), 0, 1
(77,16), 0, 1
(77,17), 0, 1
(77,19), 0, 1
(77,20), 0, 1
(77,21), 0, 1
(77,22), 0, 1
(77,24), 0, 1
(77,25), 0, 1
(77,26), 0, 1
(77,27), 0, 1
(77,29), 0, 1
(77,31), 0, 1
(77,32), 0, 1
(77,33), 0, 1
(77,34), 0, 1
(77,35), 0, 1
(77,36), 0, 1
(77,37), 0, 1
(77,38), 0, 1
(77,40), 0, 1
(77,41), 0, 1
(77,42), 0, 1
(77,44), 0, 1
(77,45), 0, 1
(77,47), 0, 1
(77,49), 0, 1
(77,50), 0, 1
(77,51), 0, 1
(77,52), 0, 1
(77,53), 0, 1
(77,54), 0, 1
(77,55), 0, 1
(77,56), 0, 1
(77,57), 0, 1
(77,58), 0, 1
(77,59), 0, 1
(77,60), 0, 1
(77,61), 0, 1
(77,63), 0, 1
(77,66), 0, 1
(77,67), 0, 1
(77,69), 0, 1
(77,71), 0, 1
(77,72), 0, 1
(77,76), 0, 1
(77,78), 0, 1
(77,79), 0, 1
(77,80), 0, 1
(77,81), 0, 1
(77,82), 0, 1
(77,83), 0, 1
(77,84), 0, 1
(77,85), 0, 1
(77,86), 0, 1
(77,87), 0, 1
(77,88), 0, 1
(77,89), 0, 1
(77,90), 0, 1
(77,91), 0, 1
(77,92), 0, 1
(77,93), 0, 1
(77,94), 0, 1
(77,95), 0, 1
(78,4), 0, 1
(78,14), 0, 1
(78,15), 0, 1
(78,34), 0, 1
(78,37), 0, 1
(78,55), 0, 1
(78,56), 0, 1
(78,61), 0, 1
(78,88), 0, 1
(78,90), 0, 1
(78,94), 0, 1
(79,0), 0, 1
(79,1), 0, 1
(79,2), 0, 1
(79,4), 0, 1
(79,5), 0, 1
(79,6), 0, 1
(79,7), 0, 1
(79,8), 0, 1
(79,9), 0, 1
(79,11), 0, 1
(79,13), 0, 1
(79,14), 0, 1
(79,15), 0, 1
(79,16), 0, 1
(79,17), 0, 1
(79,19), 0, 1
(79,20), 0, 1
(79,21), 0, 1
(79,24), 0, 1
(79,25), 0, 1
(79,26), 0, 1
(79,27), 0, 1
(79,29), 0, 1
(79,30), 0, 1
(79,31), 0, 1
(79,32), 0, 1
(79,33), 0, 1
(79,34), 0, 1
(79,35), 0, 1
(79,36), 0, 1
(79,37), 0, 1
(79,38), 0, 1
(79,40), 0, 1
(79,41), 0, 1
(79,42), 0, 1
(79,44), 0, 1
(79,45), 0, 1
(79,46), 0, 1
(79,47), 0, 1
(79,49), 0, 1
(79,50), 0, 1
(79,51), 0, 1
(79,52), 0, 1
(79,53), 0, 1
(79,54), 0, 1
(79,55), 0, 1
(79,56), 0, 1
(79,57), 0, 1
(79,58), 0, 1
(79,59), 0, 1
(79,60), 0, 1
(79,61), 0, 1
(79,62), 0, 1
(79,63), 0, 1
(79,66), 0, 1
(79,67), 0, 1
(79,71), 0, 1
(79,72), 0, 1
(79,73), 0, 1
(79,75), 0, 1
(79,76), 0, 1
(79,77), 0, 1
(79,78), 0, 1
(79,80), 0, 1
(79,81), 0, 1
(79,83), 0, 1
(79,84), 0, 1
(79,85), 0, 1
(79,86), 0, 1
(79,87), 0, 1
(79,88), 0, 1
(79,90), 0, 1
(79,91), 0, 1
(79,92), 0, 1
(79,93), 0, 1
(79,94), 0, 1
(79,95), 0, 1
(80,0), 0, 1
(80,13), 0, 1
(80,19), 0, 1
(80,21), 0, 1
(80,22), 0, 1
(80,24), 0, 1
(80,26), 0, 1
(80,35), 0, 1
(80,36), 0, 1
(80,49), 0, 1
(80,51), 0, 1
(80,52), 0, 1
(80,54), 0, 1
(80,57), 0, 1
(80,66), 0, 1
(80,72), 0, 1
(80,76), 0, 1
(80,82), 0, 1
(80,85), 0, 1
(80,86), 0, 1
(80,91), 0, 1
(81,4), 0, 1
(81,14), 0, 1
(81,15), 0, 1
(81,34), 0, 1
(81,37), 0, 1
(81,55), 0, 1
(81,56), 0, 1
(81,94), 0, 1
(84,19), 0, 1
(84,21), 0, 1
(84,22), 0, 1
(84,24), 0, 1
(84,26), 0, 1
(84,35), 0, 1
(84,36), 0, 1
(84,41), 0, 1
(84,42), 0, 1
(84,46), 0, 1
(84,51), 0, 1
(84,52), 0, 1
(84,54), 0, 1
(84,57), 0, 1
(84,66), 0, 1
(84,72), 0, 1
(84,76), 0, 1
(84,82), 0, 1
(84,86), 0, 1
(84,91), 0, 1
(85,4), 0, 1
(85,14), 0, 1
(85,15), 0, 1
(85,34), 0, 1
(85,37), 0, 1
(85,55), 0, 1
(85,56), 0, 1
(85,61), 0, 1
(85,94), 0, 1
(86,4), 0, 1
(86,14), 0, 1
(86,15), 0, 1
(86,34), 0, 1
(86,37), 0, 1
(86,55), 0, 1
(86,56), 0, 1
(86,61), 0, 1
(86,64), 0, 1
(86,94), 0, 1
(87,4), 0, 1
(87,14), 0, 1
(87,15), 0, 1
(87,34), 0, 1
(87,37), 0, 1
(87,55), 0, 1
(87,56), 0, 1
(87,88), 0, 1
(87,90), 0, 1
(87,94), 0, 1
(88,13), 0, 1
(88,19), 0, 1
(88,21), 0, 1
(88,22), 0, 1
(88,26), 0, 1
(88,35), 0, 1
(88,36), 0, 1
(88,41), 0, 1
(88,42), 0, 1
(88,49), 0, 1
(88,51), 0, 1
(88,52), 0, 1
(88,54), 0, 1
(88,57), 0, 1
(88,66), 0, 1
(88,72), 0, 1
(88,76), 0, 1
(88,82), 0, 1
(88,85), 0, 1
(88,86), 0, 1
(88,91), 0, 1
(89,0), 0, 1
(89,13), 0, 1
(89,18), 0, 1
(89,19), 0, 1
(89,21), 0, 1
(89,22), 0, 1
(89,24), 0, 1
(89,26), 0, 1
(89,36), 0, 1
(89,42), 0, 1
(89,49), 0, 1
(89,51), 0, 1
(89,54), 0, 1
(89,57), 0, 1
(89,62), 0, 1
(89,66), 0, 1
(89,72), 0, 1
(89,82), 0, 1
(89,85), 0, 1
(89,86), 0, 1
(89,91), 0, 1
(90,0), 0, 1
(90,13), 0, 1
(90,19), 0, 1
(90,21), 0, 1
(90,22), 0, 1
(90,24), 0, 1
(90,26), 0, 1
(90,35), 0, 1
(90,36), 0, 1
(90,41), 0, 1
(90,42), 0, 1
(90,49), 0, 1
(90,51), 0, 1
(90,52), 0, 1
(90,54), 0, 1
(90,57), 0, 1
(90,66), 0, 1
(90,72), 0, 1
(90,76), 0, 1
(90,82), 0, 1
(90,85), 0, 1
(90,86), 0, 1
(90,91), 0, 1
(91,4), 0, 1
(91,14), 0, 1
(91,15), 0, 1
(91,34), 0, 1
(91,37), 0, 1
(91,55), 0, 1
(91,56), 0, 1
(91,61), 0, 1
(91,88), 0, 1
(91,89), 0, 1
(91,94), 0, 1
(92,0), 0, 1
(92,19), 0, 1
(92,21), 0, 1
(92,22), 0, 1
(92,24), 0, 1
(92,35), 0, 1
(92,36), 0, 1
(92,41), 0, 1
(92,49), 0, 1
(92,51), 0, 1
(92,52), 0, 1
(92,54), 0, 1
(92,57), 0, 1
(92,66), 0, 1
(92,72), 0, 1
(92,76), 0, 1
(92,82), 0, 1
(92,86), 0, 1
(92,91), 0, 1
(93,4), 0, 1
(93,15), 0, 1
(93,34), 0, 1
(93,37), 0, 1
(93,55), 0, 1
(93,56), 0, 1
(93,61), 0, 1
(93,64), 0, 1
(93,88), 0, 1
(93,94), 0, 1
(94,13), 0, 1
(94,19), 0, 1
(94,21), 0, 1
(94,22), 0, 1
(94,24), 0, 1
(94,26), 0, 1
(94,35), 0, 1
(94,36), 0, 1
(94,41), 0, 1
(94,42), 0, 1
(94,49), 0, 1
(94,51), 0, 1
(94,52), 0, 1
(94,54), 0, 1
(94,57), 0, 1
(94,66), 0, 1
(94,72), 0, 1
(94,76), 0, 1
(94,82), 0, 1
(94,85), 0, 1
(94,86), 0, 1
(94,91), 0, 1
(95,4), 0, 1
(95,14), 0, 1
(95,34), 0, 1
(95,37), 0, 1
(95,55), 0, 1
(95,56), 0, 1
(95,61), 0, 1
(95,88), 0, 1
(95,90), 0, 1
(95,94), 0, 1
(96,1), 0, 1
(96,2), 0, 1
(96,3), 0, 1
(96,4), 0, 1
(96,5), 0, 1
(96,6), 0, 1
(96,8), 0, 1
(96,9), 0, 1
(96,12), 0, 1
(96,13), 0, 1
(96,14), 0, 1
(96,15), 0, 1
(96,16), 0, 1
(96,17), 0, 1
(96,19), 0, 1
(96,20), 0, 1
(96,21), 0, 1
(96,22), 0, 1
(96,24), 0, 1
(96,25), 0, 1
(96,26), 0, 1
(96,27), 0, 1
(96,29), 0, 1
(96,30), 0, 1
(96,31), 0, 1
(96,32), 0, 1
(96,33), 0, 1
(96,34), 0, 1
(96,35), 0, 1
(96,36), 0, 1
(96,37), 0, 1
(96,40), 0, 1
(96,41), 0, 1
(96,42), 0, 1
(96,44), 0, 1
(96,45), 0, 1
(96,46), 0, 1
(96,47), 0, 1
(96,49), 0, 1
(96,50), 0, 1
(96,53), 0, 1
(96,54), 0, 1
(96,55), 0, 1
(96,56), 0, 1
(96,57), 0, 1
(96,58), 0, 1
(96,60), 0, 1
(96,61), 0, 1
(96,66), 0, 1
(96,67), 0, 1
(96,70), 0, 1
(96,71), 0, 1
(96,75), 0, 1
(96,76), 0, 1
(96,78), 0, 1
(96,79), 0, 1
(96,80), 0, 1
(96,81), 0, 1
(96,82), 0, 1
(96,83), 0, 1
(96,84), 0, 1
(96,85), 0, 1
(96,86), 0, 1
(96,87), 0, 1
(96,88), 0, 1
(96,93), 0, 1
(96,94), 0, 1
(96,95), 0, 1
(97,0), 0, 1
(97,1), 0, 1
(97,2), 0, 1
(97,3), 0, 1
(97,4), 0, 1
(97,5), 0, 1
(97,6), 0, 1
(97,7), 0, 1
(97,8), 0, 1
(97,9), 0, 1
(97,10), 0, 1
(97,12), 0, 1
(97,13), 0, 1
(97,14), 0, 1
(97,15), 0, 1
(97,16), 0, 1
(97,17), 0, 1
(97,19), 0, 1
(97,20), 0, 1
(97,21), 0, 1
(97,22), 0, 1
(97,24), 0, 1
(97,26), 0, 1
(97,27), 0, 1
(97,29), 0, 1
(97,30), 0, 1
(97,31), 0, 1
(97,33), 0, 1
(97,34), 0, 1
(97,35), 0, 1
(97,36), 0, 1
(97,37), 0, 1
(97,38), 0, 1
(97,40), 0, 1
(97,41), 0, 1
(97,42), 0, 1
(97,44), 0, 1
(97,45), 0, 1
(97,47), 0, 1
(97,49), 0, 1
(97,50), 0, 1
(97,51), 0, 1
(97,52), 0, 1
(97,53), 0, 1
(97,54), 0, 1
(97,55), 0, 1
(97,56), 0, 1
(97,57), 0, 1
(97,58), 0, 1
(97,59), 0, 1
(97,60), 0, 1
(97,61), 0, 1
(97,67), 0, 1
(97,72), 0, 1
(97,73), 0, 1
(97,75), 0, 1
(97,76), 0, 1
(97,78), 0, 1
(97,79), 0, 1
(97,80), 0, 1
(97,81), 0, 1
(97,82), 0, 1
(97,83), 0, 1
(97,84), 0, 1
(97,86), 0, 1
(97,87), 0, 1
(97,88), 0, 1
(97,90), 0, 1
(97,92), 0, 1
(97,93), 0, 1
(97,94), 0, 1
(97,95), 0, 1
(98,0), 0, 1
(98,13), 0, 1
(98,19), 0, 1
(98,21), 0, 1
(98,24), 0, 1
(98,26), 0, 1
(98,35), 0, 1
(98,36), 0, 1
(98,41), 0, 1
(98,43), 0, 1
(98,46), 0, 1
(98,49), 0, 1
(98,51), 0, 1
(98,52), 0, 1
(98,54), 0, 1
(98,57), 0, 1
(98,66), 0, 1
(98,72), 0, 1
(98,76), 0, 1
(98,82), 0, 1
(98,85), 0, 1
(98,86), 0, 1
(98,91), 0, 1
(99,4), 0, 1
(99,14), 0, 1
(99,15), 0, 1
(99,34), 0, 1
(99,55), 0, 1
(99,56), 0, 1
(99,61), 0, 1
(99,90), 0, 1
(99,94), 0, 1
