Nr_Pairs = 97
Nr_NDD = 3
Nr_Arcs = 2001
0	0.5
1	0.28
2	0.5
3	0.10
4	0.5
5	0.5
6	0.32
7	0.28
8	0.5
9	0.5
10	0.5
11	0.92
12	0.32
13	0.28
14	0.10
15	0.28
16	0.5
17	0.28
18	0.5
19	0.28
20	0.28
21	0.5
22	0.28
23	0.5
24	0.5
25	0.5
26	0.5
27	0.5
28	0.10
29	0.5
30	0.5
31	0.5
32	0.32
33	0.5
34	0.5
35	0.5
36	0.5
37	0.90
38	0.5
39	0.28
40	0.5
41	0.5
42	0.28
43	0.10
44	0.10
45	0.5
46	0.90
47	0.5
48	0.10
49	0.28
50	0.5
51	0.5
52	0.28
53	0.10
54	0.5
55	0.5
56	0.28
57	0.10
58	0.5
59	0.5
60	0.32
61	0.5
62	0.5
63	0.28
64	0.28
65	0.90
66	0.32
67	0.5
68	0.90
69	0.10
70	0.5
71	0.5
72	0.28
73	0.5
74	0.5
75	0.10
76	0.5
77	0.90
78	0.5
79	0.5
80	0.90
81	0.5
82	0.5
83	0.10
84	0.10
85	0.5
86	0.5
87	0.5
88	0.5
89	0.28
90	0.5
91	0.10
92	0.5
93	0.32
94	0.5
95	0.28
96	0.92
97	0.0
98	0.0
99	0.0
(0,14), 0, 1
(0,26), 0, 1
(0,54), 0, 1
(0,69), 0, 1
(0,71), 0, 1
(0,76), 0, 1
(0,79), 0, 1
(1,6), 0, 1
(1,19), 0, 1
(1,21), 0, 1
(1,23), 0, 1
(1,31), 0, 1
(1,47), 0, 1
(1,48), 0, 1
(1,70), 0, 1
(1,74), 0, 1
(1,75), 0, 1
(1,91), 0, 1
(1,92), 0, 1
(1,94), 0, 1
(3,19), 0, 1
(3,21), 0, 1
(3,23), 0, 1
(3,31), 0, 1
(3,43), 0, 1
(3,47), 0, 1
(3,48), 0, 1
(3,70), 0, 1
(3,75), 0, 1
(3,91), 0, 1
(3,94), 0, 1
(4,14), 0, 1
(4,15), 0, 1
(4,26), 0, 1
(4,54), 0, 1
(4,69), 0, 1
(4,71), 0, 1
(4,76), 0, 1
(4,79), 0, 1
(4,81), 0, 1
(5,14), 0, 1
(5,15), 0, 1
(5,26), 0, 1
(5,54), 0, 1
(5,69), 0, 1
(5,71), 0, 1
(5,76), 0, 1
(5,79), 0, 1
(5,81), 0, 1
(6,0), 0, 1
(6,1), 0, 1
(6,2), 0, 1
(6,3), 0, 1
(6,4), 0, 1
(6,5), 0, 1
(6,8), 0, 1
(6,9), 0, 1
(6,10), 0, 1
(6,12), 0, 1
(6,13), 0, 1
(6,14), 0, 1
(6,16), 0, 1
(6,17), 0, 1
(6,18), 0, 1
(6,20), 0, 1
(6,21), 0, 1
(6,22), 0, 1
(6,23), 0, 1
(6,24), 0, 1
(6,25), 0, 1
(6,26), 0, 1
(6,28), 0, 1
(6,29), 0, 1
(6,30), 0, 1
(6,31), 0, 1
(6,33), 0, 1
(6,34), 0, 1
(6,35), 0, 1
(6,36), 0, 1
(6,37), 0, 1
(6,38), 0, 1
(6,40), 0, 1
(6,41), 0, 1
(6,42), 0, 1
(6,43), 0, 1
(6,44), 0, 1
(6,45), 0, 1
(6,47), 0, 1
(6,48), 0, 1
(6,49), 0, 1
(6,50), 0, 1
(6,51), 0, 1
(6,52), 0, 1
(6,53), 0, 1
(6,54), 0, 1
(6,55), 0, 1
(6,57), 0, 1
(6,58), 0, 1
(6,59), 0, 1
(6,61), 0, 1
(6,62), 0, 1
(6,63), 0, 1
(6,64), 0, 1
(6,67), 0, 1
(6,69), 0, 1
(6,70), 0, 1
(6,71), 0, 1
(6,72), 0, 1
(6,73), 0, 1
(6,74), 0, 1
(6,76), 0, 1
(6,77), 0, 1
(6,78), 0, 1
(6,79), 0, 1
(6,81), 0, 1
(6,82), 0, 1
(6,83), 0, 1
(6,84), 0, 1
(6,85), 0, 1
(6,86), 0, 1
(6,87), 0, 1
(6,88), 0, 1
(6,89), 0, 1
(6,90), 0, 1
(6,91), 0, 1
(6,92), 0, 1
(6,94), 0, 1
(6,95), 0, 1
(8,6), 0, 1
(8,19), 0, 1
(8,21), 0, 1
(8,23), 0, 1
(8,31), 0, 1
(8,43), 0, 1
(8,47), 0, 1
(8,48), 0, 1
(8,70), 0, 1
(8,74), 0, 1
(8,75), 0, 1
(8,91), 0, 1
(8,92), 0, 1
(8,94), 0, 1
(9,14), 0, 1
(9,15), 0, 1
(9,26), 0, 1
(9,54), 0, 1
(9,69), 0, 1
(9,71), 0, 1
(9,76), 0, 1
(9,79), 0, 1
(9,81), 0, 1
(10,14), 0, 1
(10,15), 0, 1
(10,26), 0, 1
(10,54), 0, 1
(10,69), 0, 1
(10,71), 0, 1
(10,76), 0, 1
(10,79), 0, 1
(10,81), 0, 1
(11,14), 0, 1
(11,15), 0, 1
(11,26), 0, 1
(11,54), 0, 1
(11,69), 0, 1
(11,71), 0, 1
(11,76), 0, 1
(11,79), 0, 1
(11,81), 0, 1
(12,19), 0, 1
(12,21), 0, 1
(12,23), 0, 1
(12,31), 0, 1
(12,43), 0, 1
(12,47), 0, 1
(12,70), 0, 1
(12,74), 0, 1
(12,75), 0, 1
(12,91), 0, 1
(12,92), 0, 1
(12,94), 0, 1
(13,14), 0, 1
(13,15), 0, 1
(13,26), 0, 1
(13,54), 0, 1
(13,69), 0, 1
(13,71), 0, 1
(13,76), 0, 1
(13,79), 0, 1
(13,81), 0, 1
(14,19), 0, 1
(14,23), 0, 1
(14,31), 0, 1
(14,43), 0, 1
(14,47), 0, 1
(14,48), 0, 1
(14,70), 0, 1
(14,74), 0, 1
(14,75), 0, 1
(14,91), 0, 1
(14,92), 0, 1
(14,94), 0, 1
(15,6), 0, 1
(15,19), 0, 1
(15,21), 0, 1
(15,23), 0, 1
(15,31), 0, 1
(15,43), 0, 1
(15,47), 0, 1
(15,70), 0, 1
(15,74), 0, 1
(15,75), 0, 1
(15,91), 0, 1
(15,92), 0, 1
(15,94), 0, 1
(17,14), 0, 1
(17,15), 0, 1
(17,26), 0, 1
(17,54), 0, 1
(17,71), 0, 1
(17,76), 0, 1
(17,79), 0, 1
(17,81), 0, 1
(18,19), 0, 1
(18,23), 0, 1
(18,31), 0, 1
(18,43), 0, 1
(18,47), 0, 1
(18,48), 0, 1
(18,70), 0, 1
(18,74), 0, 1
(18,75), 0, 1
(18,91), 0, 1
(18,94), 0, 1
(19,6), 0, 1
(19,21), 0, 1
(19,23), 0, 1
(19,31), 0, 1
(19,43), 0, 1
(19,47), 0, 1
(19,48), 0, 1
(19,70), 0, 1
(19,74), 0, 1
(19,75), 0, 1
(19,91), 0, 1
(19,92), 0, 1
(19,94), 0, 1
(20,6), 0, 1
(20,21), 0, 1
(20,23), 0, 1
(20,31), 0, 1
(20,43), 0, 1
(20,47), 0, 1
(20,48), 0, 1
(20,70), 0, 1
(20,74), 0, 1
(20,75), 0, 1
(20,91), 0, 1
(20,92), 0, 1
(20,94), 0, 1
(21,14), 0, 1
(21,15), 0, 1
(21,26), 0, 1
(21,54), 0, 1
(21,69), 0, 1
(21,71), 0, 1
(21,79), 0, 1
(21,81), 0, 1
(22,14), 0, 1
(22,15), 0, 1
(22,26), 0, 1
(22,69), 0, 1
(22,71), 0, 1
(22,76), 0, 1
(22,79), 0, 1
(22,81), 0, 1
(23,6), 0, 1
(23,21), 0, 1
(23,31), 0, 1
(23,47), 0, 1
(23,48), 0, 1
(23,70), 0, 1
(23,74), 0, 1
(23,75), 0, 1
(23,92), 0, 1
(23,94), 0, 1
(24,21), 0, 1
(24,23), 0, 1
(24,31), 0, 1
(24,43), 0, 1
(24,47), 0, 1
(24,65), 0, 1
(24,70), 0, 1
(24,74), 0, 1
(24,75), 0, 1
(24,91), 0, 1
(24,92), 0, 1
(24,94), 0, 1
(25,6), 0, 1
(25,21), 0, 1
(25,23), 0, 1
(25,31), 0, 1
(25,43), 0, 1
(25,47), 0, 1
(25,48), 0, 1
(25,70), 0, 1
(25,74), 0, 1
(25,91), 0, 1
(25,94), 0, 1
(26,6), 0, 1
(26,19), 0, 1
(26,21), 0, 1
(26,23), 0, 1
(26,31), 0, 1
(26,43), 0, 1
(26,47), 0, 1
(26,48), 0, 1
(26,70), 0, 1
(26,74), 0, 1
(26,75), 0, 1
(26,92), 0, 1
(26,94), 0, 1
(27,14), 0, 1
(27,15), 0, 1
(27,26), 0, 1
(27,54), 0, 1
(27,69), 0, 1
(27,71), 0, 1
(27,76), 0, 1
(27,79), 0, 1
(27,81), 0, 1
(28,6), 0, 1
(28,19), 0, 1
(28,21), 0, 1
(28,23), 0, 1
(28,43), 0, 1
(28,47), 0, 1
(28,48), 0, 1
(28,65), 0, 1
(28,70), 0, 1
(28,74), 0, 1
(28,75), 0, 1
(28,91), 0, 1
(28,92), 0, 1
(28,94), 0, 1
(29,14), 0, 1
(29,15), 0, 1
(29,26), 0, 1
(29,54), 0, 1
(29,69), 0, 1
(29,71), 0, 1
(29,76), 0, 1
(29,79), 0, 1
(29,81), 0, 1
(30,6), 0, 1
(30,19), 0, 1
(30,21), 0, 1
(30,23), 0, 1
(30,31), 0, 1
(30,43), 0, 1
(30,47), 0, 1
(30,48), 0, 1
(30,70), 0, 1
(30,74), 0, 1
(30,75), 0, 1
(30,91), 0, 1
(30,92), 0, 1
(30,94), 0, 1
(31,54), 0, 1
(31,69), 0, 1
(31,76), 0, 1
(31,79), 0, 1
(31,81), 0, 1
(32,0), 0, 1
(32,1), 0, 1
(32,2), 0, 1
(32,3), 0, 1
(32,4), 0, 1
(32,5), 0, 1
(32,6), 0, 1
(32,7), 0, 1
(32,8), 0, 1
(32,9), 0, 1
(32,10), 0, 1
(32,12), 0, 1
(32,13), 0, 1
(32,14), 0, 1
(32,15), 0, 1
(32,16), 0, 1
(32,18), 0, 1
(32,19), 0, 1
(32,20), 0, 1
(32,21), 0, 1
(32,22), 0, 1
(32,23), 0, 1
(32,24), 0, 1
(32,25), 0, 1
(32,26), 0, 1
(32,27), 0, 1
(32,28), 0, 1
(32,29), 0, 1
(32,30), 0, 1
(32,31), 0, 1
(32,34), 0, 1
(32,35), 0, 1
(32,36), 0, 1
(32,38), 0, 1
(32,40), 0, 1
(32,41), 0, 1
(32,42), 0, 1
(32,43), 0, 1
(32,44), 0, 1
(32,45), 0, 1
(32,47), 0, 1
(32,48), 0, 1
(32,50), 0, 1
(32,53), 0, 1
(32,54), 0, 1
(32,55), 0, 1
(32,56), 0, 1
(32,57), 0, 1
(32,58), 0, 1
(32,59), 0, 1
(32,60), 0, 1
(32,61), 0, 1
(32,62), 0, 1
(32,63), 0, 1
(32,66), 0, 1
(32,67), 0, 1
(32,69), 0, 1
(32,70), 0, 1
(32,71), 0, 1
(32,73), 0, 1
(32,74), 0, 1
(32,75), 0, 1
(32,76), 0, 1
(32,78), 0, 1
(32,79), 0, 1
(32,81), 0, 1
(32,82), 0, 1
(32,83), 0, 1
(32,84), 0, 1
(32,85), 0, 1
(32,86), 0, 1
(32,87), 0, 1
(32,88), 0, 1
(32,90), 0, 1
(32,91), 0, 1
(32,92), 0, 1
(32,93), 0, 1
(33,21), 0, 1
(33,23), 0, 1
(33,31), 0, 1
(33,43), 0, 1
(33,47), 0, 1
(33,48), 0, 1
(33,65), 0, 1
(33,70), 0, 1
(33,74), 0, 1
(33,75), 0, 1
(33,91), 0, 1
(33,94), 0, 1
(34,0), 0, 1
(34,1), 0, 1
(34,2), 0, 1
(34,3), 0, 1
(34,4), 0, 1
(34,5), 0, 1
(34,7), 0, 1
(34,8), 0, 1
(34,9), 0, 1
(34,13), 0, 1
(34,15), 0, 1
(34,16), 0, 1
(34,17), 0, 1
(34,18), 0, 1
(34,19), 0, 1
(34,20), 0, 1
(34,21), 0, 1
(34,23), 0, 1
(34,24), 0, 1
(34,25), 0, 1
(34,26), 0, 1
(34,27), 0, 1
(34,28), 0, 1
(34,29), 0, 1
(34,30), 0, 1
(34,31), 0, 1
(34,32), 0, 1
(34,33), 0, 1
(34,35), 0, 1
(34,36), 0, 1
(34,38), 0, 1
(34,39), 0, 1
(34,40), 0, 1
(34,41), 0, 1
(34,43), 0, 1
(34,44), 0, 1
(34,45), 0, 1
(34,47), 0, 1
(34,48), 0, 1
(34,49), 0, 1
(34,50), 0, 1
(34,51), 0, 1
(34,52), 0, 1
(34,53), 0, 1
(34,54), 0, 1
(34,55), 0, 1
(34,56), 0, 1
(34,57), 0, 1
(34,58), 0, 1
(34,59), 0, 1
(34,60), 0, 1
(34,61), 0, 1
(34,62), 0, 1
(34,63), 0, 1
(34,64), 0, 1
(34,66), 0, 1
(34,67), 0, 1
(34,69), 0, 1
(34,70), 0, 1
(34,71), 0, 1
(34,72), 0, 1
(34,73), 0, 1
(34,74), 0, 1
(34,75), 0, 1
(34,76), 0, 1
(34,77), 0, 1
(34,78), 0, 1
(34,79), 0, 1
(34,81), 0, 1
(34,82), 0, 1
(34,84), 0, 1
(34,85), 0, 1
(34,86), 0, 1
(34,87), 0, 1
(34,90), 0, 1
(34,91), 0, 1
(34,92), 0, 1
(34,94), 0, 1
(34,95), 0, 1
(35,6), 0, 1
(35,19), 0, 1
(35,21), 0, 1
(35,23), 0, 1
(35,31), 0, 1
(35,43), 0, 1
(35,47), 0, 1
(35,48), 0, 1
(35,70), 0, 1
(35,74), 0, 1
(35,75), 0, 1
(35,92), 0, 1
(35,94), 0, 1
(36,19), 0, 1
(36,21), 0, 1
(36,23), 0, 1
(36,31), 0, 1
(36,43), 0, 1
(36,47), 0, 1
(36,70), 0, 1
(36,74), 0, 1
(36,77), 0, 1
(36,91), 0, 1
(36,92), 0, 1
(36,94), 0, 1
(38,6), 0, 1
(38,21), 0, 1
(38,23), 0, 1
(38,31), 0, 1
(38,47), 0, 1
(38,48), 0, 1
(38,70), 0, 1
(38,74), 0, 1
(38,75), 0, 1
(38,91), 0, 1
(38,92), 0, 1
(38,94), 0, 1
(39,6), 0, 1
(39,21), 0, 1
(39,23), 0, 1
(39,31), 0, 1
(39,43), 0, 1
(39,47), 0, 1
(39,48), 0, 1
(39,74), 0, 1
(39,75), 0, 1
(39,91), 0, 1
(39,92), 0, 1
(39,94), 0, 1
(40,14), 0, 1
(40,15), 0, 1
(40,26), 0, 1
(40,54), 0, 1
(40,71), 0, 1
(40,76), 0, 1
(40,79), 0, 1
(40,81), 0, 1
(41,21), 0, 1
(41,23), 0, 1
(41,31), 0, 1
(41,43), 0, 1
(41,47), 0, 1
(41,48), 0, 1
(41,70), 0, 1
(41,74), 0, 1
(41,75), 0, 1
(41,91), 0, 1
(41,92), 0, 1
(41,94), 0, 1
(42,19), 0, 1
(42,21), 0, 1
(42,23), 0, 1
(42,31), 0, 1
(42,43), 0, 1
(42,47), 0, 1
(42,48), 0, 1
(42,70), 0, 1
(42,74), 0, 1
(42,75), 0, 1
(42,91), 0, 1
(42,92), 0, 1
(42,94), 0, 1
(43,0), 0, 1
(43,1), 0, 1
(43,2), 0, 1
(43,3), 0, 1
(43,4), 0, 1
(43,5), 0, 1
(43,6), 0, 1
(43,7), 0, 1
(43,8), 0, 1
(43,9), 0, 1
(43,10), 0, 1
(43,14), 0, 1
(43,15), 0, 1
(43,16), 0, 1
(43,17), 0, 1
(43,18), 0, 1
(43,19), 0, 1
(43,20), 0, 1
(43,21), 0, 1
(43,23), 0, 1
(43,24), 0, 1
(43,25), 0, 1
(43,26), 0, 1
(43,27), 0, 1
(43,28), 0, 1
(43,29), 0, 1
(43,30), 0, 1
(43,31), 0, 1
(43,32), 0, 1
(43,34), 0, 1
(43,35), 0, 1
(43,36), 0, 1
(43,38), 0, 1
(43,40), 0, 1
(43,41), 0, 1
(43,44), 0, 1
(43,45), 0, 1
(43,47), 0, 1
(43,48), 0, 1
(43,49), 0, 1
(43,50), 0, 1
(43,51), 0, 1
(43,52), 0, 1
(43,53), 0, 1
(43,54), 0, 1
(43,55), 0, 1
(43,57), 0, 1
(43,58), 0, 1
(43,59), 0, 1
(43,61), 0, 1
(43,62), 0, 1
(43,63), 0, 1
(43,64), 0, 1
(43,66), 0, 1
(43,69), 0, 1
(43,71), 0, 1
(43,72), 0, 1
(43,73), 0, 1
(43,75), 0, 1
(43,76), 0, 1
(43,78), 0, 1
(43,79), 0, 1
(43,80), 0, 1
(43,81), 0, 1
(43,82), 0, 1
(43,83), 0, 1
(43,84), 0, 1
(43,85), 0, 1
(43,86), 0, 1
(43,87), 0, 1
(43,88), 0, 1
(43,89), 0, 1
(43,90), 0, 1
(43,91), 0, 1
(43,92), 0, 1
(43,94), 0, 1
(43,95), 0, 1
(44,6), 0, 1
(44,19), 0, 1
(44,21), 0, 1
(44,31), 0, 1
(44,47), 0, 1
(44,48), 0, 1
(44,70), 0, 1
(44,74), 0, 1
(44,75), 0, 1
(44,91), 0, 1
(44,92), 0, 1
(44,94), 0, 1
(45,14), 0, 1
(45,15), 0, 1
(45,26), 0, 1
(45,54), 0, 1
(45,69), 0, 1
(45,71), 0, 1
(45,76), 0, 1
(45,79), 0, 1
(45,81), 0, 1
(46,0), 0, 1
(46,1), 0, 1
(46,3), 0, 1
(46,4), 0, 1
(46,5), 0, 1
(46,8), 0, 1
(46,9), 0, 1
(46,10), 0, 1
(46,12), 0, 1
(46,13), 0, 1
(46,14), 0, 1
(46,15), 0, 1
(46,16), 0, 1
(46,17), 0, 1
(46,18), 0, 1
(46,19), 0, 1
(46,21), 0, 1
(46,22), 0, 1
(46,23), 0, 1
(46,24), 0, 1
(46,25), 0, 1
(46,26), 0, 1
(46,27), 0, 1
(46,29), 0, 1
(46,30), 0, 1
(46,31), 0, 1
(46,32), 0, 1
(46,33), 0, 1
(46,34), 0, 1
(46,35), 0, 1
(46,38), 0, 1
(46,39), 0, 1
(46,40), 0, 1
(46,41), 0, 1
(46,42), 0, 1
(46,43), 0, 1
(46,44), 0, 1
(46,45), 0, 1
(46,47), 0, 1
(46,48), 0, 1
(46,49), 0, 1
(46,50), 0, 1
(46,51), 0, 1
(46,52), 0, 1
(46,53), 0, 1
(46,54), 0, 1
(46,55), 0, 1
(46,57), 0, 1
(46,58), 0, 1
(46,59), 0, 1
(46,62), 0, 1
(46,63), 0, 1
(46,64), 0, 1
(46,67), 0, 1
(46,69), 0, 1
(46,70), 0, 1
(46,71), 0, 1
(46,72), 0, 1
(46,73), 0, 1
(46,74), 0, 1
(46,75), 0, 1
(46,76), 0, 1
(46,77), 0, 1
(46,78), 0, 1
(46,79), 0, 1
(46,81), 0, 1
(46,82), 0, 1
(46,83), 0, 1
(46,84), 0, 1
(46,85), 0, 1
(46,86), 0, 1
(46,88), 0, 1
(46,89), 0, 1
(46,90), 0, 1
(46,91), 0, 1
(46,92), 0, 1
(46,93), 0, 1
(46,94), 0, 1
(48,15), 0, 1
(48,26), 0, 1
(48,54), 0, 1
(48,69), 0, 1
(48,71), 0, 1
(48,76), 0, 1
(48,79), 0, 1
(48,81), 0, 1
(49,0), 0, 1
(49,1), 0, 1
(49,2), 0, 1
(49,3), 0, 1
(49,4), 0, 1
(49,5), 0, 1
(49,7), 0, 1
(49,8), 0, 1
(49,9), 0, 1
(49,10), 0, 1
(49,14), 0, 1
(49,15), 0, 1
(49,16), 0, 1
(49,17), 0, 1
(49,18), 0, 1
(49,19), 0, 1
(49,20), 0, 1
(49,21), 0, 1
(49,22), 0, 1
(49,23), 0, 1
(49,24), 0, 1
(49,25), 0, 1
(49,26), 0, 1
(49,27), 0, 1
(49,28), 0, 1
(49,29), 0, 1
(49,30), 0, 1
(49,31), 0, 1
(49,32), 0, 1
(49,33), 0, 1
(49,34), 0, 1
(49,36), 0, 1
(49,39), 0, 1
(49,40), 0, 1
(49,41), 0, 1
(49,43), 0, 1
(49,44), 0, 1
(49,45), 0, 1
(49,47), 0, 1
(49,48), 0, 1
(49,50), 0, 1
(49,51), 0, 1
(49,52), 0, 1
(49,53), 0, 1
(49,54), 0, 1
(49,55), 0, 1
(49,58), 0, 1
(49,59), 0, 1
(49,61), 0, 1
(49,62), 0, 1
(49,63), 0, 1
(49,64), 0, 1
(49,66), 0, 1
(49,67), 0, 1
(49,69), 0, 1
(49,70), 0, 1
(49,71), 0, 1
(49,72), 0, 1
(49,73), 0, 1
(49,74), 0, 1
(49,75), 0, 1
(49,76), 0, 1
(49,78), 0, 1
(49,79), 0, 1
(49,81), 0, 1
(49,82), 0, 1
(49,83), 0, 1
(49,84), 0, 1
(49,85), 0, 1
(49,86), 0, 1
(49,87), 0, 1
(49,89), 0, 1
(49,91), 0, 1
(49,92), 0, 1
(49,93), 0, 1
(49,94), 0, 1
(49,95), 0, 1
(50,6), 0, 1
(50,19), 0, 1
(50,23), 0, 1
(50,31), 0, 1
(50,43), 0, 1
(50,47), 0, 1
(50,48), 0, 1
(50,65), 0, 1
(50,70), 0, 1
(50,74), 0, 1
(50,75), 0, 1
(50,91), 0, 1
(50,92), 0, 1
(50,94), 0, 1
(51,14), 0, 1
(51,15), 0, 1
(51,26), 0, 1
(51,54), 0, 1
(51,69), 0, 1
(51,71), 0, 1
(51,76), 0, 1
(51,79), 0, 1
(51,81), 0, 1
(52,6), 0, 1
(52,19), 0, 1
(52,21), 0, 1
(52,23), 0, 1
(52,31), 0, 1
(52,43), 0, 1
(52,47), 0, 1
(52,48), 0, 1
(52,70), 0, 1
(52,74), 0, 1
(52,75), 0, 1
(52,91), 0, 1
(52,92), 0, 1
(52,94), 0, 1
(53,14), 0, 1
(53,26), 0, 1
(53,54), 0, 1
(53,69), 0, 1
(53,71), 0, 1
(53,76), 0, 1
(53,79), 0, 1
(53,81), 0, 1
(54,19), 0, 1
(54,21), 0, 1
(54,23), 0, 1
(54,31), 0, 1
(54,43), 0, 1
(54,47), 0, 1
(54,48), 0, 1
(54,74), 0, 1
(54,75), 0, 1
(54,91), 0, 1
(54,92), 0, 1
(54,94), 0, 1
(55,6), 0, 1
(55,21), 0, 1
(55,23), 0, 1
(55,31), 0, 1
(55,43), 0, 1
(55,47), 0, 1
(55,70), 0, 1
(55,74), 0, 1
(55,91), 0, 1
(55,92), 0, 1
(55,94), 0, 1
(56,19), 0, 1
(56,21), 0, 1
(56,23), 0, 1
(56,31), 0, 1
(56,43), 0, 1
(56,47), 0, 1
(56,48), 0, 1
(56,70), 0, 1
(56,74), 0, 1
(56,91), 0, 1
(56,92), 0, 1
(56,94), 0, 1
(58,19), 0, 1
(58,21), 0, 1
(58,23), 0, 1
(58,31), 0, 1
(58,43), 0, 1
(58,47), 0, 1
(58,48), 0, 1
(58,70), 0, 1
(58,74), 0, 1
(58,91), 0, 1
(58,92), 0, 1
(58,94), 0, 1
(59,19), 0, 1
(59,21), 0, 1
(59,23), 0, 1
(59,31), 0, 1
(59,43), 0, 1
(59,47), 0, 1
(59,48), 0, 1
(59,70), 0, 1
(59,74), 0, 1
(59,75), 0, 1
(59,91), 0, 1
(59,92), 0, 1
(59,94), 0, 1
(60,19), 0, 1
(60,21), 0, 1
(60,23), 0, 1
(60,31), 0, 1
(60,43), 0, 1
(60,47), 0, 1
(60,48), 0, 1
(60,74), 0, 1
(60,75), 0, 1
(60,91), 0, 1
(60,92), 0, 1
(60,94), 0, 1
(61,6), 0, 1
(61,19), 0, 1
(61,21), 0, 1
(61,23), 0, 1
(61,31), 0, 1
(61,43), 0, 1
(61,47), 0, 1
(61,48), 0, 1
(61,70), 0, 1
(61,74), 0, 1
(61,75), 0, 1
(61,92), 0, 1
(61,94), 0, 1
(62,14), 0, 1
(62,15), 0, 1
(62,26), 0, 1
(62,54), 0, 1
(62,69), 0, 1
(62,71), 0, 1
(62,76), 0, 1
(62,79), 0, 1
(63,15), 0, 1
(63,26), 0, 1
(63,54), 0, 1
(63,69), 0, 1
(63,71), 0, 1
(63,76), 0, 1
(63,79), 0, 1
(63,81), 0, 1
(64,6), 0, 1
(64,19), 0, 1
(64,21), 0, 1
(64,23), 0, 1
(64,31), 0, 1
(64,43), 0, 1
(64,47), 0, 1
(64,48), 0, 1
(64,70), 0, 1
(64,74), 0, 1
(64,75), 0, 1
(64,91), 0, 1
(64,92), 0, 1
(64,94), 0, 1
(65,0), 0, 1
(65,1), 0, 1
(65,2), 0, 1
(65,3), 0, 1
(65,4), 0, 1
(65,5), 0, 1
(65,6), 0, 1
(65,7), 0, 1
(65,8), 0, 1
(65,9), 0, 1
(65,10), 0, 1
(65,12), 0, 1
(65,13), 0, 1
(65,14), 0, 1
(65,16), 0, 1
(65,18), 0, 1
(65,20), 0, 1
(65,21), 0, 1
(65,22), 0, 1
(65,23), 0, 1
(65,24), 0, 1
(65,25), 0, 1
(65,26), 0, 1
(65,27), 0, 1
(65,28), 0, 1
(65,29), 0, 1
(65,30), 0, 1
(65,31), 0, 1
(65,33), 0, 1
(65,34), 0, 1
(65,35), 0, 1
(65,36), 0, 1
(65,38), 0, 1
(65,39), 0, 1
(65,40), 0, 1
(65,41), 0, 1
(65,42), 0, 1
(65,43), 0, 1
(65,44), 0, 1
(65,45), 0, 1
(65,47), 0, 1
(65,48), 0, 1
(65,50), 0, 1
(65,51), 0, 1
(65,53), 0, 1
(65,55), 0, 1
(65,56), 0, 1
(65,57), 0, 1
(65,58), 0, 1
(65,59), 0, 1
(65,61), 0, 1
(65,62), 0, 1
(65,63), 0, 1
(65,66), 0, 1
(65,67), 0, 1
(65,69), 0, 1
(65,70), 0, 1
(65,71), 0, 1
(65,72), 0, 1
(65,73), 0, 1
(65,74), 0, 1
(65,75), 0, 1
(65,76), 0, 1
(65,78), 0, 1
(65,79), 0, 1
(65,81), 0, 1
(65,82), 0, 1
(65,83), 0, 1
(65,84), 0, 1
(65,85), 0, 1
(65,86), 0, 1
(65,87), 0, 1
(65,88), 0, 1
(65,89), 0, 1
(65,90), 0, 1
(65,91), 0, 1
(65,93), 0, 1
(65,94), 0, 1
(65,95), 0, 1
(66,6), 0, 1
(66,19), 0, 1
(66,21), 0, 1
(66,23), 0, 1
(66,31), 0, 1
(66,43), 0, 1
(66,47), 0, 1
(66,70), 0, 1
(66,74), 0, 1
(66,75), 0, 1
(66,91), 0, 1
(66,92), 0, 1
(66,94), 0, 1
(67,14), 0, 1
(67,15), 0, 1
(67,26), 0, 1
(67,54), 0, 1
(67,69), 0, 1
(67,71), 0, 1
(67,76), 0, 1
(67,79), 0, 1
(67,81), 0, 1
(68,0), 0, 1
(68,2), 0, 1
(68,3), 0, 1
(68,4), 0, 1
(68,5), 0, 1
(68,8), 0, 1
(68,9), 0, 1
(68,10), 0, 1
(68,13), 0, 1
(68,14), 0, 1
(68,16), 0, 1
(68,17), 0, 1
(68,18), 0, 1
(68,20), 0, 1
(68,21), 0, 1
(68,22), 0, 1
(68,23), 0, 1
(68,24), 0, 1
(68,25), 0, 1
(68,26), 0, 1
(68,27), 0, 1
(68,28), 0, 1
(68,30), 0, 1
(68,31), 0, 1
(68,32), 0, 1
(68,34), 0, 1
(68,35), 0, 1
(68,36), 0, 1
(68,38), 0, 1
(68,39), 0, 1
(68,40), 0, 1
(68,41), 0, 1
(68,42), 0, 1
(68,43), 0, 1
(68,44), 0, 1
(68,45), 0, 1
(68,48), 0, 1
(68,50), 0, 1
(68,51), 0, 1
(68,52), 0, 1
(68,53), 0, 1
(68,54), 0, 1
(68,55), 0, 1
(68,57), 0, 1
(68,58), 0, 1
(68,59), 0, 1
(68,60), 0, 1
(68,61), 0, 1
(68,62), 0, 1
(68,63), 0, 1
(68,64), 0, 1
(68,66), 0, 1
(68,67), 0, 1
(68,69), 0, 1
(68,70), 0, 1
(68,71), 0, 1
(68,72), 0, 1
(68,73), 0, 1
(68,74), 0, 1
(68,75), 0, 1
(68,76), 0, 1
(68,78), 0, 1
(68,79), 0, 1
(68,81), 0, 1
(68,82), 0, 1
(68,83), 0, 1
(68,84), 0, 1
(68,85), 0, 1
(68,86), 0, 1
(68,87), 0, 1
(68,88), 0, 1
(68,89), 0, 1
(68,90), 0, 1
(68,91), 0, 1
(68,92), 0, 1
(68,93), 0, 1
(68,94), 0, 1
(68,95), 0, 1
(70,14), 0, 1
(70,26), 0, 1
(70,54), 0, 1
(70,69), 0, 1
(70,71), 0, 1
(70,76), 0, 1
(70,79), 0, 1
(70,81), 0, 1
(71,6), 0, 1
(71,19), 0, 1
(71,21), 0, 1
(71,23), 0, 1
(71,31), 0, 1
(71,43), 0, 1
(71,47), 0, 1
(71,48), 0, 1
(71,70), 0, 1
(71,74), 0, 1
(71,91), 0, 1
(71,92), 0, 1
(71,94), 0, 1
(72,6), 0, 1
(72,21), 0, 1
(72,23), 0, 1
(72,31), 0, 1
(72,43), 0, 1
(72,47), 0, 1
(72,48), 0, 1
(72,70), 0, 1
(72,74), 0, 1
(72,75), 0, 1
(72,91), 0, 1
(72,92), 0, 1
(72,94), 0, 1
(73,6), 0, 1
(73,19), 0, 1
(73,21), 0, 1
(73,23), 0, 1
(73,31), 0, 1
(73,43), 0, 1
(73,47), 0, 1
(73,48), 0, 1
(73,70), 0, 1
(73,74), 0, 1
(73,91), 0, 1
(73,92), 0, 1
(73,94), 0, 1
(74,14), 0, 1
(74,26), 0, 1
(74,54), 0, 1
(74,69), 0, 1
(74,71), 0, 1
(74,76), 0, 1
(74,79), 0, 1
(74,81), 0, 1
(75,14), 0, 1
(75,15), 0, 1
(75,26), 0, 1
(75,54), 0, 1
(75,69), 0, 1
(75,71), 0, 1
(75,76), 0, 1
(75,79), 0, 1
(75,81), 0, 1
(76,6), 0, 1
(76,19), 0, 1
(76,21), 0, 1
(76,23), 0, 1
(76,31), 0, 1
(76,43), 0, 1
(76,47), 0, 1
(76,48), 0, 1
(76,74), 0, 1
(76,75), 0, 1
(76,91), 0, 1
(76,92), 0, 1
(76,94), 0, 1
(77,0), 0, 1
(77,2), 0, 1
(77,3), 0, 1
(77,4), 0, 1
(77,5), 0, 1
(77,6), 0, 1
(77,8), 0, 1
(77,9), 0, 1
(77,10), 0, 1
(77,12), 0, 1
(77,14), 0, 1
(77,16), 0, 1
(77,17), 0, 1
(77,18), 0, 1
(77,19), 0, 1
(77,20), 0, 1
(77,21), 0, 1
(77,23), 0, 1
(77,24), 0, 1
(77,25), 0, 1
(77,26), 0, 1
(77,27), 0, 1
(77,28), 0, 1
(77,29), 0, 1
(77,30), 0, 1
(77,31), 0, 1
(77,32), 0, 1
(77,33), 0, 1
(77,34), 0, 1
(77,35), 0, 1
(77,36), 0, 1
(77,38), 0, 1
(77,39), 0, 1
(77,40), 0, 1
(77,41), 0, 1
(77,42), 0, 1
(77,43), 0, 1
(77,45), 0, 1
(77,47), 0, 1
(77,48), 0, 1
(77,50), 0, 1
(77,51), 0, 1
(77,52), 0, 1
(77,53), 0, 1
(77,54), 0, 1
(77,55), 0, 1
(77,56), 0, 1
(77,57), 0, 1
(77,58), 0, 1
(77,59), 0, 1
(77,60), 0, 1
(77,61), 0, 1
(77,62), 0, 1
(77,66), 0, 1
(77,67), 0, 1
(77,69), 0, 1
(77,70), 0, 1
(77,71), 0, 1
(77,72), 0, 1
(77,73), 0, 1
(77,74), 0, 1
(77,75), 0, 1
(77,76), 0, 1
(77,78), 0, 1
(77,79), 0, 1
(77,81), 0, 1
(77,82), 0, 1
(77,84), 0, 1
(77,85), 0, 1
(77,86), 0, 1
(77,87), 0, 1
(77,88), 0, 1
(77,89), 0, 1
(77,91), 0, 1
(77,92), 0, 1
(77,94), 0, 1
(77,95), 0, 1
(78,6), 0, 1
(78,19), 0, 1
(78,21), 0, 1
(78,23), 0, 1
(78,31), 0, 1
(78,43), 0, 1
(78,47), 0, 1
(78,48), 0, 1
(78,70), 0, 1
(78,74), 0, 1
(78,75), 0, 1
(78,91), 0, 1
(78,92), 0, 1
(78,94), 0, 1
(79,0), 0, 1
(79,1), 0, 1
(79,2), 0, 1
(79,3), 0, 1
(79,4), 0, 1
(79,5), 0, 1
(79,7), 0, 1
(79,8), 0, 1
(79,9), 0, 1
(79,10), 0, 1
(79,12), 0, 1
(79,13), 0, 1
(79,14), 0, 1
(79,16), 0, 1
(79,17), 0, 1
(79,18), 0, 1
(79,21), 0, 1
(79,22), 0, 1
(79,23), 0, 1
(79,24), 0, 1
(79,25), 0, 1
(79,27), 0, 1
(79,29), 0, 1
(79,30), 0, 1
(79,31), 0, 1
(79,33), 0, 1
(79,34), 0, 1
(79,35), 0, 1
(79,36), 0, 1
(79,38), 0, 1
(79,39), 0, 1
(79,40), 0, 1
(79,41), 0, 1
(79,43), 0, 1
(79,44), 0, 1
(79,45), 0, 1
(79,47), 0, 1
(79,48), 0, 1
(79,50), 0, 1
(79,51), 0, 1
(79,53), 0, 1
(79,54), 0, 1
(79,55), 0, 1
(79,56), 0, 1
(79,57), 0, 1
(79,58), 0, 1
(79,59), 0, 1
(79,60), 0, 1
(79,61), 0, 1
(79,63), 0, 1
(79,64), 0, 1
(79,66), 0, 1
(79,67), 0, 1
(79,68), 0, 1
(79,70), 0, 1
(79,71), 0, 1
(79,72), 0, 1
(79,73), 0, 1
(79,74), 0, 1
(79,75), 0, 1
(79,76), 0, 1
(79,78), 0, 1
(79,81), 0, 1
(79,82), 0, 1
(79,83), 0, 1
(79,84), 0, 1
(79,85), 0, 1
(79,86), 0, 1
(79,87), 0, 1
(79,88), 0, 1
(79,89), 0, 1
(79,90), 0, 1
(79,91), 0, 1
(79,92), 0, 1
(79,93), 0, 1
(79,94), 0, 1
(80,0), 0, 1
(80,2), 0, 1
(80,3), 0, 1
(80,4), 0, 1
(80,5), 0, 1
(80,7), 0, 1
(80,8), 0, 1
(80,9), 0, 1
(80,10), 0, 1
(80,13), 0, 1
(80,14), 0, 1
(80,15), 0, 1
(80,16), 0, 1
(80,17), 0, 1
(80,18), 0, 1
(80,20), 0, 1
(80,21), 0, 1
(80,22), 0, 1
(80,23), 0, 1
(80,24), 0, 1
(80,25), 0, 1
(80,26), 0, 1
(80,27), 0, 1
(80,28), 0, 1
(80,29), 0, 1
(80,30), 0, 1
(80,31), 0, 1
(80,32), 0, 1
(80,33), 0, 1
(80,34), 0, 1
(80,35), 0, 1
(80,36), 0, 1
(80,37), 0, 1
(80,39), 0, 1
(80,40), 0, 1
(80,41), 0, 1
(80,43), 0, 1
(80,44), 0, 1
(80,45), 0, 1
(80,47), 0, 1
(80,48), 0, 1
(80,49), 0, 1
(80,50), 0, 1
(80,51), 0, 1
(80,53), 0, 1
(80,54), 0, 1
(80,55), 0, 1
(80,57), 0, 1
(80,58), 0, 1
(80,59), 0, 1
(80,60), 0, 1
(80,61), 0, 1
(80,62), 0, 1
(80,63), 0, 1
(80,67), 0, 1
(80,69), 0, 1
(80,70), 0, 1
(80,71), 0, 1
(80,72), 0, 1
(80,73), 0, 1
(80,74), 0, 1
(80,75), 0, 1
(80,76), 0, 1
(80,78), 0, 1
(80,79), 0, 1
(80,81), 0, 1
(80,82), 0, 1
(80,83), 0, 1
(80,84), 0, 1
(80,85), 0, 1
(80,86), 0, 1
(80,87), 0, 1
(80,88), 0, 1
(80,89), 0, 1
(80,90), 0, 1
(80,91), 0, 1
(80,92), 0, 1
(80,93), 0, 1
(80,94), 0, 1
(80,95), 0, 1
(81,19), 0, 1
(81,21), 0, 1
(81,23), 0, 1
(81,31), 0, 1
(81,43), 0, 1
(81,47), 0, 1
(81,48), 0, 1
(81,70), 0, 1
(81,74), 0, 1
(81,91), 0, 1
(81,92), 0, 1
(81,94), 0, 1
(82,6), 0, 1
(82,19), 0, 1
(82,21), 0, 1
(82,23), 0, 1
(82,31), 0, 1
(82,43), 0, 1
(82,47), 0, 1
(82,70), 0, 1
(82,74), 0, 1
(82,75), 0, 1
(82,91), 0, 1
(82,92), 0, 1
(82,94), 0, 1
(83,0), 0, 1
(83,1), 0, 1
(83,2), 0, 1
(83,3), 0, 1
(83,6), 0, 1
(83,7), 0, 1
(83,8), 0, 1
(83,9), 0, 1
(83,10), 0, 1
(83,14), 0, 1
(83,15), 0, 1
(83,16), 0, 1
(83,17), 0, 1
(83,18), 0, 1
(83,20), 0, 1
(83,21), 0, 1
(83,22), 0, 1
(83,23), 0, 1
(83,24), 0, 1
(83,25), 0, 1
(83,26), 0, 1
(83,27), 0, 1
(83,28), 0, 1
(83,29), 0, 1
(83,30), 0, 1
(83,31), 0, 1
(83,32), 0, 1
(83,33), 0, 1
(83,34), 0, 1
(83,35), 0, 1
(83,36), 0, 1
(83,38), 0, 1
(83,39), 0, 1
(83,40), 0, 1
(83,41), 0, 1
(83,42), 0, 1
(83,43), 0, 1
(83,44), 0, 1
(83,45), 0, 1
(83,47), 0, 1
(83,48), 0, 1
(83,49), 0, 1
(83,50), 0, 1
(83,51), 0, 1
(83,52), 0, 1
(83,53), 0, 1
(83,54), 0, 1
(83,55), 0, 1
(83,56), 0, 1
(83,57), 0, 1
(83,59), 0, 1
(83,60), 0, 1
(83,61), 0, 1
(83,62), 0, 1
(83,66), 0, 1
(83,67), 0, 1
(83,69), 0, 1
(83,70), 0, 1
(83,71), 0, 1
(83,72), 0, 1
(83,73), 0, 1
(83,74), 0, 1
(83,75), 0, 1
(83,76), 0, 1
(83,78), 0, 1
(83,79), 0, 1
(83,82), 0, 1
(83,84), 0, 1
(83,85), 0, 1
(83,86), 0, 1
(83,87), 0, 1
(83,88), 0, 1
(83,89), 0, 1
(83,90), 0, 1
(83,91), 0, 1
(83,92), 0, 1
(83,93), 0, 1
(83,94), 0, 1
(84,6), 0, 1
(84,19), 0, 1
(84,21), 0, 1
(84,23), 0, 1
(84,31), 0, 1
(84,43), 0, 1
(84,47), 0, 1
(84,48), 0, 1
(84,70), 0, 1
(84,74), 0, 1
(84,75), 0, 1
(84,91), 0, 1
(84,92), 0, 1
(84,94), 0, 1
(85,6), 0, 1
(85,21), 0, 1
(85,31), 0, 1
(85,43), 0, 1
(85,47), 0, 1
(85,48), 0, 1
(85,70), 0, 1
(85,74), 0, 1
(85,75), 0, 1
(85,92), 0, 1
(85,94), 0, 1
(87,14), 0, 1
(87,15), 0, 1
(87,26), 0, 1
(87,54), 0, 1
(87,69), 0, 1
(87,71), 0, 1
(87,76), 0, 1
(87,79), 0, 1
(87,81), 0, 1
(88,6), 0, 1
(88,21), 0, 1
(88,23), 0, 1
(88,31), 0, 1
(88,43), 0, 1
(88,47), 0, 1
(88,48), 0, 1
(88,70), 0, 1
(88,74), 0, 1
(88,91), 0, 1
(88,92), 0, 1
(89,14), 0, 1
(89,26), 0, 1
(89,54), 0, 1
(89,69), 0, 1
(89,71), 0, 1
(89,76), 0, 1
(89,79), 0, 1
(89,81), 0, 1
(90,19), 0, 1
(90,21), 0, 1
(90,23), 0, 1
(90,31), 0, 1
(90,43), 0, 1
(90,47), 0, 1
(90,48), 0, 1
(90,70), 0, 1
(90,74), 0, 1
(90,91), 0, 1
(90,92), 0, 1
(90,94), 0, 1
(91,14), 0, 1
(91,26), 0, 1
(91,54), 0, 1
(91,69), 0, 1
(91,71), 0, 1
(91,76), 0, 1
(91,79), 0, 1
(92,14), 0, 1
(92,15), 0, 1
(92,26), 0, 1
(92,54), 0, 1
(92,69), 0, 1
(92,71), 0, 1
(92,76), 0, 1
(92,79), 0, 1
(92,81), 0, 1
(93,6), 0, 1
(93,19), 0, 1
(93,21), 0, 1
(93,23), 0, 1
(93,31), 0, 1
(93,43), 0, 1
(93,47), 0, 1
(93,48), 0, 1
(93,70), 0, 1
(93,74), 0, 1
(93,75), 0, 1
(93,91), 0, 1
(93,92), 0, 1
(93,94), 0, 1
(94,26), 0, 1
(94,54), 0, 1
(94,71), 0, 1
(94,76), 0, 1
(94,79), 0, 1
(94,81), 0, 1
(95,0), 0, 1
(95,2), 0, 1
(95,3), 0, 1
(95,4), 0, 1
(95,5), 0, 1
(95,6), 0, 1
(95,7), 0, 1
(95,8), 0, 1
(95,9), 0, 1
(95,10), 0, 1
(95,13), 0, 1
(95,14), 0, 1
(95,15), 0, 1
(95,16), 0, 1
(95,17), 0, 1
(95,18), 0, 1
(95,19), 0, 1
(95,20), 0, 1
(95,21), 0, 1
(95,22), 0, 1
(95,23), 0, 1
(95,25), 0, 1
(95,26), 0, 1
(95,28), 0, 1
(95,29), 0, 1
(95,31), 0, 1
(95,33), 0, 1
(95,34), 0, 1
(95,35), 0, 1
(95,38), 0, 1
(95,40), 0, 1
(95,41), 0, 1
(95,42), 0, 1
(95,43), 0, 1
(95,44), 0, 1
(95,45), 0, 1
(95,47), 0, 1
(95,50), 0, 1
(95,51), 0, 1
(95,52), 0, 1
(95,53), 0, 1
(95,54), 0, 1
(95,55), 0, 1
(95,57), 0, 1
(95,59), 0, 1
(95,61), 0, 1
(95,62), 0, 1
(95,63), 0, 1
(95,64), 0, 1
(95,66), 0, 1
(95,67), 0, 1
(95,69), 0, 1
(95,70), 0, 1
(95,71), 0, 1
(95,72), 0, 1
(95,73), 0, 1
(95,74), 0, 1
(95,75), 0, 1
(95,76), 0, 1
(95,78), 0, 1
(95,79), 0, 1
(95,81), 0, 1
(95,82), 0, 1
(95,83), 0, 1
(95,85), 0, 1
(95,87), 0, 1
(95,88), 0, 1
(95,89), 0, 1
(95,90), 0, 1
(95,92), 0, 1
(95,94), 0, 1
(96,19), 0, 1
(96,21), 0, 1
(96,23), 0, 1
(96,31), 0, 1
(96,43), 0, 1
(96,47), 0, 1
(96,48), 0, 1
(96,70), 0, 1
(96,74), 0, 1
(96,75), 0, 1
(96,91), 0, 1
(96,92), 0, 1
(96,94), 0, 1
(97,14), 0, 1
(97,54), 0, 1
(97,69), 0, 1
(97,71), 0, 1
(97,76), 0, 1
(97,79), 0, 1
(97,81), 0, 1
(98,0), 0, 1
(98,1), 0, 1
(98,2), 0, 1
(98,3), 0, 1
(98,4), 0, 1
(98,5), 0, 1
(98,6), 0, 1
(98,7), 0, 1
(98,8), 0, 1
(98,10), 0, 1
(98,13), 0, 1
(98,14), 0, 1
(98,15), 0, 1
(98,16), 0, 1
(98,18), 0, 1
(98,19), 0, 1
(98,20), 0, 1
(98,21), 0, 1
(98,22), 0, 1
(98,23), 0, 1
(98,24), 0, 1
(98,25), 0, 1
(98,26), 0, 1
(98,27), 0, 1
(98,28), 0, 1
(98,29), 0, 1
(98,30), 0, 1
(98,31), 0, 1
(98,33), 0, 1
(98,34), 0, 1
(98,35), 0, 1
(98,36), 0, 1
(98,38), 0, 1
(98,39), 0, 1
(98,40), 0, 1
(98,41), 0, 1
(98,42), 0, 1
(98,43), 0, 1
(98,44), 0, 1
(98,45), 0, 1
(98,47), 0, 1
(98,48), 0, 1
(98,50), 0, 1
(98,52), 0, 1
(98,53), 0, 1
(98,54), 0, 1
(98,55), 0, 1
(98,58), 0, 1
(98,59), 0, 1
(98,60), 0, 1
(98,61), 0, 1
(98,62), 0, 1
(98,64), 0, 1
(98,66), 0, 1
(98,67), 0, 1
(98,69), 0, 1
(98,70), 0, 1
(98,71), 0, 1
(98,72), 0, 1
(98,73), 0, 1
(98,74), 0, 1
(98,75), 0, 1
(98,76), 0, 1
(98,78), 0, 1
(98,79), 0, 1
(98,81), 0, 1
(98,82), 0, 1
(98,83), 0, 1
(98,85), 0, 1
(98,86), 0, 1
(98,87), 0, 1
(98,88), 0, 1
(98,89), 0, 1
(98,90), 0, 1
(98,91), 0, 1
(98,92), 0, 1
(98,93), 0, 1
(98,94), 0, 1
(98,95), 0, 1
(99,0), 0, 1
(99,1), 0, 1
(99,2), 0, 1
(99,3), 0, 1
(99,4), 0, 1
(99,5), 0, 1
(99,7), 0, 1
(99,8), 0, 1
(99,9), 0, 1
(99,10), 0, 1
(99,12), 0, 1
(99,14), 0, 1
(99,16), 0, 1
(99,17), 0, 1
(99,18), 0, 1
(99,19), 0, 1
(99,20), 0, 1
(99,21), 0, 1
(99,22), 0, 1
(99,23), 0, 1
(99,24), 0, 1
(99,25), 0, 1
(99,26), 0, 1
(99,27), 0, 1
(99,28), 0, 1
(99,31), 0, 1
(99,33), 0, 1
(99,34), 0, 1
(99,35), 0, 1
(99,36), 0, 1
(99,38), 0, 1
(99,39), 0, 1
(99,40), 0, 1
(99,41), 0, 1
(99,42), 0, 1
(99,43), 0, 1
(99,44), 0, 1
(99,45), 0, 1
(99,47), 0, 1
(99,48), 0, 1
(99,49), 0, 1
(99,50), 0, 1
(99,51), 0, 1
(99,52), 0, 1
(99,53), 0, 1
(99,55), 0, 1
(99,56), 0, 1
(99,57), 0, 1
(99,58), 0, 1
(99,59), 0, 1
(99,61), 0, 1
(99,62), 0, 1
(99,63), 0, 1
(99,64), 0, 1
(99,66), 0, 1
(99,67), 0, 1
(99,69), 0, 1
(99,70), 0, 1
(99,71), 0, 1
(99,72), 0, 1
(99,73), 0, 1
(99,74), 0, 1
(99,75), 0, 1
(99,76), 0, 1
(99,78), 0, 1
(99,79), 0, 1
(99,81), 0, 1
(99,82), 0, 1
(99,83), 0, 1
(99,84), 0, 1
(99,85), 0, 1
(99,86), 0, 1
(99,87), 0, 1
(99,88), 0, 1
(99,89), 0, 1
(99,90), 0, 1
(99,91), 0, 1
(99,92), 0, 1
(99,94), 0, 1
(99,95), 0, 1
