Nr_Pairs = 98
Nr_NDD = 2
Nr_Arcs = 1851
0	0.5
1	0.32
2	0.90
3	0.5
4	0.32
5	0.5
6	0.5
7	0.90
8	0.90
9	0.28
10	0.5
11	0.5
12	0.32
13	0.5
14	0.5
15	0.5
16	0.92
17	0.5
18	0.92
19	0.28
20	0.5
21	0.10
22	0.90
23	0.5
24	0.90
25	0.90
26	0.10
27	0.5
28	0.10
29	0.10
30	0.92
31	0.28
32	0.28
33	0.5
34	0.90
35	0.5
36	0.5
37	0.28
38	0.10
39	0.5
40	0.92
41	0.10
42	0.5
43	0.5
44	0.90
45	0.5
46	0.90
47	0.5
48	0.10
49	0.5
50	0.5
51	0.28
52	0.5
53	0.28
54	0.28
55	0.28
56	0.5
57	0.28
58	0.5
59	0.5
60	0.10
61	0.90
62	0.5
63	0.10
64	0.5
65	0.5
66	0.5
67	0.10
68	0.28
69	0.28
70	0.10
71	0.5
72	0.28
73	0.90
74	0.28
75	0.5
76	0.92
77	0.5
78	0.5
79	0.32
80	0.5
81	0.92
82	0.28
83	0.5
84	0.5
85	0.5
86	0.90
87	0.5
88	0.5
89	0.10
90	0.28
91	0.10
92	0.28
93	0.5
94	0.90
95	0.10
96	0.5
97	0.5
98	0.0
99	0.0
(0,3), 0, 1
(0,4), 0, 1
(0,5), 0, 1
(0,6), 0, 1
(0,7), 0, 1
(0,9), 0, 1
(0,10), 0, 1
(0,11), 0, 1
(0,12), 0, 1
(0,13), 0, 1
(0,14), 0, 1
(0,15), 0, 1
(0,17), 0, 1
(0,19), 0, 1
(0,20), 0, 1
(0,21), 0, 1
(0,23), 0, 1
(0,26), 0, 1
(0,27), 0, 1
(0,28), 0, 1
(0,29), 0, 1
(0,30), 0, 1
(0,31), 0, 1
(0,32), 0, 1
(0,33), 0, 1
(0,35), 0, 1
(0,36), 0, 1
(0,37), 0, 1
(0,38), 0, 1
(0,39), 0, 1
(0,41), 0, 1
(0,42), 0, 1
(0,43), 0, 1
(0,45), 0, 1
(0,47), 0, 1
(0,48), 0, 1
(0,49), 0, 1
(0,50), 0, 1
(0,52), 0, 1
(0,53), 0, 1
(0,54), 0, 1
(0,55), 0, 1
(0,56), 0, 1
(0,57), 0, 1
(0,59), 0, 1
(0,62), 0, 1
(0,63), 0, 1
(0,64), 0, 1
(0,65), 0, 1
(0,66), 0, 1
(0,70), 0, 1
(0,71), 0, 1
(0,74), 0, 1
(0,75), 0, 1
(0,77), 0, 1
(0,78), 0, 1
(0,79), 0, 1
(0,80), 0, 1
(0,82), 0, 1
(0,83), 0, 1
(0,84), 0, 1
(0,85), 0, 1
(0,87), 0, 1
(0,88), 0, 1
(0,89), 0, 1
(0,90), 0, 1
(0,93), 0, 1
(0,95), 0, 1
(0,96), 0, 1
(0,97), 0, 1
(1,3), 0, 1
(1,14), 0, 1
(1,23), 0, 1
(1,41), 0, 1
(1,42), 0, 1
(1,49), 0, 1
(1,62), 0, 1
(1,64), 0, 1
(1,71), 0, 1
(1,78), 0, 1
(1,90), 0, 1
(2,0), 0, 1
(2,1), 0, 1
(2,3), 0, 1
(2,4), 0, 1
(2,5), 0, 1
(2,6), 0, 1
(2,9), 0, 1
(2,10), 0, 1
(2,11), 0, 1
(2,12), 0, 1
(2,13), 0, 1
(2,14), 0, 1
(2,15), 0, 1
(2,17), 0, 1
(2,19), 0, 1
(2,20), 0, 1
(2,21), 0, 1
(2,23), 0, 1
(2,26), 0, 1
(2,27), 0, 1
(2,28), 0, 1
(2,29), 0, 1
(2,31), 0, 1
(2,32), 0, 1
(2,33), 0, 1
(2,35), 0, 1
(2,36), 0, 1
(2,38), 0, 1
(2,39), 0, 1
(2,41), 0, 1
(2,42), 0, 1
(2,43), 0, 1
(2,45), 0, 1
(2,47), 0, 1
(2,48), 0, 1
(2,49), 0, 1
(2,50), 0, 1
(2,51), 0, 1
(2,52), 0, 1
(2,53), 0, 1
(2,55), 0, 1
(2,56), 0, 1
(2,59), 0, 1
(2,60), 0, 1
(2,62), 0, 1
(2,63), 0, 1
(2,64), 0, 1
(2,65), 0, 1
(2,66), 0, 1
(2,67), 0, 1
(2,68), 0, 1
(2,69), 0, 1
(2,70), 0, 1
(2,71), 0, 1
(2,74), 0, 1
(2,75), 0, 1
(2,77), 0, 1
(2,78), 0, 1
(2,79), 0, 1
(2,80), 0, 1
(2,82), 0, 1
(2,83), 0, 1
(2,84), 0, 1
(2,85), 0, 1
(2,87), 0, 1
(2,88), 0, 1
(2,89), 0, 1
(2,90), 0, 1
(2,91), 0, 1
(2,92), 0, 1
(2,93), 0, 1
(2,95), 0, 1
(2,96), 0, 1
(2,97), 0, 1
(3,31), 0, 1
(3,39), 0, 1
(3,60), 0, 1
(3,97), 0, 1
(4,20), 0, 1
(4,29), 0, 1
(4,32), 0, 1
(4,39), 0, 1
(4,51), 0, 1
(4,60), 0, 1
(4,63), 0, 1
(4,68), 0, 1
(4,74), 0, 1
(4,86), 0, 1
(4,97), 0, 1
(5,20), 0, 1
(5,29), 0, 1
(5,31), 0, 1
(5,32), 0, 1
(5,39), 0, 1
(5,60), 0, 1
(5,63), 0, 1
(5,68), 0, 1
(5,74), 0, 1
(5,97), 0, 1
(6,20), 0, 1
(6,29), 0, 1
(6,31), 0, 1
(6,39), 0, 1
(6,44), 0, 1
(6,51), 0, 1
(6,60), 0, 1
(6,63), 0, 1
(6,68), 0, 1
(6,97), 0, 1
(7,3), 0, 1
(7,5), 0, 1
(7,14), 0, 1
(7,41), 0, 1
(7,42), 0, 1
(7,49), 0, 1
(7,51), 0, 1
(7,62), 0, 1
(7,64), 0, 1
(7,71), 0, 1
(7,78), 0, 1
(8,20), 0, 1
(8,29), 0, 1
(8,39), 0, 1
(8,51), 0, 1
(8,60), 0, 1
(8,63), 0, 1
(8,68), 0, 1
(8,74), 0, 1
(8,86), 0, 1
(8,97), 0, 1
(9,20), 0, 1
(9,29), 0, 1
(9,31), 0, 1
(9,32), 0, 1
(9,39), 0, 1
(9,51), 0, 1
(9,60), 0, 1
(9,63), 0, 1
(9,68), 0, 1
(9,74), 0, 1
(9,97), 0, 1
(10,20), 0, 1
(10,29), 0, 1
(10,31), 0, 1
(10,32), 0, 1
(10,39), 0, 1
(10,51), 0, 1
(10,60), 0, 1
(10,63), 0, 1
(10,68), 0, 1
(10,74), 0, 1
(10,97), 0, 1
(11,20), 0, 1
(11,34), 0, 1
(11,39), 0, 1
(11,44), 0, 1
(11,60), 0, 1
(11,63), 0, 1
(11,68), 0, 1
(11,74), 0, 1
(11,97), 0, 1
(12,3), 0, 1
(12,5), 0, 1
(12,8), 0, 1
(12,14), 0, 1
(12,23), 0, 1
(12,41), 0, 1
(12,42), 0, 1
(12,49), 0, 1
(12,51), 0, 1
(12,62), 0, 1
(12,64), 0, 1
(12,71), 0, 1
(12,78), 0, 1
(13,25), 0, 1
(13,29), 0, 1
(13,31), 0, 1
(13,39), 0, 1
(13,44), 0, 1
(13,51), 0, 1
(13,60), 0, 1
(13,63), 0, 1
(13,74), 0, 1
(13,97), 0, 1
(14,20), 0, 1
(14,29), 0, 1
(14,31), 0, 1
(14,32), 0, 1
(14,39), 0, 1
(14,51), 0, 1
(14,60), 0, 1
(14,63), 0, 1
(14,68), 0, 1
(14,81), 0, 1
(14,97), 0, 1
(15,3), 0, 1
(15,5), 0, 1
(15,14), 0, 1
(15,23), 0, 1
(15,41), 0, 1
(15,42), 0, 1
(15,49), 0, 1
(15,51), 0, 1
(15,62), 0, 1
(15,71), 0, 1
(15,78), 0, 1
(15,90), 0, 1
(16,0), 0, 1
(16,1), 0, 1
(16,3), 0, 1
(16,4), 0, 1
(16,5), 0, 1
(16,6), 0, 1
(16,10), 0, 1
(16,11), 0, 1
(16,12), 0, 1
(16,13), 0, 1
(16,14), 0, 1
(16,15), 0, 1
(16,17), 0, 1
(16,19), 0, 1
(16,20), 0, 1
(16,21), 0, 1
(16,23), 0, 1
(16,24), 0, 1
(16,26), 0, 1
(16,27), 0, 1
(16,28), 0, 1
(16,29), 0, 1
(16,31), 0, 1
(16,32), 0, 1
(16,33), 0, 1
(16,36), 0, 1
(16,37), 0, 1
(16,38), 0, 1
(16,39), 0, 1
(16,41), 0, 1
(16,42), 0, 1
(16,43), 0, 1
(16,44), 0, 1
(16,45), 0, 1
(16,47), 0, 1
(16,48), 0, 1
(16,49), 0, 1
(16,50), 0, 1
(16,51), 0, 1
(16,52), 0, 1
(16,54), 0, 1
(16,55), 0, 1
(16,56), 0, 1
(16,57), 0, 1
(16,58), 0, 1
(16,59), 0, 1
(16,60), 0, 1
(16,62), 0, 1
(16,63), 0, 1
(16,64), 0, 1
(16,65), 0, 1
(16,66), 0, 1
(16,67), 0, 1
(16,70), 0, 1
(16,71), 0, 1
(16,72), 0, 1
(16,74), 0, 1
(16,75), 0, 1
(16,77), 0, 1
(16,78), 0, 1
(16,79), 0, 1
(16,80), 0, 1
(16,82), 0, 1
(16,83), 0, 1
(16,84), 0, 1
(16,85), 0, 1
(16,87), 0, 1
(16,88), 0, 1
(16,89), 0, 1
(16,90), 0, 1
(16,91), 0, 1
(16,92), 0, 1
(16,93), 0, 1
(16,95), 0, 1
(16,96), 0, 1
(16,97), 0, 1
(17,20), 0, 1
(17,29), 0, 1
(17,31), 0, 1
(17,32), 0, 1
(17,39), 0, 1
(17,60), 0, 1
(17,63), 0, 1
(17,74), 0, 1
(17,97), 0, 1
(18,20), 0, 1
(18,29), 0, 1
(18,31), 0, 1
(18,32), 0, 1
(18,39), 0, 1
(18,51), 0, 1
(18,63), 0, 1
(18,68), 0, 1
(18,74), 0, 1
(18,94), 0, 1
(18,97), 0, 1
(19,3), 0, 1
(19,5), 0, 1
(19,14), 0, 1
(19,23), 0, 1
(19,41), 0, 1
(19,42), 0, 1
(19,49), 0, 1
(19,62), 0, 1
(19,64), 0, 1
(19,71), 0, 1
(19,78), 0, 1
(19,90), 0, 1
(20,5), 0, 1
(20,14), 0, 1
(20,23), 0, 1
(20,41), 0, 1
(20,42), 0, 1
(20,49), 0, 1
(20,62), 0, 1
(20,64), 0, 1
(20,71), 0, 1
(20,78), 0, 1
(21,51), 0, 1
(22,0), 0, 1
(22,3), 0, 1
(22,5), 0, 1
(22,6), 0, 1
(22,9), 0, 1
(22,10), 0, 1
(22,11), 0, 1
(22,12), 0, 1
(22,13), 0, 1
(22,14), 0, 1
(22,15), 0, 1
(22,17), 0, 1
(22,19), 0, 1
(22,20), 0, 1
(22,21), 0, 1
(22,23), 0, 1
(22,26), 0, 1
(22,27), 0, 1
(22,28), 0, 1
(22,29), 0, 1
(22,31), 0, 1
(22,32), 0, 1
(22,33), 0, 1
(22,35), 0, 1
(22,36), 0, 1
(22,37), 0, 1
(22,38), 0, 1
(22,39), 0, 1
(22,41), 0, 1
(22,42), 0, 1
(22,43), 0, 1
(22,45), 0, 1
(22,46), 0, 1
(22,47), 0, 1
(22,48), 0, 1
(22,49), 0, 1
(22,50), 0, 1
(22,51), 0, 1
(22,53), 0, 1
(22,55), 0, 1
(22,56), 0, 1
(22,57), 0, 1
(22,58), 0, 1
(22,59), 0, 1
(22,60), 0, 1
(22,62), 0, 1
(22,63), 0, 1
(22,64), 0, 1
(22,65), 0, 1
(22,66), 0, 1
(22,67), 0, 1
(22,68), 0, 1
(22,69), 0, 1
(22,70), 0, 1
(22,71), 0, 1
(22,72), 0, 1
(22,74), 0, 1
(22,75), 0, 1
(22,77), 0, 1
(22,78), 0, 1
(22,79), 0, 1
(22,82), 0, 1
(22,83), 0, 1
(22,84), 0, 1
(22,85), 0, 1
(22,87), 0, 1
(22,88), 0, 1
(22,89), 0, 1
(22,90), 0, 1
(22,91), 0, 1
(22,93), 0, 1
(22,95), 0, 1
(22,96), 0, 1
(23,0), 0, 1
(23,1), 0, 1
(23,2), 0, 1
(23,3), 0, 1
(23,4), 0, 1
(23,5), 0, 1
(23,10), 0, 1
(23,11), 0, 1
(23,13), 0, 1
(23,15), 0, 1
(23,17), 0, 1
(23,19), 0, 1
(23,20), 0, 1
(23,21), 0, 1
(23,26), 0, 1
(23,27), 0, 1
(23,28), 0, 1
(23,29), 0, 1
(23,31), 0, 1
(23,32), 0, 1
(23,33), 0, 1
(23,35), 0, 1
(23,36), 0, 1
(23,38), 0, 1
(23,39), 0, 1
(23,41), 0, 1
(23,42), 0, 1
(23,43), 0, 1
(23,45), 0, 1
(23,49), 0, 1
(23,50), 0, 1
(23,51), 0, 1
(23,52), 0, 1
(23,55), 0, 1
(23,56), 0, 1
(23,57), 0, 1
(23,58), 0, 1
(23,59), 0, 1
(23,60), 0, 1
(23,62), 0, 1
(23,64), 0, 1
(23,65), 0, 1
(23,66), 0, 1
(23,67), 0, 1
(23,70), 0, 1
(23,71), 0, 1
(23,72), 0, 1
(23,74), 0, 1
(23,75), 0, 1
(23,77), 0, 1
(23,78), 0, 1
(23,79), 0, 1
(23,80), 0, 1
(23,82), 0, 1
(23,83), 0, 1
(23,84), 0, 1
(23,85), 0, 1
(23,87), 0, 1
(23,88), 0, 1
(23,89), 0, 1
(23,90), 0, 1
(23,91), 0, 1
(23,92), 0, 1
(23,93), 0, 1
(23,94), 0, 1
(23,96), 0, 1
(23,97), 0, 1
(24,3), 0, 1
(24,14), 0, 1
(24,23), 0, 1
(24,41), 0, 1
(24,49), 0, 1
(24,51), 0, 1
(24,62), 0, 1
(24,71), 0, 1
(24,78), 0, 1
(25,0), 0, 1
(25,1), 0, 1
(25,3), 0, 1
(25,4), 0, 1
(25,5), 0, 1
(25,6), 0, 1
(25,10), 0, 1
(25,11), 0, 1
(25,13), 0, 1
(25,14), 0, 1
(25,15), 0, 1
(25,17), 0, 1
(25,19), 0, 1
(25,20), 0, 1
(25,21), 0, 1
(25,23), 0, 1
(25,26), 0, 1
(25,27), 0, 1
(25,28), 0, 1
(25,29), 0, 1
(25,31), 0, 1
(25,32), 0, 1
(25,33), 0, 1
(25,35), 0, 1
(25,37), 0, 1
(25,38), 0, 1
(25,39), 0, 1
(25,41), 0, 1
(25,42), 0, 1
(25,43), 0, 1
(25,47), 0, 1
(25,48), 0, 1
(25,49), 0, 1
(25,50), 0, 1
(25,51), 0, 1
(25,53), 0, 1
(25,54), 0, 1
(25,56), 0, 1
(25,57), 0, 1
(25,58), 0, 1
(25,59), 0, 1
(25,60), 0, 1
(25,62), 0, 1
(25,63), 0, 1
(25,64), 0, 1
(25,65), 0, 1
(25,66), 0, 1
(25,67), 0, 1
(25,68), 0, 1
(25,69), 0, 1
(25,70), 0, 1
(25,71), 0, 1
(25,74), 0, 1
(25,75), 0, 1
(25,77), 0, 1
(25,78), 0, 1
(25,80), 0, 1
(25,82), 0, 1
(25,83), 0, 1
(25,84), 0, 1
(25,88), 0, 1
(25,90), 0, 1
(25,93), 0, 1
(25,95), 0, 1
(25,96), 0, 1
(25,97), 0, 1
(26,3), 0, 1
(26,5), 0, 1
(26,14), 0, 1
(26,23), 0, 1
(26,41), 0, 1
(26,42), 0, 1
(26,49), 0, 1
(26,62), 0, 1
(26,64), 0, 1
(26,71), 0, 1
(26,90), 0, 1
(27,3), 0, 1
(27,5), 0, 1
(27,14), 0, 1
(27,23), 0, 1
(27,42), 0, 1
(27,49), 0, 1
(27,62), 0, 1
(27,64), 0, 1
(27,71), 0, 1
(27,78), 0, 1
(27,90), 0, 1
(28,20), 0, 1
(28,29), 0, 1
(28,31), 0, 1
(28,32), 0, 1
(28,39), 0, 1
(28,51), 0, 1
(28,60), 0, 1
(28,63), 0, 1
(28,68), 0, 1
(28,73), 0, 1
(28,74), 0, 1
(28,97), 0, 1
(29,51), 0, 1
(30,0), 0, 1
(30,1), 0, 1
(30,2), 0, 1
(30,3), 0, 1
(30,5), 0, 1
(30,6), 0, 1
(30,9), 0, 1
(30,10), 0, 1
(30,13), 0, 1
(30,14), 0, 1
(30,15), 0, 1
(30,17), 0, 1
(30,18), 0, 1
(30,19), 0, 1
(30,20), 0, 1
(30,23), 0, 1
(30,26), 0, 1
(30,27), 0, 1
(30,29), 0, 1
(30,31), 0, 1
(30,32), 0, 1
(30,33), 0, 1
(30,35), 0, 1
(30,36), 0, 1
(30,37), 0, 1
(30,39), 0, 1
(30,40), 0, 1
(30,41), 0, 1
(30,42), 0, 1
(30,43), 0, 1
(30,45), 0, 1
(30,47), 0, 1
(30,48), 0, 1
(30,49), 0, 1
(30,50), 0, 1
(30,51), 0, 1
(30,52), 0, 1
(30,54), 0, 1
(30,55), 0, 1
(30,56), 0, 1
(30,57), 0, 1
(30,59), 0, 1
(30,60), 0, 1
(30,62), 0, 1
(30,63), 0, 1
(30,64), 0, 1
(30,65), 0, 1
(30,66), 0, 1
(30,67), 0, 1
(30,69), 0, 1
(30,70), 0, 1
(30,72), 0, 1
(30,74), 0, 1
(30,75), 0, 1
(30,77), 0, 1
(30,78), 0, 1
(30,79), 0, 1
(30,80), 0, 1
(30,82), 0, 1
(30,83), 0, 1
(30,84), 0, 1
(30,85), 0, 1
(30,87), 0, 1
(30,88), 0, 1
(30,89), 0, 1
(30,90), 0, 1
(30,91), 0, 1
(30,93), 0, 1
(30,95), 0, 1
(30,96), 0, 1
(31,0), 0, 1
(31,1), 0, 1
(31,3), 0, 1
(31,4), 0, 1
(31,5), 0, 1
(31,6), 0, 1
(31,9), 0, 1
(31,10), 0, 1
(31,11), 0, 1
(31,12), 0, 1
(31,13), 0, 1
(31,14), 0, 1
(31,15), 0, 1
(31,17), 0, 1
(31,19), 0, 1
(31,20), 0, 1
(31,21), 0, 1
(31,23), 0, 1
(31,25), 0, 1
(31,26), 0, 1
(31,27), 0, 1
(31,28), 0, 1
(31,29), 0, 1
(31,32), 0, 1
(31,33), 0, 1
(31,35), 0, 1
(31,36), 0, 1
(31,37), 0, 1
(31,39), 0, 1
(31,41), 0, 1
(31,42), 0, 1
(31,43), 0, 1
(31,45), 0, 1
(31,47), 0, 1
(31,48), 0, 1
(31,49), 0, 1
(31,50), 0, 1
(31,52), 0, 1
(31,53), 0, 1
(31,54), 0, 1
(31,56), 0, 1
(31,57), 0, 1
(31,58), 0, 1
(31,59), 0, 1
(31,60), 0, 1
(31,62), 0, 1
(31,63), 0, 1
(31,64), 0, 1
(31,65), 0, 1
(31,66), 0, 1
(31,68), 0, 1
(31,69), 0, 1
(31,70), 0, 1
(31,71), 0, 1
(31,72), 0, 1
(31,74), 0, 1
(31,75), 0, 1
(31,77), 0, 1
(31,78), 0, 1
(31,79), 0, 1
(31,80), 0, 1
(31,82), 0, 1
(31,83), 0, 1
(31,84), 0, 1
(31,85), 0, 1
(31,87), 0, 1
(31,88), 0, 1
(31,89), 0, 1
(31,91), 0, 1
(31,92), 0, 1
(31,93), 0, 1
(31,95), 0, 1
(31,96), 0, 1
(31,97), 0, 1
(32,3), 0, 1
(32,5), 0, 1
(32,14), 0, 1
(32,23), 0, 1
(32,41), 0, 1
(32,42), 0, 1
(32,49), 0, 1
(32,51), 0, 1
(32,62), 0, 1
(32,64), 0, 1
(32,71), 0, 1
(32,78), 0, 1
(32,90), 0, 1
(33,20), 0, 1
(33,29), 0, 1
(33,32), 0, 1
(33,39), 0, 1
(33,51), 0, 1
(33,60), 0, 1
(33,63), 0, 1
(33,97), 0, 1
(34,0), 0, 1
(34,1), 0, 1
(34,3), 0, 1
(34,4), 0, 1
(34,5), 0, 1
(34,6), 0, 1
(34,9), 0, 1
(34,10), 0, 1
(34,11), 0, 1
(34,12), 0, 1
(34,13), 0, 1
(34,14), 0, 1
(34,15), 0, 1
(34,17), 0, 1
(34,19), 0, 1
(34,20), 0, 1
(34,21), 0, 1
(34,23), 0, 1
(34,26), 0, 1
(34,27), 0, 1
(34,28), 0, 1
(34,31), 0, 1
(34,32), 0, 1
(34,33), 0, 1
(34,35), 0, 1
(34,36), 0, 1
(34,37), 0, 1
(34,38), 0, 1
(34,39), 0, 1
(34,40), 0, 1
(34,41), 0, 1
(34,42), 0, 1
(34,43), 0, 1
(34,45), 0, 1
(34,47), 0, 1
(34,48), 0, 1
(34,49), 0, 1
(34,50), 0, 1
(34,52), 0, 1
(34,53), 0, 1
(34,56), 0, 1
(34,57), 0, 1
(34,58), 0, 1
(34,59), 0, 1
(34,60), 0, 1
(34,62), 0, 1
(34,63), 0, 1
(34,64), 0, 1
(34,65), 0, 1
(34,66), 0, 1
(34,67), 0, 1
(34,69), 0, 1
(34,70), 0, 1
(34,71), 0, 1
(34,73), 0, 1
(34,74), 0, 1
(34,75), 0, 1
(34,77), 0, 1
(34,78), 0, 1
(34,80), 0, 1
(34,83), 0, 1
(34,84), 0, 1
(34,85), 0, 1
(34,88), 0, 1
(34,89), 0, 1
(34,90), 0, 1
(34,91), 0, 1
(34,92), 0, 1
(34,93), 0, 1
(34,95), 0, 1
(34,96), 0, 1
(34,97), 0, 1
(35,20), 0, 1
(35,29), 0, 1
(35,31), 0, 1
(35,32), 0, 1
(35,39), 0, 1
(35,51), 0, 1
(35,60), 0, 1
(35,63), 0, 1
(35,68), 0, 1
(35,74), 0, 1
(35,86), 0, 1
(35,97), 0, 1
(36,20), 0, 1
(36,29), 0, 1
(36,30), 0, 1
(36,39), 0, 1
(36,51), 0, 1
(36,60), 0, 1
(36,63), 0, 1
(36,68), 0, 1
(36,86), 0, 1
(36,97), 0, 1
(37,3), 0, 1
(37,5), 0, 1
(37,14), 0, 1
(37,23), 0, 1
(37,41), 0, 1
(37,42), 0, 1
(37,49), 0, 1
(37,51), 0, 1
(37,62), 0, 1
(37,64), 0, 1
(37,71), 0, 1
(37,78), 0, 1
(38,3), 0, 1
(38,5), 0, 1
(38,14), 0, 1
(38,23), 0, 1
(38,41), 0, 1
(38,42), 0, 1
(38,49), 0, 1
(38,51), 0, 1
(38,62), 0, 1
(38,64), 0, 1
(38,71), 0, 1
(38,78), 0, 1
(38,90), 0, 1
(39,3), 0, 1
(39,5), 0, 1
(39,14), 0, 1
(39,23), 0, 1
(39,41), 0, 1
(39,42), 0, 1
(39,62), 0, 1
(39,64), 0, 1
(39,71), 0, 1
(39,78), 0, 1
(39,90), 0, 1
(40,20), 0, 1
(40,29), 0, 1
(40,30), 0, 1
(40,31), 0, 1
(40,32), 0, 1
(40,39), 0, 1
(40,44), 0, 1
(40,46), 0, 1
(40,51), 0, 1
(40,68), 0, 1
(40,86), 0, 1
(40,97), 0, 1
(41,20), 0, 1
(41,29), 0, 1
(41,31), 0, 1
(41,32), 0, 1
(41,39), 0, 1
(41,40), 0, 1
(41,46), 0, 1
(41,51), 0, 1
(41,60), 0, 1
(41,63), 0, 1
(41,74), 0, 1
(41,97), 0, 1
(42,20), 0, 1
(42,29), 0, 1
(42,31), 0, 1
(42,32), 0, 1
(42,39), 0, 1
(42,51), 0, 1
(42,60), 0, 1
(42,63), 0, 1
(42,97), 0, 1
(43,20), 0, 1
(43,29), 0, 1
(43,31), 0, 1
(43,32), 0, 1
(43,34), 0, 1
(43,39), 0, 1
(43,44), 0, 1
(43,51), 0, 1
(43,60), 0, 1
(43,63), 0, 1
(43,94), 0, 1
(43,97), 0, 1
(44,3), 0, 1
(44,5), 0, 1
(44,14), 0, 1
(44,23), 0, 1
(44,41), 0, 1
(44,42), 0, 1
(44,49), 0, 1
(44,51), 0, 1
(44,62), 0, 1
(44,64), 0, 1
(44,71), 0, 1
(44,78), 0, 1
(44,90), 0, 1
(45,3), 0, 1
(45,5), 0, 1
(45,14), 0, 1
(45,23), 0, 1
(45,42), 0, 1
(45,49), 0, 1
(45,51), 0, 1
(45,62), 0, 1
(45,64), 0, 1
(45,71), 0, 1
(46,51), 0, 1
(47,3), 0, 1
(47,5), 0, 1
(47,14), 0, 1
(47,23), 0, 1
(47,41), 0, 1
(47,49), 0, 1
(47,62), 0, 1
(47,64), 0, 1
(47,71), 0, 1
(47,78), 0, 1
(47,90), 0, 1
(48,3), 0, 1
(48,5), 0, 1
(48,14), 0, 1
(48,23), 0, 1
(48,41), 0, 1
(48,42), 0, 1
(48,49), 0, 1
(48,51), 0, 1
(48,62), 0, 1
(48,64), 0, 1
(48,71), 0, 1
(48,78), 0, 1
(48,90), 0, 1
(49,51), 0, 1
(50,20), 0, 1
(50,29), 0, 1
(50,32), 0, 1
(50,39), 0, 1
(50,51), 0, 1
(50,60), 0, 1
(50,63), 0, 1
(50,74), 0, 1
(50,94), 0, 1
(50,97), 0, 1
(51,0), 0, 1
(51,1), 0, 1
(51,3), 0, 1
(51,5), 0, 1
(51,6), 0, 1
(51,9), 0, 1
(51,10), 0, 1
(51,11), 0, 1
(51,13), 0, 1
(51,14), 0, 1
(51,15), 0, 1
(51,17), 0, 1
(51,18), 0, 1
(51,20), 0, 1
(51,23), 0, 1
(51,26), 0, 1
(51,27), 0, 1
(51,28), 0, 1
(51,29), 0, 1
(51,32), 0, 1
(51,33), 0, 1
(51,35), 0, 1
(51,37), 0, 1
(51,39), 0, 1
(51,41), 0, 1
(51,42), 0, 1
(51,43), 0, 1
(51,45), 0, 1
(51,47), 0, 1
(51,48), 0, 1
(51,49), 0, 1
(51,50), 0, 1
(51,52), 0, 1
(51,54), 0, 1
(51,56), 0, 1
(51,57), 0, 1
(51,58), 0, 1
(51,60), 0, 1
(51,62), 0, 1
(51,63), 0, 1
(51,64), 0, 1
(51,65), 0, 1
(51,66), 0, 1
(51,67), 0, 1
(51,70), 0, 1
(51,71), 0, 1
(51,72), 0, 1
(51,74), 0, 1
(51,75), 0, 1
(51,77), 0, 1
(51,78), 0, 1
(51,79), 0, 1
(51,82), 0, 1
(51,83), 0, 1
(51,84), 0, 1
(51,85), 0, 1
(51,87), 0, 1
(51,88), 0, 1
(51,89), 0, 1
(51,91), 0, 1
(51,93), 0, 1
(51,94), 0, 1
(51,95), 0, 1
(51,96), 0, 1
(51,97), 0, 1
(52,20), 0, 1
(52,25), 0, 1
(52,29), 0, 1
(52,31), 0, 1
(52,32), 0, 1
(52,39), 0, 1
(52,51), 0, 1
(52,60), 0, 1
(52,63), 0, 1
(52,68), 0, 1
(52,74), 0, 1
(52,97), 0, 1
(53,3), 0, 1
(53,14), 0, 1
(53,23), 0, 1
(53,41), 0, 1
(53,42), 0, 1
(53,49), 0, 1
(53,51), 0, 1
(53,62), 0, 1
(53,64), 0, 1
(53,78), 0, 1
(53,90), 0, 1
(54,20), 0, 1
(54,25), 0, 1
(54,29), 0, 1
(54,31), 0, 1
(54,39), 0, 1
(54,44), 0, 1
(54,46), 0, 1
(54,51), 0, 1
(54,60), 0, 1
(54,68), 0, 1
(54,74), 0, 1
(54,97), 0, 1
(55,51), 0, 1
(56,20), 0, 1
(56,29), 0, 1
(56,31), 0, 1
(56,39), 0, 1
(56,51), 0, 1
(56,60), 0, 1
(56,63), 0, 1
(56,74), 0, 1
(56,86), 0, 1
(56,97), 0, 1
(57,20), 0, 1
(57,29), 0, 1
(57,30), 0, 1
(57,32), 0, 1
(57,39), 0, 1
(57,44), 0, 1
(57,51), 0, 1
(57,60), 0, 1
(57,63), 0, 1
(57,68), 0, 1
(57,74), 0, 1
(57,94), 0, 1
(57,97), 0, 1
(58,3), 0, 1
(58,5), 0, 1
(58,14), 0, 1
(58,23), 0, 1
(58,41), 0, 1
(58,42), 0, 1
(58,49), 0, 1
(58,51), 0, 1
(58,62), 0, 1
(58,64), 0, 1
(58,71), 0, 1
(58,78), 0, 1
(59,20), 0, 1
(59,31), 0, 1
(59,32), 0, 1
(59,39), 0, 1
(59,51), 0, 1
(59,60), 0, 1
(59,68), 0, 1
(59,97), 0, 1
(60,3), 0, 1
(60,5), 0, 1
(60,14), 0, 1
(60,23), 0, 1
(60,41), 0, 1
(60,42), 0, 1
(60,49), 0, 1
(60,51), 0, 1
(60,62), 0, 1
(60,64), 0, 1
(60,71), 0, 1
(60,78), 0, 1
(61,20), 0, 1
(61,29), 0, 1
(61,31), 0, 1
(61,32), 0, 1
(61,39), 0, 1
(61,51), 0, 1
(61,60), 0, 1
(61,63), 0, 1
(61,68), 0, 1
(61,74), 0, 1
(61,97), 0, 1
(62,20), 0, 1
(62,29), 0, 1
(62,31), 0, 1
(62,32), 0, 1
(62,51), 0, 1
(62,63), 0, 1
(62,68), 0, 1
(62,97), 0, 1
(63,3), 0, 1
(63,5), 0, 1
(63,14), 0, 1
(63,23), 0, 1
(63,41), 0, 1
(63,42), 0, 1
(63,49), 0, 1
(63,51), 0, 1
(63,62), 0, 1
(63,64), 0, 1
(63,71), 0, 1
(63,78), 0, 1
(63,90), 0, 1
(64,29), 0, 1
(64,31), 0, 1
(64,39), 0, 1
(64,51), 0, 1
(64,60), 0, 1
(64,63), 0, 1
(64,68), 0, 1
(64,74), 0, 1
(64,86), 0, 1
(64,97), 0, 1
(65,20), 0, 1
(65,29), 0, 1
(65,31), 0, 1
(65,32), 0, 1
(65,39), 0, 1
(65,40), 0, 1
(65,51), 0, 1
(65,60), 0, 1
(65,63), 0, 1
(65,73), 0, 1
(65,97), 0, 1
(66,20), 0, 1
(66,29), 0, 1
(66,31), 0, 1
(66,32), 0, 1
(66,39), 0, 1
(66,51), 0, 1
(66,60), 0, 1
(66,63), 0, 1
(66,97), 0, 1
(67,3), 0, 1
(67,5), 0, 1
(67,14), 0, 1
(67,23), 0, 1
(67,41), 0, 1
(67,42), 0, 1
(67,49), 0, 1
(67,51), 0, 1
(67,62), 0, 1
(67,64), 0, 1
(67,78), 0, 1
(67,90), 0, 1
(68,51), 0, 1
(69,3), 0, 1
(69,5), 0, 1
(69,23), 0, 1
(69,41), 0, 1
(69,42), 0, 1
(69,49), 0, 1
(69,51), 0, 1
(69,62), 0, 1
(69,64), 0, 1
(69,71), 0, 1
(69,78), 0, 1
(70,20), 0, 1
(70,29), 0, 1
(70,30), 0, 1
(70,31), 0, 1
(70,32), 0, 1
(70,39), 0, 1
(70,51), 0, 1
(70,60), 0, 1
(70,63), 0, 1
(70,68), 0, 1
(70,97), 0, 1
(71,20), 0, 1
(71,29), 0, 1
(71,31), 0, 1
(71,39), 0, 1
(71,51), 0, 1
(71,60), 0, 1
(71,63), 0, 1
(71,68), 0, 1
(71,74), 0, 1
(71,97), 0, 1
(72,20), 0, 1
(72,29), 0, 1
(72,32), 0, 1
(72,39), 0, 1
(72,60), 0, 1
(72,63), 0, 1
(72,68), 0, 1
(72,74), 0, 1
(72,97), 0, 1
(73,20), 0, 1
(73,29), 0, 1
(73,31), 0, 1
(73,32), 0, 1
(73,39), 0, 1
(73,51), 0, 1
(73,60), 0, 1
(73,63), 0, 1
(73,74), 0, 1
(73,86), 0, 1
(73,97), 0, 1
(74,3), 0, 1
(74,5), 0, 1
(74,14), 0, 1
(74,23), 0, 1
(74,41), 0, 1
(74,42), 0, 1
(74,49), 0, 1
(74,51), 0, 1
(74,62), 0, 1
(74,64), 0, 1
(74,90), 0, 1
(75,3), 0, 1
(75,5), 0, 1
(75,14), 0, 1
(75,41), 0, 1
(75,42), 0, 1
(75,49), 0, 1
(75,62), 0, 1
(75,64), 0, 1
(75,71), 0, 1
(75,78), 0, 1
(75,90), 0, 1
(76,0), 0, 1
(76,1), 0, 1
(76,2), 0, 1
(76,3), 0, 1
(76,6), 0, 1
(76,7), 0, 1
(76,9), 0, 1
(76,10), 0, 1
(76,11), 0, 1
(76,12), 0, 1
(76,13), 0, 1
(76,14), 0, 1
(76,15), 0, 1
(76,17), 0, 1
(76,20), 0, 1
(76,21), 0, 1
(76,26), 0, 1
(76,27), 0, 1
(76,28), 0, 1
(76,29), 0, 1
(76,31), 0, 1
(76,35), 0, 1
(76,36), 0, 1
(76,37), 0, 1
(76,38), 0, 1
(76,39), 0, 1
(76,41), 0, 1
(76,42), 0, 1
(76,43), 0, 1
(76,45), 0, 1
(76,46), 0, 1
(76,47), 0, 1
(76,49), 0, 1
(76,50), 0, 1
(76,52), 0, 1
(76,53), 0, 1
(76,55), 0, 1
(76,56), 0, 1
(76,58), 0, 1
(76,59), 0, 1
(76,60), 0, 1
(76,62), 0, 1
(76,63), 0, 1
(76,64), 0, 1
(76,65), 0, 1
(76,66), 0, 1
(76,67), 0, 1
(76,68), 0, 1
(76,69), 0, 1
(76,70), 0, 1
(76,71), 0, 1
(76,72), 0, 1
(76,74), 0, 1
(76,75), 0, 1
(76,77), 0, 1
(76,78), 0, 1
(76,79), 0, 1
(76,80), 0, 1
(76,82), 0, 1
(76,84), 0, 1
(76,85), 0, 1
(76,87), 0, 1
(76,88), 0, 1
(76,89), 0, 1
(76,90), 0, 1
(76,91), 0, 1
(76,92), 0, 1
(76,93), 0, 1
(76,95), 0, 1
(76,96), 0, 1
(76,97), 0, 1
(77,3), 0, 1
(77,5), 0, 1
(77,14), 0, 1
(77,23), 0, 1
(77,41), 0, 1
(77,42), 0, 1
(77,49), 0, 1
(77,62), 0, 1
(77,64), 0, 1
(77,71), 0, 1
(77,78), 0, 1
(77,90), 0, 1
(78,29), 0, 1
(78,31), 0, 1
(78,32), 0, 1
(78,34), 0, 1
(78,39), 0, 1
(78,60), 0, 1
(78,63), 0, 1
(78,68), 0, 1
(78,73), 0, 1
(78,74), 0, 1
(78,97), 0, 1
(79,20), 0, 1
(79,29), 0, 1
(79,31), 0, 1
(79,32), 0, 1
(79,39), 0, 1
(79,60), 0, 1
(79,63), 0, 1
(79,74), 0, 1
(79,97), 0, 1
(80,20), 0, 1
(80,31), 0, 1
(80,39), 0, 1
(80,51), 0, 1
(80,60), 0, 1
(80,63), 0, 1
(80,68), 0, 1
(80,97), 0, 1
(81,51), 0, 1
(82,3), 0, 1
(82,5), 0, 1
(82,14), 0, 1
(82,23), 0, 1
(82,41), 0, 1
(82,42), 0, 1
(82,49), 0, 1
(82,51), 0, 1
(82,62), 0, 1
(82,64), 0, 1
(82,71), 0, 1
(82,78), 0, 1
(82,90), 0, 1
(83,20), 0, 1
(83,29), 0, 1
(83,31), 0, 1
(83,32), 0, 1
(83,39), 0, 1
(83,40), 0, 1
(83,51), 0, 1
(83,63), 0, 1
(83,68), 0, 1
(83,74), 0, 1
(83,94), 0, 1
(83,97), 0, 1
(84,3), 0, 1
(84,5), 0, 1
(84,14), 0, 1
(84,23), 0, 1
(84,41), 0, 1
(84,42), 0, 1
(84,49), 0, 1
(84,51), 0, 1
(84,62), 0, 1
(84,64), 0, 1
(84,71), 0, 1
(84,78), 0, 1
(85,20), 0, 1
(85,30), 0, 1
(85,31), 0, 1
(85,32), 0, 1
(85,39), 0, 1
(85,44), 0, 1
(85,51), 0, 1
(85,60), 0, 1
(85,63), 0, 1
(85,68), 0, 1
(85,74), 0, 1
(85,94), 0, 1
(85,97), 0, 1
(86,0), 0, 1
(86,3), 0, 1
(86,5), 0, 1
(86,6), 0, 1
(86,9), 0, 1
(86,10), 0, 1
(86,11), 0, 1
(86,12), 0, 1
(86,13), 0, 1
(86,14), 0, 1
(86,15), 0, 1
(86,17), 0, 1
(86,19), 0, 1
(86,20), 0, 1
(86,21), 0, 1
(86,23), 0, 1
(86,27), 0, 1
(86,28), 0, 1
(86,29), 0, 1
(86,31), 0, 1
(86,32), 0, 1
(86,33), 0, 1
(86,35), 0, 1
(86,36), 0, 1
(86,37), 0, 1
(86,38), 0, 1
(86,39), 0, 1
(86,41), 0, 1
(86,42), 0, 1
(86,43), 0, 1
(86,44), 0, 1
(86,45), 0, 1
(86,47), 0, 1
(86,48), 0, 1
(86,49), 0, 1
(86,50), 0, 1
(86,52), 0, 1
(86,53), 0, 1
(86,56), 0, 1
(86,57), 0, 1
(86,58), 0, 1
(86,59), 0, 1
(86,60), 0, 1
(86,62), 0, 1
(86,63), 0, 1
(86,64), 0, 1
(86,65), 0, 1
(86,66), 0, 1
(86,67), 0, 1
(86,68), 0, 1
(86,69), 0, 1
(86,71), 0, 1
(86,75), 0, 1
(86,77), 0, 1
(86,78), 0, 1
(86,79), 0, 1
(86,80), 0, 1
(86,82), 0, 1
(86,83), 0, 1
(86,84), 0, 1
(86,85), 0, 1
(86,87), 0, 1
(86,88), 0, 1
(86,89), 0, 1
(86,91), 0, 1
(86,92), 0, 1
(86,93), 0, 1
(86,95), 0, 1
(86,96), 0, 1
(86,97), 0, 1
(87,20), 0, 1
(87,31), 0, 1
(87,32), 0, 1
(87,34), 0, 1
(87,39), 0, 1
(87,51), 0, 1
(87,60), 0, 1
(87,63), 0, 1
(87,68), 0, 1
(87,74), 0, 1
(88,1), 0, 1
(88,5), 0, 1
(88,6), 0, 1
(88,10), 0, 1
(88,11), 0, 1
(88,12), 0, 1
(88,13), 0, 1
(88,14), 0, 1
(88,15), 0, 1
(88,17), 0, 1
(88,19), 0, 1
(88,20), 0, 1
(88,21), 0, 1
(88,23), 0, 1
(88,26), 0, 1
(88,27), 0, 1
(88,28), 0, 1
(88,29), 0, 1
(88,31), 0, 1
(88,33), 0, 1
(88,36), 0, 1
(88,37), 0, 1
(88,38), 0, 1
(88,39), 0, 1
(88,41), 0, 1
(88,42), 0, 1
(88,43), 0, 1
(88,45), 0, 1
(88,47), 0, 1
(88,48), 0, 1
(88,49), 0, 1
(88,50), 0, 1
(88,51), 0, 1
(88,52), 0, 1
(88,53), 0, 1
(88,54), 0, 1
(88,56), 0, 1
(88,59), 0, 1
(88,60), 0, 1
(88,62), 0, 1
(88,63), 0, 1
(88,64), 0, 1
(88,65), 0, 1
(88,66), 0, 1
(88,67), 0, 1
(88,68), 0, 1
(88,69), 0, 1
(88,70), 0, 1
(88,71), 0, 1
(88,72), 0, 1
(88,74), 0, 1
(88,75), 0, 1
(88,76), 0, 1
(88,77), 0, 1
(88,78), 0, 1
(88,79), 0, 1
(88,80), 0, 1
(88,82), 0, 1
(88,83), 0, 1
(88,84), 0, 1
(88,85), 0, 1
(88,87), 0, 1
(88,89), 0, 1
(88,90), 0, 1
(88,91), 0, 1
(88,93), 0, 1
(88,95), 0, 1
(88,97), 0, 1
(89,20), 0, 1
(89,29), 0, 1
(89,32), 0, 1
(89,39), 0, 1
(89,51), 0, 1
(89,60), 0, 1
(89,63), 0, 1
(89,68), 0, 1
(89,74), 0, 1
(89,97), 0, 1
(90,20), 0, 1
(90,29), 0, 1
(90,31), 0, 1
(90,32), 0, 1
(90,39), 0, 1
(90,40), 0, 1
(90,51), 0, 1
(90,60), 0, 1
(90,63), 0, 1
(90,68), 0, 1
(90,74), 0, 1
(91,0), 0, 1
(91,1), 0, 1
(91,3), 0, 1
(91,4), 0, 1
(91,5), 0, 1
(91,6), 0, 1
(91,7), 0, 1
(91,9), 0, 1
(91,10), 0, 1
(91,11), 0, 1
(91,12), 0, 1
(91,13), 0, 1
(91,14), 0, 1
(91,15), 0, 1
(91,17), 0, 1
(91,19), 0, 1
(91,20), 0, 1
(91,21), 0, 1
(91,23), 0, 1
(91,26), 0, 1
(91,27), 0, 1
(91,28), 0, 1
(91,29), 0, 1
(91,31), 0, 1
(91,32), 0, 1
(91,33), 0, 1
(91,35), 0, 1
(91,36), 0, 1
(91,37), 0, 1
(91,38), 0, 1
(91,39), 0, 1
(91,43), 0, 1
(91,45), 0, 1
(91,47), 0, 1
(91,49), 0, 1
(91,50), 0, 1
(91,52), 0, 1
(91,54), 0, 1
(91,56), 0, 1
(91,58), 0, 1
(91,59), 0, 1
(91,60), 0, 1
(91,62), 0, 1
(91,63), 0, 1
(91,64), 0, 1
(91,65), 0, 1
(91,66), 0, 1
(91,67), 0, 1
(91,68), 0, 1
(91,70), 0, 1
(91,71), 0, 1
(91,72), 0, 1
(91,75), 0, 1
(91,77), 0, 1
(91,78), 0, 1
(91,79), 0, 1
(91,80), 0, 1
(91,82), 0, 1
(91,83), 0, 1
(91,84), 0, 1
(91,85), 0, 1
(91,87), 0, 1
(91,88), 0, 1
(91,89), 0, 1
(91,90), 0, 1
(91,92), 0, 1
(91,93), 0, 1
(91,94), 0, 1
(91,95), 0, 1
(91,96), 0, 1
(91,97), 0, 1
(92,3), 0, 1
(92,5), 0, 1
(92,14), 0, 1
(92,23), 0, 1
(92,41), 0, 1
(92,42), 0, 1
(92,49), 0, 1
(92,51), 0, 1
(92,62), 0, 1
(92,64), 0, 1
(92,71), 0, 1
(92,78), 0, 1
(92,90), 0, 1
(93,29), 0, 1
(93,31), 0, 1
(93,39), 0, 1
(93,46), 0, 1
(93,51), 0, 1
(93,60), 0, 1
(93,63), 0, 1
(93,68), 0, 1
(93,74), 0, 1
(93,97), 0, 1
(94,3), 0, 1
(94,5), 0, 1
(94,14), 0, 1
(94,23), 0, 1
(94,41), 0, 1
(94,42), 0, 1
(94,49), 0, 1
(94,51), 0, 1
(94,62), 0, 1
(94,64), 0, 1
(94,71), 0, 1
(94,78), 0, 1
(94,90), 0, 1
(95,3), 0, 1
(95,5), 0, 1
(95,14), 0, 1
(95,23), 0, 1
(95,41), 0, 1
(95,42), 0, 1
(95,49), 0, 1
(95,51), 0, 1
(95,62), 0, 1
(95,64), 0, 1
(95,71), 0, 1
(95,78), 0, 1
(95,90), 0, 1
(96,20), 0, 1
(96,29), 0, 1
(96,32), 0, 1
(96,39), 0, 1
(96,60), 0, 1
(96,63), 0, 1
(96,74), 0, 1
(96,97), 0, 1
(97,3), 0, 1
(97,14), 0, 1
(97,23), 0, 1
(97,41), 0, 1
(97,49), 0, 1
(97,51), 0, 1
(97,62), 0, 1
(97,64), 0, 1
(97,71), 0, 1
(97,78), 0, 1
(97,90), 0, 1
(98,20), 0, 1
(98,29), 0, 1
(98,31), 0, 1
(98,32), 0, 1
(98,34), 0, 1
(98,39), 0, 1
(98,60), 0, 1
(98,63), 0, 1
(98,74), 0, 1
(98,86), 0, 1
(98,97), 0, 1
(99,20), 0, 1
(99,29), 0, 1
(99,32), 0, 1
(99,39), 0, 1
(99,51), 0, 1
(99,60), 0, 1
(99,63), 0, 1
(99,74), 0, 1
(99,97), 0, 1
