Nr_Pairs = 96
Nr_NDD = 4
Nr_Arcs = 2365
0	0.5
1	0.92
2	0.5
3	0.10
4	0.5
5	0.28
6	0.28
7	0.28
8	0.28
9	0.28
10	0.90
11	0.28
12	0.28
13	0.10
14	0.10
15	0.5
16	0.10
17	0.10
18	0.5
19	0.5
20	0.90
21	0.28
22	0.10
23	0.90
24	0.5
25	0.92
26	0.10
27	0.90
28	0.5
29	0.90
30	0.32
31	0.5
32	0.5
33	0.5
34	0.5
35	0.32
36	0.90
37	0.90
38	0.32
39	0.28
40	0.28
41	0.90
42	0.5
43	0.5
44	0.5
45	0.28
46	0.5
47	0.5
48	0.5
49	0.5
50	0.5
51	0.32
52	0.90
53	0.90
54	0.92
55	0.32
56	0.5
57	0.28
58	0.5
59	0.10
60	0.28
61	0.90
62	0.28
63	0.5
64	0.90
65	0.5
66	0.5
67	0.5
68	0.92
69	0.90
70	0.92
71	0.5
72	0.90
73	0.90
74	0.90
75	0.5
76	0.5
77	0.5
78	0.92
79	0.90
80	0.10
81	0.90
82	0.5
83	0.5
84	0.28
85	0.5
86	0.5
87	0.10
88	0.28
89	0.5
90	0.5
91	0.5
92	0.10
93	0.10
94	0.90
95	0.5
96	0.0
97	0.0
98	0.0
99	0.0
(0,2), 0, 1
(0,5), 0, 1
(0,8), 0, 1
(0,13), 0, 1
(0,16), 0, 1
(0,18), 0, 1
(0,19), 0, 1
(0,22), 0, 1
(0,26), 0, 1
(0,40), 0, 1
(0,49), 0, 1
(0,52), 0, 1
(0,58), 0, 1
(0,60), 0, 1
(0,75), 0, 1
(0,80), 0, 1
(0,83), 0, 1
(1,0), 0, 1
(1,4), 0, 1
(1,5), 0, 1
(1,22), 0, 1
(1,47), 0, 1
(1,77), 0, 1
(1,85), 0, 1
(2,0), 0, 1
(2,4), 0, 1
(2,5), 0, 1
(2,22), 0, 1
(2,47), 0, 1
(2,55), 0, 1
(2,74), 0, 1
(2,77), 0, 1
(2,85), 0, 1
(3,0), 0, 1
(3,4), 0, 1
(3,5), 0, 1
(3,22), 0, 1
(3,47), 0, 1
(3,72), 0, 1
(3,77), 0, 1
(3,85), 0, 1
(4,2), 0, 1
(4,8), 0, 1
(4,10), 0, 1
(4,13), 0, 1
(4,16), 0, 1
(4,18), 0, 1
(4,19), 0, 1
(4,22), 0, 1
(4,26), 0, 1
(4,40), 0, 1
(4,49), 0, 1
(4,58), 0, 1
(4,60), 0, 1
(4,69), 0, 1
(4,75), 0, 1
(4,80), 0, 1
(4,86), 0, 1
(4,87), 0, 1
(4,94), 0, 1
(5,2), 0, 1
(5,8), 0, 1
(5,10), 0, 1
(5,13), 0, 1
(5,16), 0, 1
(5,18), 0, 1
(5,22), 0, 1
(5,26), 0, 1
(5,49), 0, 1
(5,58), 0, 1
(5,60), 0, 1
(5,75), 0, 1
(5,80), 0, 1
(5,83), 0, 1
(5,86), 0, 1
(5,87), 0, 1
(6,2), 0, 1
(6,5), 0, 1
(6,13), 0, 1
(6,16), 0, 1
(6,18), 0, 1
(6,19), 0, 1
(6,20), 0, 1
(6,22), 0, 1
(6,26), 0, 1
(6,37), 0, 1
(6,41), 0, 1
(6,49), 0, 1
(6,58), 0, 1
(6,60), 0, 1
(6,69), 0, 1
(6,75), 0, 1
(6,83), 0, 1
(6,86), 0, 1
(6,87), 0, 1
(7,2), 0, 1
(7,5), 0, 1
(7,8), 0, 1
(7,13), 0, 1
(7,16), 0, 1
(7,18), 0, 1
(7,19), 0, 1
(7,20), 0, 1
(7,22), 0, 1
(7,26), 0, 1
(7,40), 0, 1
(7,49), 0, 1
(7,58), 0, 1
(7,60), 0, 1
(7,75), 0, 1
(7,80), 0, 1
(7,83), 0, 1
(7,86), 0, 1
(7,87), 0, 1
(8,2), 0, 1
(8,3), 0, 1
(8,4), 0, 1
(8,5), 0, 1
(8,6), 0, 1
(8,9), 0, 1
(8,11), 0, 1
(8,12), 0, 1
(8,14), 0, 1
(8,15), 0, 1
(8,16), 0, 1
(8,17), 0, 1
(8,18), 0, 1
(8,19), 0, 1
(8,20), 0, 1
(8,21), 0, 1
(8,22), 0, 1
(8,24), 0, 1
(8,26), 0, 1
(8,28), 0, 1
(8,30), 0, 1
(8,31), 0, 1
(8,32), 0, 1
(8,34), 0, 1
(8,39), 0, 1
(8,42), 0, 1
(8,43), 0, 1
(8,44), 0, 1
(8,45), 0, 1
(8,46), 0, 1
(8,47), 0, 1
(8,48), 0, 1
(8,49), 0, 1
(8,50), 0, 1
(8,55), 0, 1
(8,56), 0, 1
(8,57), 0, 1
(8,58), 0, 1
(8,59), 0, 1
(8,62), 0, 1
(8,63), 0, 1
(8,65), 0, 1
(8,66), 0, 1
(8,67), 0, 1
(8,71), 0, 1
(8,72), 0, 1
(8,74), 0, 1
(8,75), 0, 1
(8,76), 0, 1
(8,77), 0, 1
(8,80), 0, 1
(8,82), 0, 1
(8,83), 0, 1
(8,85), 0, 1
(8,86), 0, 1
(8,87), 0, 1
(8,88), 0, 1
(8,89), 0, 1
(8,90), 0, 1
(8,91), 0, 1
(8,92), 0, 1
(8,93), 0, 1
(8,95), 0, 1
(9,5), 0, 1
(9,22), 0, 1
(10,2), 0, 1
(10,5), 0, 1
(10,13), 0, 1
(10,16), 0, 1
(10,18), 0, 1
(10,19), 0, 1
(10,22), 0, 1
(10,26), 0, 1
(10,27), 0, 1
(10,40), 0, 1
(10,49), 0, 1
(10,58), 0, 1
(10,75), 0, 1
(10,80), 0, 1
(10,83), 0, 1
(10,86), 0, 1
(10,87), 0, 1
(11,2), 0, 1
(11,5), 0, 1
(11,8), 0, 1
(11,13), 0, 1
(11,16), 0, 1
(11,18), 0, 1
(11,19), 0, 1
(11,22), 0, 1
(11,40), 0, 1
(11,49), 0, 1
(11,52), 0, 1
(11,58), 0, 1
(11,60), 0, 1
(11,64), 0, 1
(11,75), 0, 1
(11,83), 0, 1
(11,86), 0, 1
(11,87), 0, 1
(12,5), 0, 1
(12,13), 0, 1
(12,16), 0, 1
(12,18), 0, 1
(12,19), 0, 1
(12,22), 0, 1
(12,26), 0, 1
(12,40), 0, 1
(12,49), 0, 1
(12,58), 0, 1
(12,60), 0, 1
(12,75), 0, 1
(12,83), 0, 1
(12,86), 0, 1
(12,87), 0, 1
(13,0), 0, 1
(13,1), 0, 1
(13,2), 0, 1
(13,3), 0, 1
(13,4), 0, 1
(13,5), 0, 1
(13,6), 0, 1
(13,8), 0, 1
(13,9), 0, 1
(13,11), 0, 1
(13,12), 0, 1
(13,14), 0, 1
(13,15), 0, 1
(13,16), 0, 1
(13,17), 0, 1
(13,18), 0, 1
(13,19), 0, 1
(13,21), 0, 1
(13,22), 0, 1
(13,24), 0, 1
(13,25), 0, 1
(13,26), 0, 1
(13,27), 0, 1
(13,28), 0, 1
(13,31), 0, 1
(13,32), 0, 1
(13,33), 0, 1
(13,34), 0, 1
(13,35), 0, 1
(13,38), 0, 1
(13,39), 0, 1
(13,40), 0, 1
(13,42), 0, 1
(13,43), 0, 1
(13,44), 0, 1
(13,45), 0, 1
(13,46), 0, 1
(13,47), 0, 1
(13,48), 0, 1
(13,49), 0, 1
(13,55), 0, 1
(13,56), 0, 1
(13,57), 0, 1
(13,58), 0, 1
(13,59), 0, 1
(13,60), 0, 1
(13,62), 0, 1
(13,63), 0, 1
(13,65), 0, 1
(13,66), 0, 1
(13,69), 0, 1
(13,71), 0, 1
(13,73), 0, 1
(13,75), 0, 1
(13,76), 0, 1
(13,77), 0, 1
(13,80), 0, 1
(13,82), 0, 1
(13,83), 0, 1
(13,84), 0, 1
(13,85), 0, 1
(13,86), 0, 1
(13,87), 0, 1
(13,88), 0, 1
(13,89), 0, 1
(13,90), 0, 1
(13,91), 0, 1
(13,92), 0, 1
(13,93), 0, 1
(13,95), 0, 1
(14,2), 0, 1
(14,8), 0, 1
(14,13), 0, 1
(14,16), 0, 1
(14,18), 0, 1
(14,19), 0, 1
(14,22), 0, 1
(14,26), 0, 1
(14,40), 0, 1
(14,49), 0, 1
(14,58), 0, 1
(14,60), 0, 1
(14,75), 0, 1
(14,80), 0, 1
(14,83), 0, 1
(14,86), 0, 1
(14,87), 0, 1
(15,2), 0, 1
(15,5), 0, 1
(15,8), 0, 1
(15,13), 0, 1
(15,16), 0, 1
(15,18), 0, 1
(15,19), 0, 1
(15,26), 0, 1
(15,40), 0, 1
(15,49), 0, 1
(15,54), 0, 1
(15,58), 0, 1
(15,60), 0, 1
(15,75), 0, 1
(15,80), 0, 1
(15,83), 0, 1
(15,86), 0, 1
(15,87), 0, 1
(15,94), 0, 1
(16,0), 0, 1
(16,4), 0, 1
(16,22), 0, 1
(16,47), 0, 1
(16,53), 0, 1
(16,55), 0, 1
(16,77), 0, 1
(16,85), 0, 1
(17,2), 0, 1
(17,5), 0, 1
(17,8), 0, 1
(17,13), 0, 1
(17,16), 0, 1
(17,18), 0, 1
(17,19), 0, 1
(17,22), 0, 1
(17,26), 0, 1
(17,37), 0, 1
(17,40), 0, 1
(17,49), 0, 1
(17,58), 0, 1
(17,60), 0, 1
(17,75), 0, 1
(17,80), 0, 1
(17,83), 0, 1
(17,86), 0, 1
(17,87), 0, 1
(18,0), 0, 1
(18,4), 0, 1
(18,5), 0, 1
(18,22), 0, 1
(18,53), 0, 1
(18,55), 0, 1
(18,77), 0, 1
(18,85), 0, 1
(19,0), 0, 1
(19,2), 0, 1
(19,3), 0, 1
(19,4), 0, 1
(19,6), 0, 1
(19,8), 0, 1
(19,11), 0, 1
(19,12), 0, 1
(19,13), 0, 1
(19,14), 0, 1
(19,15), 0, 1
(19,16), 0, 1
(19,17), 0, 1
(19,18), 0, 1
(19,21), 0, 1
(19,22), 0, 1
(19,24), 0, 1
(19,26), 0, 1
(19,28), 0, 1
(19,30), 0, 1
(19,31), 0, 1
(19,32), 0, 1
(19,33), 0, 1
(19,34), 0, 1
(19,35), 0, 1
(19,38), 0, 1
(19,40), 0, 1
(19,41), 0, 1
(19,42), 0, 1
(19,43), 0, 1
(19,44), 0, 1
(19,45), 0, 1
(19,46), 0, 1
(19,47), 0, 1
(19,49), 0, 1
(19,51), 0, 1
(19,55), 0, 1
(19,56), 0, 1
(19,58), 0, 1
(19,59), 0, 1
(19,60), 0, 1
(19,62), 0, 1
(19,63), 0, 1
(19,64), 0, 1
(19,65), 0, 1
(19,66), 0, 1
(19,67), 0, 1
(19,71), 0, 1
(19,75), 0, 1
(19,76), 0, 1
(19,77), 0, 1
(19,80), 0, 1
(19,82), 0, 1
(19,83), 0, 1
(19,84), 0, 1
(19,85), 0, 1
(19,86), 0, 1
(19,87), 0, 1
(19,88), 0, 1
(19,89), 0, 1
(19,90), 0, 1
(19,92), 0, 1
(19,93), 0, 1
(19,95), 0, 1
(20,2), 0, 1
(20,5), 0, 1
(20,8), 0, 1
(20,10), 0, 1
(20,13), 0, 1
(20,16), 0, 1
(20,18), 0, 1
(20,19), 0, 1
(20,22), 0, 1
(20,26), 0, 1
(20,40), 0, 1
(20,49), 0, 1
(20,58), 0, 1
(20,60), 0, 1
(20,75), 0, 1
(20,80), 0, 1
(20,83), 0, 1
(20,86), 0, 1
(20,87), 0, 1
(21,0), 0, 1
(21,4), 0, 1
(21,5), 0, 1
(21,22), 0, 1
(21,47), 0, 1
(21,68), 0, 1
(21,72), 0, 1
(21,77), 0, 1
(21,81), 0, 1
(21,85), 0, 1
(22,5), 0, 1
(22,13), 0, 1
(22,16), 0, 1
(22,18), 0, 1
(22,19), 0, 1
(22,26), 0, 1
(22,40), 0, 1
(22,49), 0, 1
(22,58), 0, 1
(22,60), 0, 1
(22,75), 0, 1
(22,80), 0, 1
(22,83), 0, 1
(22,86), 0, 1
(22,94), 0, 1
(23,2), 0, 1
(23,5), 0, 1
(23,8), 0, 1
(23,10), 0, 1
(23,13), 0, 1
(23,16), 0, 1
(23,18), 0, 1
(23,19), 0, 1
(23,22), 0, 1
(23,26), 0, 1
(23,40), 0, 1
(23,49), 0, 1
(23,58), 0, 1
(23,60), 0, 1
(23,75), 0, 1
(23,80), 0, 1
(23,83), 0, 1
(23,86), 0, 1
(23,87), 0, 1
(24,0), 0, 1
(24,22), 0, 1
(24,47), 0, 1
(24,55), 0, 1
(24,77), 0, 1
(24,85), 0, 1
(25,0), 0, 1
(25,2), 0, 1
(25,3), 0, 1
(25,4), 0, 1
(25,5), 0, 1
(25,6), 0, 1
(25,7), 0, 1
(25,8), 0, 1
(25,9), 0, 1
(25,10), 0, 1
(25,12), 0, 1
(25,13), 0, 1
(25,14), 0, 1
(25,15), 0, 1
(25,16), 0, 1
(25,17), 0, 1
(25,18), 0, 1
(25,19), 0, 1
(25,21), 0, 1
(25,22), 0, 1
(25,24), 0, 1
(25,27), 0, 1
(25,28), 0, 1
(25,29), 0, 1
(25,30), 0, 1
(25,31), 0, 1
(25,32), 0, 1
(25,33), 0, 1
(25,34), 0, 1
(25,35), 0, 1
(25,38), 0, 1
(25,39), 0, 1
(25,43), 0, 1
(25,44), 0, 1
(25,45), 0, 1
(25,46), 0, 1
(25,47), 0, 1
(25,48), 0, 1
(25,49), 0, 1
(25,50), 0, 1
(25,51), 0, 1
(25,56), 0, 1
(25,57), 0, 1
(25,58), 0, 1
(25,59), 0, 1
(25,60), 0, 1
(25,62), 0, 1
(25,65), 0, 1
(25,66), 0, 1
(25,67), 0, 1
(25,71), 0, 1
(25,75), 0, 1
(25,76), 0, 1
(25,77), 0, 1
(25,78), 0, 1
(25,80), 0, 1
(25,82), 0, 1
(25,83), 0, 1
(25,84), 0, 1
(25,85), 0, 1
(25,86), 0, 1
(25,87), 0, 1
(25,88), 0, 1
(25,89), 0, 1
(25,90), 0, 1
(25,91), 0, 1
(25,92), 0, 1
(25,93), 0, 1
(25,95), 0, 1
(26,5), 0, 1
(26,22), 0, 1
(27,2), 0, 1
(27,5), 0, 1
(27,13), 0, 1
(27,16), 0, 1
(27,18), 0, 1
(27,19), 0, 1
(27,26), 0, 1
(27,40), 0, 1
(27,49), 0, 1
(27,60), 0, 1
(27,75), 0, 1
(27,80), 0, 1
(27,83), 0, 1
(27,86), 0, 1
(28,2), 0, 1
(28,5), 0, 1
(28,8), 0, 1
(28,13), 0, 1
(28,16), 0, 1
(28,18), 0, 1
(28,19), 0, 1
(28,22), 0, 1
(28,26), 0, 1
(28,27), 0, 1
(28,40), 0, 1
(28,49), 0, 1
(28,58), 0, 1
(28,75), 0, 1
(28,80), 0, 1
(28,83), 0, 1
(28,86), 0, 1
(28,87), 0, 1
(29,0), 0, 1
(29,2), 0, 1
(29,4), 0, 1
(29,5), 0, 1
(29,6), 0, 1
(29,7), 0, 1
(29,8), 0, 1
(29,9), 0, 1
(29,11), 0, 1
(29,12), 0, 1
(29,13), 0, 1
(29,14), 0, 1
(29,15), 0, 1
(29,16), 0, 1
(29,17), 0, 1
(29,18), 0, 1
(29,19), 0, 1
(29,21), 0, 1
(29,22), 0, 1
(29,24), 0, 1
(29,26), 0, 1
(29,28), 0, 1
(29,30), 0, 1
(29,31), 0, 1
(29,32), 0, 1
(29,33), 0, 1
(29,34), 0, 1
(29,35), 0, 1
(29,38), 0, 1
(29,40), 0, 1
(29,41), 0, 1
(29,42), 0, 1
(29,43), 0, 1
(29,44), 0, 1
(29,45), 0, 1
(29,46), 0, 1
(29,47), 0, 1
(29,48), 0, 1
(29,49), 0, 1
(29,50), 0, 1
(29,51), 0, 1
(29,55), 0, 1
(29,56), 0, 1
(29,58), 0, 1
(29,59), 0, 1
(29,60), 0, 1
(29,62), 0, 1
(29,63), 0, 1
(29,66), 0, 1
(29,67), 0, 1
(29,71), 0, 1
(29,75), 0, 1
(29,76), 0, 1
(29,77), 0, 1
(29,80), 0, 1
(29,82), 0, 1
(29,83), 0, 1
(29,84), 0, 1
(29,85), 0, 1
(29,86), 0, 1
(29,87), 0, 1
(29,88), 0, 1
(29,89), 0, 1
(29,90), 0, 1
(29,91), 0, 1
(29,92), 0, 1
(29,95), 0, 1
(30,0), 0, 1
(30,2), 0, 1
(30,3), 0, 1
(30,4), 0, 1
(30,5), 0, 1
(30,6), 0, 1
(30,8), 0, 1
(30,9), 0, 1
(30,12), 0, 1
(30,13), 0, 1
(30,14), 0, 1
(30,16), 0, 1
(30,17), 0, 1
(30,18), 0, 1
(30,19), 0, 1
(30,21), 0, 1
(30,22), 0, 1
(30,24), 0, 1
(30,26), 0, 1
(30,28), 0, 1
(30,29), 0, 1
(30,31), 0, 1
(30,32), 0, 1
(30,33), 0, 1
(30,34), 0, 1
(30,35), 0, 1
(30,37), 0, 1
(30,38), 0, 1
(30,39), 0, 1
(30,40), 0, 1
(30,42), 0, 1
(30,43), 0, 1
(30,44), 0, 1
(30,46), 0, 1
(30,47), 0, 1
(30,48), 0, 1
(30,49), 0, 1
(30,50), 0, 1
(30,51), 0, 1
(30,54), 0, 1
(30,56), 0, 1
(30,58), 0, 1
(30,59), 0, 1
(30,60), 0, 1
(30,62), 0, 1
(30,63), 0, 1
(30,65), 0, 1
(30,66), 0, 1
(30,67), 0, 1
(30,71), 0, 1
(30,75), 0, 1
(30,76), 0, 1
(30,77), 0, 1
(30,78), 0, 1
(30,80), 0, 1
(30,82), 0, 1
(30,83), 0, 1
(30,85), 0, 1
(30,86), 0, 1
(30,87), 0, 1
(30,88), 0, 1
(30,89), 0, 1
(30,90), 0, 1
(30,92), 0, 1
(30,95), 0, 1
(31,0), 0, 1
(31,4), 0, 1
(31,5), 0, 1
(31,47), 0, 1
(31,55), 0, 1
(31,74), 0, 1
(31,77), 0, 1
(31,81), 0, 1
(31,85), 0, 1
(32,1), 0, 1
(32,2), 0, 1
(32,8), 0, 1
(32,13), 0, 1
(32,16), 0, 1
(32,18), 0, 1
(32,19), 0, 1
(32,22), 0, 1
(32,26), 0, 1
(32,40), 0, 1
(32,41), 0, 1
(32,49), 0, 1
(32,58), 0, 1
(32,75), 0, 1
(32,80), 0, 1
(32,83), 0, 1
(32,86), 0, 1
(32,87), 0, 1
(33,2), 0, 1
(33,8), 0, 1
(33,13), 0, 1
(33,18), 0, 1
(33,19), 0, 1
(33,22), 0, 1
(33,26), 0, 1
(33,40), 0, 1
(33,49), 0, 1
(33,58), 0, 1
(33,60), 0, 1
(33,75), 0, 1
(33,80), 0, 1
(33,83), 0, 1
(33,86), 0, 1
(33,87), 0, 1
(34,2), 0, 1
(34,5), 0, 1
(34,8), 0, 1
(34,13), 0, 1
(34,16), 0, 1
(34,18), 0, 1
(34,19), 0, 1
(34,22), 0, 1
(34,26), 0, 1
(34,27), 0, 1
(34,40), 0, 1
(34,49), 0, 1
(34,58), 0, 1
(34,75), 0, 1
(34,80), 0, 1
(34,83), 0, 1
(34,86), 0, 1
(34,87), 0, 1
(35,0), 0, 1
(35,4), 0, 1
(35,22), 0, 1
(35,47), 0, 1
(35,77), 0, 1
(35,85), 0, 1
(36,5), 0, 1
(36,22), 0, 1
(37,0), 0, 1
(37,2), 0, 1
(37,3), 0, 1
(37,4), 0, 1
(37,5), 0, 1
(37,6), 0, 1
(37,7), 0, 1
(37,8), 0, 1
(37,9), 0, 1
(37,11), 0, 1
(37,12), 0, 1
(37,14), 0, 1
(37,15), 0, 1
(37,16), 0, 1
(37,17), 0, 1
(37,18), 0, 1
(37,19), 0, 1
(37,21), 0, 1
(37,22), 0, 1
(37,24), 0, 1
(37,26), 0, 1
(37,28), 0, 1
(37,30), 0, 1
(37,31), 0, 1
(37,32), 0, 1
(37,34), 0, 1
(37,35), 0, 1
(37,38), 0, 1
(37,39), 0, 1
(37,40), 0, 1
(37,42), 0, 1
(37,43), 0, 1
(37,44), 0, 1
(37,45), 0, 1
(37,46), 0, 1
(37,47), 0, 1
(37,48), 0, 1
(37,49), 0, 1
(37,50), 0, 1
(37,53), 0, 1
(37,56), 0, 1
(37,57), 0, 1
(37,58), 0, 1
(37,59), 0, 1
(37,60), 0, 1
(37,63), 0, 1
(37,64), 0, 1
(37,65), 0, 1
(37,66), 0, 1
(37,67), 0, 1
(37,71), 0, 1
(37,75), 0, 1
(37,76), 0, 1
(37,77), 0, 1
(37,80), 0, 1
(37,82), 0, 1
(37,83), 0, 1
(37,85), 0, 1
(37,86), 0, 1
(37,87), 0, 1
(37,88), 0, 1
(37,89), 0, 1
(37,90), 0, 1
(37,91), 0, 1
(37,92), 0, 1
(37,93), 0, 1
(37,95), 0, 1
(38,0), 0, 1
(38,2), 0, 1
(38,3), 0, 1
(38,4), 0, 1
(38,5), 0, 1
(38,8), 0, 1
(38,9), 0, 1
(38,11), 0, 1
(38,12), 0, 1
(38,13), 0, 1
(38,14), 0, 1
(38,15), 0, 1
(38,16), 0, 1
(38,17), 0, 1
(38,18), 0, 1
(38,19), 0, 1
(38,21), 0, 1
(38,22), 0, 1
(38,24), 0, 1
(38,26), 0, 1
(38,27), 0, 1
(38,28), 0, 1
(38,31), 0, 1
(38,32), 0, 1
(38,33), 0, 1
(38,34), 0, 1
(38,35), 0, 1
(38,39), 0, 1
(38,42), 0, 1
(38,43), 0, 1
(38,44), 0, 1
(38,46), 0, 1
(38,48), 0, 1
(38,49), 0, 1
(38,50), 0, 1
(38,51), 0, 1
(38,56), 0, 1
(38,57), 0, 1
(38,58), 0, 1
(38,60), 0, 1
(38,63), 0, 1
(38,65), 0, 1
(38,66), 0, 1
(38,67), 0, 1
(38,71), 0, 1
(38,73), 0, 1
(38,75), 0, 1
(38,76), 0, 1
(38,77), 0, 1
(38,80), 0, 1
(38,81), 0, 1
(38,82), 0, 1
(38,83), 0, 1
(38,85), 0, 1
(38,86), 0, 1
(38,87), 0, 1
(38,88), 0, 1
(38,89), 0, 1
(38,90), 0, 1
(38,91), 0, 1
(38,92), 0, 1
(38,93), 0, 1
(38,95), 0, 1
(39,2), 0, 1
(39,13), 0, 1
(39,16), 0, 1
(39,18), 0, 1
(39,19), 0, 1
(39,22), 0, 1
(39,26), 0, 1
(39,40), 0, 1
(39,41), 0, 1
(39,52), 0, 1
(39,58), 0, 1
(39,60), 0, 1
(39,75), 0, 1
(39,80), 0, 1
(39,83), 0, 1
(39,86), 0, 1
(39,87), 0, 1
(40,2), 0, 1
(40,5), 0, 1
(40,13), 0, 1
(40,16), 0, 1
(40,18), 0, 1
(40,19), 0, 1
(40,22), 0, 1
(40,26), 0, 1
(40,49), 0, 1
(40,52), 0, 1
(40,58), 0, 1
(40,60), 0, 1
(40,75), 0, 1
(40,80), 0, 1
(40,83), 0, 1
(40,86), 0, 1
(41,0), 0, 1
(41,2), 0, 1
(41,3), 0, 1
(41,4), 0, 1
(41,5), 0, 1
(41,7), 0, 1
(41,9), 0, 1
(41,12), 0, 1
(41,13), 0, 1
(41,14), 0, 1
(41,15), 0, 1
(41,16), 0, 1
(41,17), 0, 1
(41,18), 0, 1
(41,19), 0, 1
(41,21), 0, 1
(41,22), 0, 1
(41,24), 0, 1
(41,26), 0, 1
(41,28), 0, 1
(41,29), 0, 1
(41,30), 0, 1
(41,31), 0, 1
(41,32), 0, 1
(41,33), 0, 1
(41,34), 0, 1
(41,35), 0, 1
(41,37), 0, 1
(41,38), 0, 1
(41,39), 0, 1
(41,40), 0, 1
(41,42), 0, 1
(41,43), 0, 1
(41,44), 0, 1
(41,45), 0, 1
(41,46), 0, 1
(41,47), 0, 1
(41,48), 0, 1
(41,49), 0, 1
(41,50), 0, 1
(41,51), 0, 1
(41,55), 0, 1
(41,56), 0, 1
(41,57), 0, 1
(41,58), 0, 1
(41,59), 0, 1
(41,60), 0, 1
(41,63), 0, 1
(41,65), 0, 1
(41,66), 0, 1
(41,67), 0, 1
(41,71), 0, 1
(41,75), 0, 1
(41,77), 0, 1
(41,80), 0, 1
(41,82), 0, 1
(41,83), 0, 1
(41,84), 0, 1
(41,85), 0, 1
(41,86), 0, 1
(41,87), 0, 1
(41,89), 0, 1
(41,90), 0, 1
(41,91), 0, 1
(41,92), 0, 1
(41,93), 0, 1
(41,95), 0, 1
(42,2), 0, 1
(42,5), 0, 1
(42,8), 0, 1
(42,13), 0, 1
(42,16), 0, 1
(42,18), 0, 1
(42,19), 0, 1
(42,22), 0, 1
(42,26), 0, 1
(42,49), 0, 1
(42,58), 0, 1
(42,60), 0, 1
(42,75), 0, 1
(42,80), 0, 1
(42,83), 0, 1
(42,86), 0, 1
(42,87), 0, 1
(43,2), 0, 1
(43,5), 0, 1
(43,8), 0, 1
(43,13), 0, 1
(43,16), 0, 1
(43,18), 0, 1
(43,19), 0, 1
(43,22), 0, 1
(43,23), 0, 1
(43,26), 0, 1
(43,49), 0, 1
(43,58), 0, 1
(43,64), 0, 1
(43,75), 0, 1
(43,80), 0, 1
(43,83), 0, 1
(43,86), 0, 1
(43,87), 0, 1
(44,2), 0, 1
(44,5), 0, 1
(44,8), 0, 1
(44,13), 0, 1
(44,16), 0, 1
(44,18), 0, 1
(44,19), 0, 1
(44,22), 0, 1
(44,26), 0, 1
(44,37), 0, 1
(44,49), 0, 1
(44,58), 0, 1
(44,60), 0, 1
(44,75), 0, 1
(44,80), 0, 1
(44,83), 0, 1
(44,86), 0, 1
(44,87), 0, 1
(45,5), 0, 1
(45,22), 0, 1
(46,2), 0, 1
(46,5), 0, 1
(46,8), 0, 1
(46,10), 0, 1
(46,13), 0, 1
(46,18), 0, 1
(46,19), 0, 1
(46,20), 0, 1
(46,22), 0, 1
(46,26), 0, 1
(46,40), 0, 1
(46,49), 0, 1
(46,52), 0, 1
(46,58), 0, 1
(46,60), 0, 1
(46,69), 0, 1
(46,80), 0, 1
(46,83), 0, 1
(46,86), 0, 1
(46,87), 0, 1
(47,22), 0, 1
(48,0), 0, 1
(48,1), 0, 1
(48,2), 0, 1
(48,3), 0, 1
(48,4), 0, 1
(48,5), 0, 1
(48,6), 0, 1
(48,7), 0, 1
(48,8), 0, 1
(48,9), 0, 1
(48,11), 0, 1
(48,13), 0, 1
(48,15), 0, 1
(48,16), 0, 1
(48,17), 0, 1
(48,18), 0, 1
(48,20), 0, 1
(48,21), 0, 1
(48,22), 0, 1
(48,24), 0, 1
(48,26), 0, 1
(48,28), 0, 1
(48,30), 0, 1
(48,31), 0, 1
(48,32), 0, 1
(48,34), 0, 1
(48,35), 0, 1
(48,39), 0, 1
(48,42), 0, 1
(48,43), 0, 1
(48,44), 0, 1
(48,45), 0, 1
(48,46), 0, 1
(48,47), 0, 1
(48,49), 0, 1
(48,50), 0, 1
(48,52), 0, 1
(48,56), 0, 1
(48,58), 0, 1
(48,59), 0, 1
(48,60), 0, 1
(48,62), 0, 1
(48,63), 0, 1
(48,65), 0, 1
(48,66), 0, 1
(48,67), 0, 1
(48,71), 0, 1
(48,75), 0, 1
(48,76), 0, 1
(48,77), 0, 1
(48,80), 0, 1
(48,82), 0, 1
(48,83), 0, 1
(48,84), 0, 1
(48,85), 0, 1
(48,86), 0, 1
(48,87), 0, 1
(48,88), 0, 1
(48,89), 0, 1
(48,90), 0, 1
(48,91), 0, 1
(48,95), 0, 1
(49,0), 0, 1
(49,4), 0, 1
(49,22), 0, 1
(49,47), 0, 1
(49,77), 0, 1
(49,85), 0, 1
(50,2), 0, 1
(50,8), 0, 1
(50,13), 0, 1
(50,16), 0, 1
(50,18), 0, 1
(50,19), 0, 1
(50,22), 0, 1
(50,26), 0, 1
(50,40), 0, 1
(50,49), 0, 1
(50,52), 0, 1
(50,60), 0, 1
(50,64), 0, 1
(50,75), 0, 1
(50,80), 0, 1
(50,83), 0, 1
(50,87), 0, 1
(50,94), 0, 1
(51,2), 0, 1
(51,5), 0, 1
(51,13), 0, 1
(51,16), 0, 1
(51,18), 0, 1
(51,19), 0, 1
(51,22), 0, 1
(51,26), 0, 1
(51,37), 0, 1
(51,40), 0, 1
(51,49), 0, 1
(51,58), 0, 1
(51,64), 0, 1
(51,75), 0, 1
(51,80), 0, 1
(51,86), 0, 1
(51,87), 0, 1
(52,0), 0, 1
(52,2), 0, 1
(52,3), 0, 1
(52,4), 0, 1
(52,7), 0, 1
(52,12), 0, 1
(52,14), 0, 1
(52,15), 0, 1
(52,16), 0, 1
(52,17), 0, 1
(52,18), 0, 1
(52,19), 0, 1
(52,21), 0, 1
(52,22), 0, 1
(52,24), 0, 1
(52,26), 0, 1
(52,28), 0, 1
(52,30), 0, 1
(52,32), 0, 1
(52,33), 0, 1
(52,34), 0, 1
(52,35), 0, 1
(52,38), 0, 1
(52,39), 0, 1
(52,40), 0, 1
(52,42), 0, 1
(52,43), 0, 1
(52,44), 0, 1
(52,45), 0, 1
(52,46), 0, 1
(52,47), 0, 1
(52,48), 0, 1
(52,49), 0, 1
(52,50), 0, 1
(52,54), 0, 1
(52,55), 0, 1
(52,57), 0, 1
(52,58), 0, 1
(52,59), 0, 1
(52,60), 0, 1
(52,62), 0, 1
(52,63), 0, 1
(52,64), 0, 1
(52,66), 0, 1
(52,67), 0, 1
(52,71), 0, 1
(52,75), 0, 1
(52,76), 0, 1
(52,77), 0, 1
(52,79), 0, 1
(52,80), 0, 1
(52,82), 0, 1
(52,83), 0, 1
(52,85), 0, 1
(52,86), 0, 1
(52,87), 0, 1
(52,88), 0, 1
(52,90), 0, 1
(52,91), 0, 1
(52,92), 0, 1
(52,93), 0, 1
(52,95), 0, 1
(53,2), 0, 1
(53,8), 0, 1
(53,13), 0, 1
(53,16), 0, 1
(53,18), 0, 1
(53,19), 0, 1
(53,22), 0, 1
(53,26), 0, 1
(53,40), 0, 1
(53,49), 0, 1
(53,58), 0, 1
(53,60), 0, 1
(53,75), 0, 1
(53,80), 0, 1
(53,83), 0, 1
(53,86), 0, 1
(54,2), 0, 1
(54,5), 0, 1
(54,8), 0, 1
(54,13), 0, 1
(54,18), 0, 1
(54,22), 0, 1
(54,49), 0, 1
(54,75), 0, 1
(54,80), 0, 1
(54,83), 0, 1
(54,87), 0, 1
(55,0), 0, 1
(55,4), 0, 1
(55,47), 0, 1
(55,77), 0, 1
(55,85), 0, 1
(56,2), 0, 1
(56,5), 0, 1
(56,8), 0, 1
(56,13), 0, 1
(56,16), 0, 1
(56,18), 0, 1
(56,19), 0, 1
(56,22), 0, 1
(56,23), 0, 1
(56,26), 0, 1
(56,41), 0, 1
(56,49), 0, 1
(56,58), 0, 1
(56,80), 0, 1
(56,83), 0, 1
(56,86), 0, 1
(56,87), 0, 1
(57,22), 0, 1
(58,2), 0, 1
(58,5), 0, 1
(58,8), 0, 1
(58,10), 0, 1
(58,13), 0, 1
(58,16), 0, 1
(58,18), 0, 1
(58,19), 0, 1
(58,22), 0, 1
(58,40), 0, 1
(58,49), 0, 1
(58,60), 0, 1
(58,80), 0, 1
(58,83), 0, 1
(58,86), 0, 1
(58,87), 0, 1
(59,2), 0, 1
(59,5), 0, 1
(59,8), 0, 1
(59,13), 0, 1
(59,16), 0, 1
(59,19), 0, 1
(59,22), 0, 1
(59,26), 0, 1
(59,37), 0, 1
(59,49), 0, 1
(59,58), 0, 1
(59,60), 0, 1
(59,75), 0, 1
(59,80), 0, 1
(59,83), 0, 1
(59,86), 0, 1
(59,87), 0, 1
(60,22), 0, 1
(61,2), 0, 1
(61,13), 0, 1
(61,16), 0, 1
(61,18), 0, 1
(61,19), 0, 1
(61,26), 0, 1
(61,40), 0, 1
(61,49), 0, 1
(61,52), 0, 1
(61,58), 0, 1
(61,60), 0, 1
(61,75), 0, 1
(61,80), 0, 1
(61,83), 0, 1
(61,86), 0, 1
(61,87), 0, 1
(62,22), 0, 1
(63,2), 0, 1
(63,13), 0, 1
(63,16), 0, 1
(63,18), 0, 1
(63,19), 0, 1
(63,22), 0, 1
(63,26), 0, 1
(63,49), 0, 1
(63,58), 0, 1
(63,60), 0, 1
(63,75), 0, 1
(63,80), 0, 1
(63,83), 0, 1
(63,86), 0, 1
(63,87), 0, 1
(64,0), 0, 1
(64,2), 0, 1
(64,3), 0, 1
(64,5), 0, 1
(64,7), 0, 1
(64,8), 0, 1
(64,12), 0, 1
(64,14), 0, 1
(64,15), 0, 1
(64,16), 0, 1
(64,19), 0, 1
(64,21), 0, 1
(64,22), 0, 1
(64,24), 0, 1
(64,25), 0, 1
(64,26), 0, 1
(64,28), 0, 1
(64,30), 0, 1
(64,31), 0, 1
(64,32), 0, 1
(64,33), 0, 1
(64,34), 0, 1
(64,38), 0, 1
(64,39), 0, 1
(64,40), 0, 1
(64,42), 0, 1
(64,43), 0, 1
(64,44), 0, 1
(64,47), 0, 1
(64,48), 0, 1
(64,49), 0, 1
(64,50), 0, 1
(64,55), 0, 1
(64,56), 0, 1
(64,57), 0, 1
(64,59), 0, 1
(64,60), 0, 1
(64,62), 0, 1
(64,63), 0, 1
(64,65), 0, 1
(64,66), 0, 1
(64,67), 0, 1
(64,74), 0, 1
(64,75), 0, 1
(64,76), 0, 1
(64,77), 0, 1
(64,78), 0, 1
(64,80), 0, 1
(64,82), 0, 1
(64,83), 0, 1
(64,84), 0, 1
(64,85), 0, 1
(64,86), 0, 1
(64,87), 0, 1
(64,89), 0, 1
(64,90), 0, 1
(64,91), 0, 1
(64,92), 0, 1
(64,93), 0, 1
(64,95), 0, 1
(65,2), 0, 1
(65,5), 0, 1
(65,8), 0, 1
(65,13), 0, 1
(65,16), 0, 1
(65,18), 0, 1
(65,19), 0, 1
(65,22), 0, 1
(65,26), 0, 1
(65,37), 0, 1
(65,40), 0, 1
(65,49), 0, 1
(65,58), 0, 1
(65,75), 0, 1
(65,83), 0, 1
(66,2), 0, 1
(66,8), 0, 1
(66,13), 0, 1
(66,18), 0, 1
(66,19), 0, 1
(66,20), 0, 1
(66,22), 0, 1
(66,26), 0, 1
(66,40), 0, 1
(66,49), 0, 1
(66,58), 0, 1
(66,60), 0, 1
(66,75), 0, 1
(66,80), 0, 1
(66,83), 0, 1
(66,86), 0, 1
(66,87), 0, 1
(67,1), 0, 1
(67,2), 0, 1
(67,13), 0, 1
(67,16), 0, 1
(67,19), 0, 1
(67,22), 0, 1
(67,26), 0, 1
(67,49), 0, 1
(67,58), 0, 1
(67,60), 0, 1
(67,75), 0, 1
(67,80), 0, 1
(67,83), 0, 1
(67,86), 0, 1
(67,87), 0, 1
(68,0), 0, 1
(68,3), 0, 1
(68,4), 0, 1
(68,6), 0, 1
(68,7), 0, 1
(68,8), 0, 1
(68,11), 0, 1
(68,12), 0, 1
(68,14), 0, 1
(68,15), 0, 1
(68,16), 0, 1
(68,17), 0, 1
(68,18), 0, 1
(68,19), 0, 1
(68,21), 0, 1
(68,22), 0, 1
(68,24), 0, 1
(68,26), 0, 1
(68,28), 0, 1
(68,30), 0, 1
(68,31), 0, 1
(68,32), 0, 1
(68,33), 0, 1
(68,34), 0, 1
(68,35), 0, 1
(68,36), 0, 1
(68,38), 0, 1
(68,42), 0, 1
(68,43), 0, 1
(68,44), 0, 1
(68,46), 0, 1
(68,47), 0, 1
(68,48), 0, 1
(68,49), 0, 1
(68,50), 0, 1
(68,51), 0, 1
(68,55), 0, 1
(68,56), 0, 1
(68,57), 0, 1
(68,58), 0, 1
(68,59), 0, 1
(68,60), 0, 1
(68,61), 0, 1
(68,62), 0, 1
(68,63), 0, 1
(68,65), 0, 1
(68,66), 0, 1
(68,67), 0, 1
(68,71), 0, 1
(68,75), 0, 1
(68,77), 0, 1
(68,80), 0, 1
(68,82), 0, 1
(68,83), 0, 1
(68,84), 0, 1
(68,85), 0, 1
(68,86), 0, 1
(68,87), 0, 1
(68,88), 0, 1
(68,89), 0, 1
(68,90), 0, 1
(68,91), 0, 1
(68,93), 0, 1
(68,95), 0, 1
(69,0), 0, 1
(69,2), 0, 1
(69,3), 0, 1
(69,4), 0, 1
(69,5), 0, 1
(69,6), 0, 1
(69,7), 0, 1
(69,9), 0, 1
(69,11), 0, 1
(69,12), 0, 1
(69,13), 0, 1
(69,14), 0, 1
(69,15), 0, 1
(69,16), 0, 1
(69,17), 0, 1
(69,18), 0, 1
(69,19), 0, 1
(69,22), 0, 1
(69,24), 0, 1
(69,26), 0, 1
(69,28), 0, 1
(69,30), 0, 1
(69,31), 0, 1
(69,32), 0, 1
(69,33), 0, 1
(69,34), 0, 1
(69,35), 0, 1
(69,38), 0, 1
(69,39), 0, 1
(69,40), 0, 1
(69,42), 0, 1
(69,43), 0, 1
(69,44), 0, 1
(69,45), 0, 1
(69,47), 0, 1
(69,48), 0, 1
(69,49), 0, 1
(69,50), 0, 1
(69,51), 0, 1
(69,54), 0, 1
(69,55), 0, 1
(69,56), 0, 1
(69,58), 0, 1
(69,59), 0, 1
(69,60), 0, 1
(69,62), 0, 1
(69,63), 0, 1
(69,65), 0, 1
(69,66), 0, 1
(69,67), 0, 1
(69,70), 0, 1
(69,71), 0, 1
(69,75), 0, 1
(69,76), 0, 1
(69,77), 0, 1
(69,80), 0, 1
(69,82), 0, 1
(69,83), 0, 1
(69,84), 0, 1
(69,85), 0, 1
(69,86), 0, 1
(69,87), 0, 1
(69,88), 0, 1
(69,89), 0, 1
(69,90), 0, 1
(69,91), 0, 1
(69,92), 0, 1
(69,93), 0, 1
(69,95), 0, 1
(70,0), 0, 1
(70,2), 0, 1
(70,3), 0, 1
(70,4), 0, 1
(70,5), 0, 1
(70,8), 0, 1
(70,9), 0, 1
(70,11), 0, 1
(70,12), 0, 1
(70,13), 0, 1
(70,14), 0, 1
(70,16), 0, 1
(70,17), 0, 1
(70,18), 0, 1
(70,19), 0, 1
(70,21), 0, 1
(70,22), 0, 1
(70,24), 0, 1
(70,26), 0, 1
(70,28), 0, 1
(70,31), 0, 1
(70,32), 0, 1
(70,33), 0, 1
(70,34), 0, 1
(70,35), 0, 1
(70,38), 0, 1
(70,40), 0, 1
(70,43), 0, 1
(70,44), 0, 1
(70,45), 0, 1
(70,46), 0, 1
(70,47), 0, 1
(70,48), 0, 1
(70,49), 0, 1
(70,50), 0, 1
(70,51), 0, 1
(70,55), 0, 1
(70,56), 0, 1
(70,58), 0, 1
(70,59), 0, 1
(70,60), 0, 1
(70,62), 0, 1
(70,63), 0, 1
(70,65), 0, 1
(70,66), 0, 1
(70,67), 0, 1
(70,71), 0, 1
(70,75), 0, 1
(70,76), 0, 1
(70,77), 0, 1
(70,80), 0, 1
(70,82), 0, 1
(70,83), 0, 1
(70,84), 0, 1
(70,85), 0, 1
(70,86), 0, 1
(70,87), 0, 1
(70,88), 0, 1
(70,89), 0, 1
(70,90), 0, 1
(70,91), 0, 1
(70,92), 0, 1
(70,93), 0, 1
(70,95), 0, 1
(71,2), 0, 1
(71,5), 0, 1
(71,8), 0, 1
(71,13), 0, 1
(71,16), 0, 1
(71,18), 0, 1
(71,19), 0, 1
(71,22), 0, 1
(71,26), 0, 1
(71,37), 0, 1
(71,40), 0, 1
(71,49), 0, 1
(71,58), 0, 1
(71,60), 0, 1
(71,75), 0, 1
(71,80), 0, 1
(71,83), 0, 1
(71,86), 0, 1
(71,87), 0, 1
(72,4), 0, 1
(72,5), 0, 1
(72,47), 0, 1
(72,55), 0, 1
(72,68), 0, 1
(72,77), 0, 1
(72,85), 0, 1
(73,2), 0, 1
(73,5), 0, 1
(73,8), 0, 1
(73,13), 0, 1
(73,18), 0, 1
(73,19), 0, 1
(73,26), 0, 1
(73,37), 0, 1
(73,40), 0, 1
(73,49), 0, 1
(73,58), 0, 1
(73,60), 0, 1
(73,75), 0, 1
(73,80), 0, 1
(73,83), 0, 1
(73,86), 0, 1
(73,87), 0, 1
(74,2), 0, 1
(74,5), 0, 1
(74,13), 0, 1
(74,16), 0, 1
(74,19), 0, 1
(74,22), 0, 1
(74,40), 0, 1
(74,49), 0, 1
(74,54), 0, 1
(74,58), 0, 1
(74,60), 0, 1
(74,75), 0, 1
(74,80), 0, 1
(74,83), 0, 1
(74,86), 0, 1
(74,87), 0, 1
(75,0), 0, 1
(75,4), 0, 1
(75,5), 0, 1
(75,22), 0, 1
(75,47), 0, 1
(75,55), 0, 1
(75,77), 0, 1
(75,85), 0, 1
(76,0), 0, 1
(76,4), 0, 1
(76,22), 0, 1
(76,47), 0, 1
(76,55), 0, 1
(76,77), 0, 1
(76,85), 0, 1
(77,2), 0, 1
(77,5), 0, 1
(77,13), 0, 1
(77,16), 0, 1
(77,18), 0, 1
(77,19), 0, 1
(77,26), 0, 1
(77,40), 0, 1
(77,49), 0, 1
(77,58), 0, 1
(77,60), 0, 1
(77,75), 0, 1
(77,83), 0, 1
(77,86), 0, 1
(77,87), 0, 1
(78,0), 0, 1
(78,2), 0, 1
(78,3), 0, 1
(78,4), 0, 1
(78,6), 0, 1
(78,7), 0, 1
(78,8), 0, 1
(78,9), 0, 1
(78,11), 0, 1
(78,13), 0, 1
(78,15), 0, 1
(78,16), 0, 1
(78,17), 0, 1
(78,18), 0, 1
(78,19), 0, 1
(78,21), 0, 1
(78,22), 0, 1
(78,24), 0, 1
(78,26), 0, 1
(78,28), 0, 1
(78,31), 0, 1
(78,32), 0, 1
(78,33), 0, 1
(78,34), 0, 1
(78,35), 0, 1
(78,37), 0, 1
(78,39), 0, 1
(78,40), 0, 1
(78,42), 0, 1
(78,43), 0, 1
(78,44), 0, 1
(78,46), 0, 1
(78,47), 0, 1
(78,48), 0, 1
(78,49), 0, 1
(78,51), 0, 1
(78,56), 0, 1
(78,57), 0, 1
(78,58), 0, 1
(78,59), 0, 1
(78,62), 0, 1
(78,63), 0, 1
(78,65), 0, 1
(78,66), 0, 1
(78,67), 0, 1
(78,71), 0, 1
(78,75), 0, 1
(78,76), 0, 1
(78,77), 0, 1
(78,80), 0, 1
(78,82), 0, 1
(78,83), 0, 1
(78,85), 0, 1
(78,86), 0, 1
(78,87), 0, 1
(78,88), 0, 1
(78,89), 0, 1
(78,90), 0, 1
(78,91), 0, 1
(78,92), 0, 1
(78,93), 0, 1
(78,95), 0, 1
(79,0), 0, 1
(79,2), 0, 1
(79,4), 0, 1
(79,5), 0, 1
(79,6), 0, 1
(79,8), 0, 1
(79,11), 0, 1
(79,12), 0, 1
(79,14), 0, 1
(79,15), 0, 1
(79,16), 0, 1
(79,17), 0, 1
(79,18), 0, 1
(79,19), 0, 1
(79,21), 0, 1
(79,22), 0, 1
(79,24), 0, 1
(79,26), 0, 1
(79,28), 0, 1
(79,30), 0, 1
(79,31), 0, 1
(79,32), 0, 1
(79,33), 0, 1
(79,34), 0, 1
(79,35), 0, 1
(79,42), 0, 1
(79,43), 0, 1
(79,44), 0, 1
(79,45), 0, 1
(79,46), 0, 1
(79,47), 0, 1
(79,48), 0, 1
(79,49), 0, 1
(79,50), 0, 1
(79,51), 0, 1
(79,56), 0, 1
(79,57), 0, 1
(79,58), 0, 1
(79,59), 0, 1
(79,60), 0, 1
(79,63), 0, 1
(79,65), 0, 1
(79,66), 0, 1
(79,67), 0, 1
(79,71), 0, 1
(79,75), 0, 1
(79,76), 0, 1
(79,77), 0, 1
(79,80), 0, 1
(79,81), 0, 1
(79,83), 0, 1
(79,84), 0, 1
(79,85), 0, 1
(79,86), 0, 1
(79,87), 0, 1
(79,88), 0, 1
(79,89), 0, 1
(79,90), 0, 1
(79,91), 0, 1
(79,92), 0, 1
(80,0), 0, 1
(80,4), 0, 1
(80,22), 0, 1
(80,47), 0, 1
(80,55), 0, 1
(80,77), 0, 1
(80,85), 0, 1
(81,2), 0, 1
(81,4), 0, 1
(81,5), 0, 1
(81,6), 0, 1
(81,8), 0, 1
(81,12), 0, 1
(81,13), 0, 1
(81,14), 0, 1
(81,15), 0, 1
(81,16), 0, 1
(81,17), 0, 1
(81,18), 0, 1
(81,19), 0, 1
(81,22), 0, 1
(81,24), 0, 1
(81,26), 0, 1
(81,28), 0, 1
(81,30), 0, 1
(81,31), 0, 1
(81,32), 0, 1
(81,33), 0, 1
(81,34), 0, 1
(81,38), 0, 1
(81,40), 0, 1
(81,42), 0, 1
(81,43), 0, 1
(81,44), 0, 1
(81,46), 0, 1
(81,47), 0, 1
(81,48), 0, 1
(81,49), 0, 1
(81,50), 0, 1
(81,51), 0, 1
(81,55), 0, 1
(81,56), 0, 1
(81,57), 0, 1
(81,58), 0, 1
(81,59), 0, 1
(81,62), 0, 1
(81,63), 0, 1
(81,65), 0, 1
(81,66), 0, 1
(81,67), 0, 1
(81,71), 0, 1
(81,75), 0, 1
(81,76), 0, 1
(81,77), 0, 1
(81,80), 0, 1
(81,82), 0, 1
(81,83), 0, 1
(81,85), 0, 1
(81,86), 0, 1
(81,87), 0, 1
(81,88), 0, 1
(81,89), 0, 1
(81,90), 0, 1
(81,91), 0, 1
(81,92), 0, 1
(81,93), 0, 1
(81,95), 0, 1
(82,2), 0, 1
(82,5), 0, 1
(82,8), 0, 1
(82,13), 0, 1
(82,16), 0, 1
(82,18), 0, 1
(82,19), 0, 1
(82,22), 0, 1
(82,26), 0, 1
(82,37), 0, 1
(82,40), 0, 1
(82,49), 0, 1
(82,75), 0, 1
(82,80), 0, 1
(82,83), 0, 1
(82,86), 0, 1
(82,87), 0, 1
(83,2), 0, 1
(83,5), 0, 1
(83,8), 0, 1
(83,13), 0, 1
(83,16), 0, 1
(83,18), 0, 1
(83,19), 0, 1
(83,22), 0, 1
(83,26), 0, 1
(83,40), 0, 1
(83,49), 0, 1
(83,58), 0, 1
(83,69), 0, 1
(83,75), 0, 1
(83,80), 0, 1
(83,86), 0, 1
(83,87), 0, 1
(84,2), 0, 1
(84,5), 0, 1
(84,8), 0, 1
(84,10), 0, 1
(84,13), 0, 1
(84,16), 0, 1
(84,18), 0, 1
(84,19), 0, 1
(84,22), 0, 1
(84,40), 0, 1
(84,49), 0, 1
(84,58), 0, 1
(84,60), 0, 1
(84,83), 0, 1
(84,86), 0, 1
(84,87), 0, 1
(85,5), 0, 1
(85,22), 0, 1
(86,5), 0, 1
(86,22), 0, 1
(87,0), 0, 1
(87,4), 0, 1
(87,5), 0, 1
(87,22), 0, 1
(87,47), 0, 1
(87,55), 0, 1
(87,77), 0, 1
(87,81), 0, 1
(87,85), 0, 1
(88,5), 0, 1
(88,8), 0, 1
(88,13), 0, 1
(88,16), 0, 1
(88,18), 0, 1
(88,19), 0, 1
(88,20), 0, 1
(88,26), 0, 1
(88,49), 0, 1
(88,54), 0, 1
(88,58), 0, 1
(88,60), 0, 1
(88,75), 0, 1
(88,80), 0, 1
(88,83), 0, 1
(88,86), 0, 1
(88,87), 0, 1
(89,2), 0, 1
(89,5), 0, 1
(89,13), 0, 1
(89,16), 0, 1
(89,18), 0, 1
(89,19), 0, 1
(89,22), 0, 1
(89,26), 0, 1
(89,49), 0, 1
(89,52), 0, 1
(89,54), 0, 1
(89,60), 0, 1
(89,75), 0, 1
(89,80), 0, 1
(89,83), 0, 1
(89,86), 0, 1
(90,2), 0, 1
(90,5), 0, 1
(90,13), 0, 1
(90,16), 0, 1
(90,18), 0, 1
(90,19), 0, 1
(90,22), 0, 1
(90,26), 0, 1
(90,37), 0, 1
(90,40), 0, 1
(90,49), 0, 1
(90,58), 0, 1
(90,60), 0, 1
(90,64), 0, 1
(90,75), 0, 1
(90,80), 0, 1
(90,83), 0, 1
(90,86), 0, 1
(91,2), 0, 1
(91,13), 0, 1
(91,16), 0, 1
(91,18), 0, 1
(91,19), 0, 1
(91,22), 0, 1
(91,26), 0, 1
(91,40), 0, 1
(91,49), 0, 1
(91,58), 0, 1
(91,75), 0, 1
(91,80), 0, 1
(91,83), 0, 1
(91,86), 0, 1
(91,87), 0, 1
(92,2), 0, 1
(92,5), 0, 1
(92,8), 0, 1
(92,13), 0, 1
(92,16), 0, 1
(92,18), 0, 1
(92,19), 0, 1
(92,22), 0, 1
(92,23), 0, 1
(92,26), 0, 1
(92,40), 0, 1
(92,49), 0, 1
(92,58), 0, 1
(92,60), 0, 1
(92,69), 0, 1
(92,75), 0, 1
(92,80), 0, 1
(92,83), 0, 1
(92,86), 0, 1
(92,87), 0, 1
(93,2), 0, 1
(93,5), 0, 1
(93,8), 0, 1
(93,13), 0, 1
(93,16), 0, 1
(93,19), 0, 1
(93,22), 0, 1
(93,23), 0, 1
(93,26), 0, 1
(93,40), 0, 1
(93,49), 0, 1
(93,58), 0, 1
(93,60), 0, 1
(93,69), 0, 1
(93,75), 0, 1
(93,80), 0, 1
(93,83), 0, 1
(93,86), 0, 1
(93,87), 0, 1
(94,0), 0, 1
(94,2), 0, 1
(94,3), 0, 1
(94,4), 0, 1
(94,6), 0, 1
(94,7), 0, 1
(94,8), 0, 1
(94,9), 0, 1
(94,13), 0, 1
(94,14), 0, 1
(94,15), 0, 1
(94,16), 0, 1
(94,17), 0, 1
(94,18), 0, 1
(94,19), 0, 1
(94,21), 0, 1
(94,24), 0, 1
(94,26), 0, 1
(94,28), 0, 1
(94,31), 0, 1
(94,32), 0, 1
(94,33), 0, 1
(94,34), 0, 1
(94,38), 0, 1
(94,40), 0, 1
(94,42), 0, 1
(94,43), 0, 1
(94,44), 0, 1
(94,46), 0, 1
(94,47), 0, 1
(94,48), 0, 1
(94,49), 0, 1
(94,50), 0, 1
(94,51), 0, 1
(94,55), 0, 1
(94,56), 0, 1
(94,57), 0, 1
(94,58), 0, 1
(94,59), 0, 1
(94,60), 0, 1
(94,62), 0, 1
(94,63), 0, 1
(94,64), 0, 1
(94,65), 0, 1
(94,66), 0, 1
(94,67), 0, 1
(94,68), 0, 1
(94,71), 0, 1
(94,75), 0, 1
(94,76), 0, 1
(94,77), 0, 1
(94,80), 0, 1
(94,82), 0, 1
(94,83), 0, 1
(94,84), 0, 1
(94,85), 0, 1
(94,86), 0, 1
(94,87), 0, 1
(94,88), 0, 1
(94,90), 0, 1
(94,91), 0, 1
(94,93), 0, 1
(94,95), 0, 1
(95,0), 0, 1
(95,4), 0, 1
(95,22), 0, 1
(95,47), 0, 1
(95,68), 0, 1
(95,74), 0, 1
(95,77), 0, 1
(95,85), 0, 1
(96,0), 0, 1
(96,2), 0, 1
(96,3), 0, 1
(96,4), 0, 1
(96,7), 0, 1
(96,8), 0, 1
(96,11), 0, 1
(96,13), 0, 1
(96,14), 0, 1
(96,15), 0, 1
(96,16), 0, 1
(96,17), 0, 1
(96,18), 0, 1
(96,19), 0, 1
(96,21), 0, 1
(96,22), 0, 1
(96,24), 0, 1
(96,26), 0, 1
(96,27), 0, 1
(96,28), 0, 1
(96,29), 0, 1
(96,30), 0, 1
(96,31), 0, 1
(96,32), 0, 1
(96,33), 0, 1
(96,34), 0, 1
(96,35), 0, 1
(96,38), 0, 1
(96,42), 0, 1
(96,43), 0, 1
(96,44), 0, 1
(96,45), 0, 1
(96,46), 0, 1
(96,47), 0, 1
(96,48), 0, 1
(96,49), 0, 1
(96,50), 0, 1
(96,57), 0, 1
(96,59), 0, 1
(96,62), 0, 1
(96,63), 0, 1
(96,65), 0, 1
(96,66), 0, 1
(96,67), 0, 1
(96,69), 0, 1
(96,71), 0, 1
(96,75), 0, 1
(96,76), 0, 1
(96,77), 0, 1
(96,80), 0, 1
(96,82), 0, 1
(96,83), 0, 1
(96,84), 0, 1
(96,85), 0, 1
(96,86), 0, 1
(96,87), 0, 1
(96,88), 0, 1
(96,89), 0, 1
(96,90), 0, 1
(96,91), 0, 1
(96,92), 0, 1
(96,93), 0, 1
(96,95), 0, 1
(97,2), 0, 1
(97,5), 0, 1
(97,10), 0, 1
(97,13), 0, 1
(97,16), 0, 1
(97,18), 0, 1
(97,19), 0, 1
(97,22), 0, 1
(97,26), 0, 1
(97,40), 0, 1
(97,49), 0, 1
(97,58), 0, 1
(97,75), 0, 1
(97,80), 0, 1
(97,83), 0, 1
(97,86), 0, 1
(97,87), 0, 1
(98,0), 0, 1
(98,4), 0, 1
(98,22), 0, 1
(98,47), 0, 1
(98,55), 0, 1
(98,77), 0, 1
(98,85), 0, 1
(99,0), 0, 1
(99,2), 0, 1
(99,3), 0, 1
(99,4), 0, 1
(99,6), 0, 1
(99,7), 0, 1
(99,8), 0, 1
(99,11), 0, 1
(99,12), 0, 1
(99,13), 0, 1
(99,15), 0, 1
(99,16), 0, 1
(99,18), 0, 1
(99,21), 0, 1
(99,24), 0, 1
(99,26), 0, 1
(99,27), 0, 1
(99,28), 0, 1
(99,30), 0, 1
(99,31), 0, 1
(99,33), 0, 1
(99,34), 0, 1
(99,35), 0, 1
(99,38), 0, 1
(99,41), 0, 1
(99,42), 0, 1
(99,43), 0, 1
(99,44), 0, 1
(99,46), 0, 1
(99,47), 0, 1
(99,48), 0, 1
(99,49), 0, 1
(99,50), 0, 1
(99,51), 0, 1
(99,52), 0, 1
(99,54), 0, 1
(99,56), 0, 1
(99,57), 0, 1
(99,58), 0, 1
(99,59), 0, 1
(99,60), 0, 1
(99,63), 0, 1
(99,65), 0, 1
(99,66), 0, 1
(99,67), 0, 1
(99,71), 0, 1
(99,75), 0, 1
(99,76), 0, 1
(99,77), 0, 1
(99,80), 0, 1
(99,82), 0, 1
(99,83), 0, 1
(99,85), 0, 1
(99,86), 0, 1
(99,87), 0, 1
(99,88), 0, 1
(99,89), 0, 1
(99,90), 0, 1
(99,91), 0, 1
(99,92), 0, 1
(99,93), 0, 1
(99,94), 0, 1
(99,95), 0, 1
