Nr_Pairs = 95
Nr_NDD = 5
Nr_Arcs = 2421
0	0.90
1	0.10
2	0.10
3	0.92
4	0.32
5	0.5
6	0.10
7	0.28
8	0.92
9	0.5
10	0.28
11	0.90
12	0.5
13	0.90
14	0.5
15	0.5
16	0.90
17	0.5
18	0.28
19	0.10
20	0.10
21	0.5
22	0.92
23	0.28
24	0.32
25	0.5
26	0.92
27	0.5
28	0.5
29	0.32
30	0.28
31	0.5
32	0.5
33	0.90
34	0.32
35	0.92
36	0.92
37	0.5
38	0.5
39	0.90
40	0.90
41	0.10
42	0.5
43	0.28
44	0.5
45	0.32
46	0.90
47	0.5
48	0.32
49	0.5
50	0.5
51	0.5
52	0.5
53	0.5
54	0.10
55	0.5
56	0.5
57	0.90
58	0.28
59	0.5
60	0.10
61	0.28
62	0.28
63	0.28
64	0.5
65	0.10
66	0.28
67	0.10
68	0.10
69	0.5
70	0.90
71	0.90
72	0.5
73	0.28
74	0.5
75	0.92
76	0.92
77	0.28
78	0.5
79	0.5
80	0.10
81	0.5
82	0.90
83	0.28
84	0.28
85	0.5
86	0.5
87	0.5
88	0.5
89	0.5
90	0.5
91	0.90
92	0.90
93	0.92
94	0.5
95	0.0
96	0.0
97	0.0
98	0.0
99	0.0
(0,2), 0, 1
(0,6), 0, 1
(0,10), 0, 1
(0,24), 0, 1
(0,30), 0, 1
(0,41), 0, 1
(0,42), 0, 1
(0,48), 0, 1
(0,54), 0, 1
(0,65), 0, 1
(0,67), 0, 1
(0,69), 0, 1
(0,71), 0, 1
(0,73), 0, 1
(0,81), 0, 1
(0,87), 0, 1
(0,94), 0, 1
(1,5), 0, 1
(1,7), 0, 1
(1,16), 0, 1
(1,21), 0, 1
(1,49), 0, 1
(1,58), 0, 1
(1,59), 0, 1
(1,68), 0, 1
(1,72), 0, 1
(1,83), 0, 1
(1,86), 0, 1
(2,1), 0, 1
(2,5), 0, 1
(2,6), 0, 1
(2,7), 0, 1
(2,9), 0, 1
(2,10), 0, 1
(2,12), 0, 1
(2,14), 0, 1
(2,15), 0, 1
(2,17), 0, 1
(2,18), 0, 1
(2,19), 0, 1
(2,20), 0, 1
(2,21), 0, 1
(2,23), 0, 1
(2,24), 0, 1
(2,25), 0, 1
(2,27), 0, 1
(2,28), 0, 1
(2,30), 0, 1
(2,31), 0, 1
(2,32), 0, 1
(2,33), 0, 1
(2,34), 0, 1
(2,37), 0, 1
(2,38), 0, 1
(2,41), 0, 1
(2,42), 0, 1
(2,44), 0, 1
(2,45), 0, 1
(2,47), 0, 1
(2,48), 0, 1
(2,49), 0, 1
(2,50), 0, 1
(2,51), 0, 1
(2,52), 0, 1
(2,53), 0, 1
(2,54), 0, 1
(2,55), 0, 1
(2,56), 0, 1
(2,58), 0, 1
(2,59), 0, 1
(2,60), 0, 1
(2,62), 0, 1
(2,63), 0, 1
(2,64), 0, 1
(2,65), 0, 1
(2,66), 0, 1
(2,67), 0, 1
(2,68), 0, 1
(2,69), 0, 1
(2,72), 0, 1
(2,74), 0, 1
(2,78), 0, 1
(2,79), 0, 1
(2,80), 0, 1
(2,81), 0, 1
(2,83), 0, 1
(2,84), 0, 1
(2,85), 0, 1
(2,86), 0, 1
(2,87), 0, 1
(2,88), 0, 1
(2,89), 0, 1
(2,90), 0, 1
(2,94), 0, 1
(3,2), 0, 1
(3,6), 0, 1
(3,10), 0, 1
(3,24), 0, 1
(3,30), 0, 1
(3,42), 0, 1
(3,48), 0, 1
(3,54), 0, 1
(3,65), 0, 1
(3,67), 0, 1
(3,69), 0, 1
(3,71), 0, 1
(3,81), 0, 1
(3,84), 0, 1
(3,87), 0, 1
(3,94), 0, 1
(4,5), 0, 1
(4,7), 0, 1
(4,21), 0, 1
(4,49), 0, 1
(4,58), 0, 1
(4,59), 0, 1
(4,72), 0, 1
(4,83), 0, 1
(4,86), 0, 1
(5,1), 0, 1
(5,2), 0, 1
(5,4), 0, 1
(5,6), 0, 1
(5,8), 0, 1
(5,9), 0, 1
(5,12), 0, 1
(5,14), 0, 1
(5,15), 0, 1
(5,17), 0, 1
(5,18), 0, 1
(5,19), 0, 1
(5,20), 0, 1
(5,23), 0, 1
(5,25), 0, 1
(5,27), 0, 1
(5,28), 0, 1
(5,29), 0, 1
(5,30), 0, 1
(5,31), 0, 1
(5,32), 0, 1
(5,34), 0, 1
(5,37), 0, 1
(5,38), 0, 1
(5,41), 0, 1
(5,42), 0, 1
(5,43), 0, 1
(5,44), 0, 1
(5,45), 0, 1
(5,47), 0, 1
(5,48), 0, 1
(5,49), 0, 1
(5,50), 0, 1
(5,51), 0, 1
(5,52), 0, 1
(5,53), 0, 1
(5,54), 0, 1
(5,55), 0, 1
(5,56), 0, 1
(5,58), 0, 1
(5,59), 0, 1
(5,60), 0, 1
(5,61), 0, 1
(5,62), 0, 1
(5,63), 0, 1
(5,64), 0, 1
(5,65), 0, 1
(5,66), 0, 1
(5,67), 0, 1
(5,68), 0, 1
(5,69), 0, 1
(5,72), 0, 1
(5,73), 0, 1
(5,74), 0, 1
(5,77), 0, 1
(5,78), 0, 1
(5,79), 0, 1
(5,80), 0, 1
(5,81), 0, 1
(5,84), 0, 1
(5,85), 0, 1
(5,86), 0, 1
(5,87), 0, 1
(5,88), 0, 1
(5,89), 0, 1
(5,90), 0, 1
(5,91), 0, 1
(5,93), 0, 1
(5,94), 0, 1
(6,5), 0, 1
(6,7), 0, 1
(6,21), 0, 1
(6,49), 0, 1
(6,58), 0, 1
(6,59), 0, 1
(6,68), 0, 1
(6,83), 0, 1
(6,86), 0, 1
(7,2), 0, 1
(7,6), 0, 1
(7,10), 0, 1
(7,24), 0, 1
(7,33), 0, 1
(7,41), 0, 1
(7,42), 0, 1
(7,48), 0, 1
(7,54), 0, 1
(7,65), 0, 1
(7,67), 0, 1
(7,69), 0, 1
(7,73), 0, 1
(7,81), 0, 1
(7,87), 0, 1
(7,94), 0, 1
(8,1), 0, 1
(8,2), 0, 1
(8,4), 0, 1
(8,5), 0, 1
(8,6), 0, 1
(8,7), 0, 1
(8,9), 0, 1
(8,10), 0, 1
(8,12), 0, 1
(8,14), 0, 1
(8,17), 0, 1
(8,18), 0, 1
(8,19), 0, 1
(8,20), 0, 1
(8,21), 0, 1
(8,24), 0, 1
(8,27), 0, 1
(8,30), 0, 1
(8,31), 0, 1
(8,32), 0, 1
(8,34), 0, 1
(8,37), 0, 1
(8,38), 0, 1
(8,41), 0, 1
(8,42), 0, 1
(8,43), 0, 1
(8,44), 0, 1
(8,47), 0, 1
(8,49), 0, 1
(8,50), 0, 1
(8,51), 0, 1
(8,52), 0, 1
(8,53), 0, 1
(8,54), 0, 1
(8,55), 0, 1
(8,56), 0, 1
(8,57), 0, 1
(8,58), 0, 1
(8,59), 0, 1
(8,60), 0, 1
(8,61), 0, 1
(8,63), 0, 1
(8,64), 0, 1
(8,65), 0, 1
(8,66), 0, 1
(8,67), 0, 1
(8,68), 0, 1
(8,69), 0, 1
(8,72), 0, 1
(8,73), 0, 1
(8,74), 0, 1
(8,77), 0, 1
(8,78), 0, 1
(8,79), 0, 1
(8,80), 0, 1
(8,81), 0, 1
(8,83), 0, 1
(8,85), 0, 1
(8,86), 0, 1
(8,87), 0, 1
(8,88), 0, 1
(8,89), 0, 1
(8,94), 0, 1
(9,2), 0, 1
(9,6), 0, 1
(9,13), 0, 1
(9,30), 0, 1
(9,41), 0, 1
(9,42), 0, 1
(9,48), 0, 1
(9,54), 0, 1
(9,65), 0, 1
(9,67), 0, 1
(9,71), 0, 1
(9,73), 0, 1
(9,81), 0, 1
(9,84), 0, 1
(9,87), 0, 1
(9,94), 0, 1
(10,1), 0, 1
(10,2), 0, 1
(10,3), 0, 1
(10,4), 0, 1
(10,5), 0, 1
(10,6), 0, 1
(10,9), 0, 1
(10,12), 0, 1
(10,14), 0, 1
(10,15), 0, 1
(10,19), 0, 1
(10,20), 0, 1
(10,21), 0, 1
(10,23), 0, 1
(10,25), 0, 1
(10,27), 0, 1
(10,28), 0, 1
(10,30), 0, 1
(10,31), 0, 1
(10,32), 0, 1
(10,35), 0, 1
(10,37), 0, 1
(10,38), 0, 1
(10,41), 0, 1
(10,42), 0, 1
(10,43), 0, 1
(10,44), 0, 1
(10,45), 0, 1
(10,47), 0, 1
(10,49), 0, 1
(10,50), 0, 1
(10,51), 0, 1
(10,52), 0, 1
(10,53), 0, 1
(10,54), 0, 1
(10,55), 0, 1
(10,56), 0, 1
(10,58), 0, 1
(10,59), 0, 1
(10,60), 0, 1
(10,61), 0, 1
(10,64), 0, 1
(10,65), 0, 1
(10,68), 0, 1
(10,69), 0, 1
(10,72), 0, 1
(10,74), 0, 1
(10,76), 0, 1
(10,77), 0, 1
(10,78), 0, 1
(10,79), 0, 1
(10,80), 0, 1
(10,81), 0, 1
(10,83), 0, 1
(10,84), 0, 1
(10,85), 0, 1
(10,86), 0, 1
(10,87), 0, 1
(10,88), 0, 1
(10,89), 0, 1
(10,90), 0, 1
(10,94), 0, 1
(11,1), 0, 1
(11,2), 0, 1
(11,4), 0, 1
(11,5), 0, 1
(11,6), 0, 1
(11,7), 0, 1
(11,9), 0, 1
(11,10), 0, 1
(11,12), 0, 1
(11,14), 0, 1
(11,15), 0, 1
(11,17), 0, 1
(11,19), 0, 1
(11,20), 0, 1
(11,21), 0, 1
(11,25), 0, 1
(11,27), 0, 1
(11,28), 0, 1
(11,29), 0, 1
(11,30), 0, 1
(11,31), 0, 1
(11,32), 0, 1
(11,33), 0, 1
(11,37), 0, 1
(11,38), 0, 1
(11,41), 0, 1
(11,42), 0, 1
(11,43), 0, 1
(11,44), 0, 1
(11,45), 0, 1
(11,47), 0, 1
(11,48), 0, 1
(11,49), 0, 1
(11,51), 0, 1
(11,52), 0, 1
(11,53), 0, 1
(11,54), 0, 1
(11,55), 0, 1
(11,56), 0, 1
(11,58), 0, 1
(11,59), 0, 1
(11,60), 0, 1
(11,62), 0, 1
(11,63), 0, 1
(11,64), 0, 1
(11,65), 0, 1
(11,66), 0, 1
(11,67), 0, 1
(11,68), 0, 1
(11,69), 0, 1
(11,72), 0, 1
(11,74), 0, 1
(11,77), 0, 1
(11,78), 0, 1
(11,79), 0, 1
(11,80), 0, 1
(11,81), 0, 1
(11,83), 0, 1
(11,84), 0, 1
(11,85), 0, 1
(11,86), 0, 1
(11,87), 0, 1
(11,88), 0, 1
(11,89), 0, 1
(11,90), 0, 1
(11,94), 0, 1
(12,2), 0, 1
(12,6), 0, 1
(12,10), 0, 1
(12,24), 0, 1
(12,30), 0, 1
(12,42), 0, 1
(12,48), 0, 1
(12,54), 0, 1
(12,65), 0, 1
(12,67), 0, 1
(12,69), 0, 1
(12,81), 0, 1
(12,84), 0, 1
(12,87), 0, 1
(12,94), 0, 1
(13,5), 0, 1
(13,21), 0, 1
(13,57), 0, 1
(13,58), 0, 1
(13,59), 0, 1
(13,68), 0, 1
(13,72), 0, 1
(13,83), 0, 1
(13,86), 0, 1
(14,2), 0, 1
(14,6), 0, 1
(14,10), 0, 1
(14,30), 0, 1
(14,41), 0, 1
(14,42), 0, 1
(14,48), 0, 1
(14,54), 0, 1
(14,65), 0, 1
(14,67), 0, 1
(14,69), 0, 1
(14,73), 0, 1
(14,81), 0, 1
(14,84), 0, 1
(14,87), 0, 1
(14,94), 0, 1
(15,2), 0, 1
(15,6), 0, 1
(15,10), 0, 1
(15,24), 0, 1
(15,40), 0, 1
(15,41), 0, 1
(15,42), 0, 1
(15,48), 0, 1
(15,54), 0, 1
(15,65), 0, 1
(15,67), 0, 1
(15,69), 0, 1
(15,71), 0, 1
(15,73), 0, 1
(15,76), 0, 1
(15,81), 0, 1
(15,87), 0, 1
(15,94), 0, 1
(16,1), 0, 1
(16,2), 0, 1
(16,4), 0, 1
(16,5), 0, 1
(16,6), 0, 1
(16,7), 0, 1
(16,9), 0, 1
(16,10), 0, 1
(16,12), 0, 1
(16,14), 0, 1
(16,15), 0, 1
(16,17), 0, 1
(16,19), 0, 1
(16,20), 0, 1
(16,21), 0, 1
(16,23), 0, 1
(16,24), 0, 1
(16,27), 0, 1
(16,28), 0, 1
(16,30), 0, 1
(16,31), 0, 1
(16,32), 0, 1
(16,34), 0, 1
(16,35), 0, 1
(16,36), 0, 1
(16,37), 0, 1
(16,38), 0, 1
(16,41), 0, 1
(16,42), 0, 1
(16,43), 0, 1
(16,44), 0, 1
(16,47), 0, 1
(16,49), 0, 1
(16,50), 0, 1
(16,51), 0, 1
(16,52), 0, 1
(16,53), 0, 1
(16,54), 0, 1
(16,55), 0, 1
(16,56), 0, 1
(16,58), 0, 1
(16,59), 0, 1
(16,60), 0, 1
(16,63), 0, 1
(16,64), 0, 1
(16,65), 0, 1
(16,66), 0, 1
(16,67), 0, 1
(16,68), 0, 1
(16,69), 0, 1
(16,71), 0, 1
(16,72), 0, 1
(16,73), 0, 1
(16,74), 0, 1
(16,77), 0, 1
(16,78), 0, 1
(16,79), 0, 1
(16,80), 0, 1
(16,81), 0, 1
(16,83), 0, 1
(16,84), 0, 1
(16,85), 0, 1
(16,86), 0, 1
(16,87), 0, 1
(16,88), 0, 1
(16,89), 0, 1
(16,90), 0, 1
(17,2), 0, 1
(17,6), 0, 1
(17,10), 0, 1
(17,24), 0, 1
(17,30), 0, 1
(17,41), 0, 1
(17,42), 0, 1
(17,48), 0, 1
(17,54), 0, 1
(17,65), 0, 1
(17,67), 0, 1
(17,69), 0, 1
(17,73), 0, 1
(17,81), 0, 1
(17,84), 0, 1
(17,87), 0, 1
(17,94), 0, 1
(18,5), 0, 1
(18,7), 0, 1
(18,21), 0, 1
(18,49), 0, 1
(18,58), 0, 1
(18,59), 0, 1
(18,68), 0, 1
(18,72), 0, 1
(18,86), 0, 1
(19,2), 0, 1
(19,6), 0, 1
(19,10), 0, 1
(19,24), 0, 1
(19,30), 0, 1
(19,41), 0, 1
(19,42), 0, 1
(19,54), 0, 1
(19,65), 0, 1
(19,67), 0, 1
(19,69), 0, 1
(19,73), 0, 1
(19,87), 0, 1
(19,94), 0, 1
(20,2), 0, 1
(20,6), 0, 1
(20,10), 0, 1
(20,13), 0, 1
(20,24), 0, 1
(20,30), 0, 1
(20,33), 0, 1
(20,41), 0, 1
(20,42), 0, 1
(20,48), 0, 1
(20,54), 0, 1
(20,65), 0, 1
(20,67), 0, 1
(20,69), 0, 1
(20,73), 0, 1
(20,81), 0, 1
(20,84), 0, 1
(20,87), 0, 1
(20,94), 0, 1
(21,2), 0, 1
(21,6), 0, 1
(21,10), 0, 1
(21,41), 0, 1
(21,42), 0, 1
(21,48), 0, 1
(21,54), 0, 1
(21,65), 0, 1
(21,67), 0, 1
(21,69), 0, 1
(21,73), 0, 1
(21,81), 0, 1
(21,87), 0, 1
(21,93), 0, 1
(22,2), 0, 1
(22,4), 0, 1
(22,5), 0, 1
(22,6), 0, 1
(22,7), 0, 1
(22,9), 0, 1
(22,10), 0, 1
(22,11), 0, 1
(22,12), 0, 1
(22,14), 0, 1
(22,15), 0, 1
(22,17), 0, 1
(22,18), 0, 1
(22,19), 0, 1
(22,20), 0, 1
(22,21), 0, 1
(22,23), 0, 1
(22,24), 0, 1
(22,25), 0, 1
(22,27), 0, 1
(22,28), 0, 1
(22,30), 0, 1
(22,31), 0, 1
(22,32), 0, 1
(22,34), 0, 1
(22,38), 0, 1
(22,41), 0, 1
(22,42), 0, 1
(22,43), 0, 1
(22,44), 0, 1
(22,45), 0, 1
(22,47), 0, 1
(22,50), 0, 1
(22,51), 0, 1
(22,52), 0, 1
(22,53), 0, 1
(22,54), 0, 1
(22,55), 0, 1
(22,56), 0, 1
(22,59), 0, 1
(22,60), 0, 1
(22,61), 0, 1
(22,62), 0, 1
(22,63), 0, 1
(22,64), 0, 1
(22,65), 0, 1
(22,66), 0, 1
(22,67), 0, 1
(22,68), 0, 1
(22,70), 0, 1
(22,72), 0, 1
(22,73), 0, 1
(22,74), 0, 1
(22,77), 0, 1
(22,78), 0, 1
(22,79), 0, 1
(22,80), 0, 1
(22,81), 0, 1
(22,83), 0, 1
(22,85), 0, 1
(22,86), 0, 1
(22,87), 0, 1
(22,88), 0, 1
(22,89), 0, 1
(22,90), 0, 1
(22,94), 0, 1
(23,5), 0, 1
(23,21), 0, 1
(23,49), 0, 1
(23,58), 0, 1
(23,59), 0, 1
(23,68), 0, 1
(23,72), 0, 1
(23,83), 0, 1
(23,86), 0, 1
(24,5), 0, 1
(24,7), 0, 1
(24,21), 0, 1
(24,46), 0, 1
(24,49), 0, 1
(24,57), 0, 1
(24,58), 0, 1
(24,59), 0, 1
(24,68), 0, 1
(24,72), 0, 1
(24,83), 0, 1
(24,86), 0, 1
(25,3), 0, 1
(25,6), 0, 1
(25,10), 0, 1
(25,24), 0, 1
(25,30), 0, 1
(25,41), 0, 1
(25,42), 0, 1
(25,48), 0, 1
(25,54), 0, 1
(25,65), 0, 1
(25,67), 0, 1
(25,69), 0, 1
(25,73), 0, 1
(25,81), 0, 1
(25,84), 0, 1
(25,87), 0, 1
(25,94), 0, 1
(26,2), 0, 1
(26,6), 0, 1
(26,10), 0, 1
(26,13), 0, 1
(26,24), 0, 1
(26,30), 0, 1
(26,41), 0, 1
(26,42), 0, 1
(26,54), 0, 1
(26,65), 0, 1
(26,67), 0, 1
(26,69), 0, 1
(26,73), 0, 1
(26,81), 0, 1
(26,84), 0, 1
(26,87), 0, 1
(26,94), 0, 1
(27,5), 0, 1
(27,7), 0, 1
(27,21), 0, 1
(27,49), 0, 1
(27,58), 0, 1
(27,59), 0, 1
(27,68), 0, 1
(27,72), 0, 1
(27,86), 0, 1
(28,2), 0, 1
(28,6), 0, 1
(28,13), 0, 1
(28,41), 0, 1
(28,42), 0, 1
(28,48), 0, 1
(28,54), 0, 1
(28,65), 0, 1
(28,67), 0, 1
(28,69), 0, 1
(28,75), 0, 1
(28,81), 0, 1
(28,84), 0, 1
(28,87), 0, 1
(28,94), 0, 1
(29,4), 0, 1
(29,5), 0, 1
(29,6), 0, 1
(29,7), 0, 1
(29,9), 0, 1
(29,10), 0, 1
(29,12), 0, 1
(29,14), 0, 1
(29,15), 0, 1
(29,17), 0, 1
(29,20), 0, 1
(29,21), 0, 1
(29,22), 0, 1
(29,23), 0, 1
(29,24), 0, 1
(29,25), 0, 1
(29,27), 0, 1
(29,28), 0, 1
(29,30), 0, 1
(29,31), 0, 1
(29,32), 0, 1
(29,33), 0, 1
(29,37), 0, 1
(29,38), 0, 1
(29,41), 0, 1
(29,42), 0, 1
(29,44), 0, 1
(29,46), 0, 1
(29,47), 0, 1
(29,48), 0, 1
(29,50), 0, 1
(29,51), 0, 1
(29,52), 0, 1
(29,53), 0, 1
(29,55), 0, 1
(29,56), 0, 1
(29,58), 0, 1
(29,59), 0, 1
(29,62), 0, 1
(29,63), 0, 1
(29,64), 0, 1
(29,65), 0, 1
(29,66), 0, 1
(29,67), 0, 1
(29,68), 0, 1
(29,69), 0, 1
(29,72), 0, 1
(29,74), 0, 1
(29,77), 0, 1
(29,78), 0, 1
(29,79), 0, 1
(29,81), 0, 1
(29,82), 0, 1
(29,83), 0, 1
(29,84), 0, 1
(29,85), 0, 1
(29,86), 0, 1
(29,87), 0, 1
(29,88), 0, 1
(29,89), 0, 1
(29,90), 0, 1
(29,94), 0, 1
(30,5), 0, 1
(30,7), 0, 1
(30,21), 0, 1
(30,46), 0, 1
(30,49), 0, 1
(30,58), 0, 1
(30,59), 0, 1
(30,68), 0, 1
(30,72), 0, 1
(30,83), 0, 1
(30,86), 0, 1
(31,2), 0, 1
(31,6), 0, 1
(31,10), 0, 1
(31,24), 0, 1
(31,30), 0, 1
(31,35), 0, 1
(31,41), 0, 1
(31,42), 0, 1
(31,54), 0, 1
(31,65), 0, 1
(31,67), 0, 1
(31,69), 0, 1
(31,81), 0, 1
(31,84), 0, 1
(31,87), 0, 1
(31,94), 0, 1
(32,6), 0, 1
(32,24), 0, 1
(32,40), 0, 1
(32,41), 0, 1
(32,42), 0, 1
(32,48), 0, 1
(32,54), 0, 1
(32,65), 0, 1
(32,67), 0, 1
(32,69), 0, 1
(32,73), 0, 1
(32,81), 0, 1
(32,87), 0, 1
(32,94), 0, 1
(33,2), 0, 1
(33,6), 0, 1
(33,24), 0, 1
(33,30), 0, 1
(33,41), 0, 1
(33,42), 0, 1
(33,48), 0, 1
(33,54), 0, 1
(33,67), 0, 1
(33,69), 0, 1
(33,81), 0, 1
(33,87), 0, 1
(33,94), 0, 1
(34,2), 0, 1
(34,6), 0, 1
(34,10), 0, 1
(34,30), 0, 1
(34,41), 0, 1
(34,42), 0, 1
(34,54), 0, 1
(34,65), 0, 1
(34,67), 0, 1
(34,69), 0, 1
(34,73), 0, 1
(34,81), 0, 1
(34,84), 0, 1
(34,87), 0, 1
(34,94), 0, 1
(35,2), 0, 1
(35,10), 0, 1
(35,24), 0, 1
(35,41), 0, 1
(35,42), 0, 1
(35,48), 0, 1
(35,65), 0, 1
(35,67), 0, 1
(35,69), 0, 1
(35,81), 0, 1
(35,84), 0, 1
(35,87), 0, 1
(35,94), 0, 1
(36,5), 0, 1
(36,7), 0, 1
(36,21), 0, 1
(36,49), 0, 1
(36,57), 0, 1
(36,58), 0, 1
(36,59), 0, 1
(36,68), 0, 1
(36,72), 0, 1
(36,86), 0, 1
(39,0), 0, 1
(39,1), 0, 1
(39,2), 0, 1
(39,4), 0, 1
(39,5), 0, 1
(39,6), 0, 1
(39,9), 0, 1
(39,10), 0, 1
(39,12), 0, 1
(39,13), 0, 1
(39,14), 0, 1
(39,17), 0, 1
(39,18), 0, 1
(39,19), 0, 1
(39,20), 0, 1
(39,21), 0, 1
(39,23), 0, 1
(39,25), 0, 1
(39,27), 0, 1
(39,28), 0, 1
(39,30), 0, 1
(39,31), 0, 1
(39,32), 0, 1
(39,34), 0, 1
(39,37), 0, 1
(39,38), 0, 1
(39,41), 0, 1
(39,42), 0, 1
(39,43), 0, 1
(39,45), 0, 1
(39,47), 0, 1
(39,48), 0, 1
(39,49), 0, 1
(39,50), 0, 1
(39,51), 0, 1
(39,52), 0, 1
(39,54), 0, 1
(39,55), 0, 1
(39,56), 0, 1
(39,58), 0, 1
(39,59), 0, 1
(39,61), 0, 1
(39,62), 0, 1
(39,63), 0, 1
(39,64), 0, 1
(39,65), 0, 1
(39,66), 0, 1
(39,68), 0, 1
(39,69), 0, 1
(39,72), 0, 1
(39,74), 0, 1
(39,77), 0, 1
(39,78), 0, 1
(39,79), 0, 1
(39,80), 0, 1
(39,81), 0, 1
(39,83), 0, 1
(39,84), 0, 1
(39,85), 0, 1
(39,86), 0, 1
(39,87), 0, 1
(39,88), 0, 1
(39,89), 0, 1
(39,90), 0, 1
(39,94), 0, 1
(40,0), 0, 1
(40,2), 0, 1
(40,5), 0, 1
(40,6), 0, 1
(40,9), 0, 1
(40,10), 0, 1
(40,12), 0, 1
(40,14), 0, 1
(40,15), 0, 1
(40,17), 0, 1
(40,18), 0, 1
(40,19), 0, 1
(40,20), 0, 1
(40,21), 0, 1
(40,22), 0, 1
(40,23), 0, 1
(40,24), 0, 1
(40,27), 0, 1
(40,28), 0, 1
(40,29), 0, 1
(40,30), 0, 1
(40,31), 0, 1
(40,34), 0, 1
(40,37), 0, 1
(40,38), 0, 1
(40,41), 0, 1
(40,42), 0, 1
(40,44), 0, 1
(40,45), 0, 1
(40,47), 0, 1
(40,48), 0, 1
(40,50), 0, 1
(40,51), 0, 1
(40,52), 0, 1
(40,53), 0, 1
(40,54), 0, 1
(40,55), 0, 1
(40,56), 0, 1
(40,58), 0, 1
(40,59), 0, 1
(40,60), 0, 1
(40,61), 0, 1
(40,63), 0, 1
(40,64), 0, 1
(40,67), 0, 1
(40,68), 0, 1
(40,69), 0, 1
(40,72), 0, 1
(40,73), 0, 1
(40,74), 0, 1
(40,77), 0, 1
(40,78), 0, 1
(40,79), 0, 1
(40,80), 0, 1
(40,81), 0, 1
(40,83), 0, 1
(40,84), 0, 1
(40,85), 0, 1
(40,86), 0, 1
(40,87), 0, 1
(40,88), 0, 1
(40,89), 0, 1
(40,90), 0, 1
(40,94), 0, 1
(41,5), 0, 1
(41,49), 0, 1
(41,58), 0, 1
(41,59), 0, 1
(41,68), 0, 1
(41,72), 0, 1
(41,86), 0, 1
(43,1), 0, 1
(43,2), 0, 1
(43,4), 0, 1
(43,5), 0, 1
(43,6), 0, 1
(43,7), 0, 1
(43,9), 0, 1
(43,12), 0, 1
(43,14), 0, 1
(43,15), 0, 1
(43,17), 0, 1
(43,18), 0, 1
(43,19), 0, 1
(43,21), 0, 1
(43,24), 0, 1
(43,25), 0, 1
(43,27), 0, 1
(43,28), 0, 1
(43,29), 0, 1
(43,30), 0, 1
(43,31), 0, 1
(43,32), 0, 1
(43,34), 0, 1
(43,37), 0, 1
(43,38), 0, 1
(43,41), 0, 1
(43,42), 0, 1
(43,44), 0, 1
(43,45), 0, 1
(43,47), 0, 1
(43,49), 0, 1
(43,50), 0, 1
(43,51), 0, 1
(43,52), 0, 1
(43,53), 0, 1
(43,54), 0, 1
(43,55), 0, 1
(43,56), 0, 1
(43,58), 0, 1
(43,59), 0, 1
(43,60), 0, 1
(43,62), 0, 1
(43,64), 0, 1
(43,65), 0, 1
(43,66), 0, 1
(43,67), 0, 1
(43,68), 0, 1
(43,69), 0, 1
(43,71), 0, 1
(43,73), 0, 1
(43,74), 0, 1
(43,78), 0, 1
(43,79), 0, 1
(43,80), 0, 1
(43,81), 0, 1
(43,83), 0, 1
(43,85), 0, 1
(43,86), 0, 1
(43,87), 0, 1
(43,88), 0, 1
(43,89), 0, 1
(43,90), 0, 1
(43,91), 0, 1
(43,92), 0, 1
(43,94), 0, 1
(44,2), 0, 1
(44,6), 0, 1
(44,8), 0, 1
(44,10), 0, 1
(44,30), 0, 1
(44,41), 0, 1
(44,42), 0, 1
(44,54), 0, 1
(44,65), 0, 1
(44,67), 0, 1
(44,69), 0, 1
(44,73), 0, 1
(44,81), 0, 1
(44,84), 0, 1
(44,94), 0, 1
(46,1), 0, 1
(46,2), 0, 1
(46,4), 0, 1
(46,5), 0, 1
(46,6), 0, 1
(46,10), 0, 1
(46,12), 0, 1
(46,14), 0, 1
(46,15), 0, 1
(46,17), 0, 1
(46,18), 0, 1
(46,19), 0, 1
(46,21), 0, 1
(46,23), 0, 1
(46,25), 0, 1
(46,27), 0, 1
(46,28), 0, 1
(46,30), 0, 1
(46,31), 0, 1
(46,32), 0, 1
(46,34), 0, 1
(46,37), 0, 1
(46,38), 0, 1
(46,41), 0, 1
(46,42), 0, 1
(46,43), 0, 1
(46,44), 0, 1
(46,45), 0, 1
(46,47), 0, 1
(46,48), 0, 1
(46,49), 0, 1
(46,50), 0, 1
(46,51), 0, 1
(46,52), 0, 1
(46,53), 0, 1
(46,54), 0, 1
(46,55), 0, 1
(46,56), 0, 1
(46,58), 0, 1
(46,59), 0, 1
(46,60), 0, 1
(46,61), 0, 1
(46,63), 0, 1
(46,64), 0, 1
(46,65), 0, 1
(46,66), 0, 1
(46,67), 0, 1
(46,68), 0, 1
(46,69), 0, 1
(46,72), 0, 1
(46,73), 0, 1
(46,74), 0, 1
(46,77), 0, 1
(46,79), 0, 1
(46,80), 0, 1
(46,81), 0, 1
(46,84), 0, 1
(46,85), 0, 1
(46,86), 0, 1
(46,87), 0, 1
(46,88), 0, 1
(46,89), 0, 1
(46,90), 0, 1
(46,93), 0, 1
(46,94), 0, 1
(47,2), 0, 1
(47,6), 0, 1
(47,24), 0, 1
(47,30), 0, 1
(47,41), 0, 1
(47,42), 0, 1
(47,48), 0, 1
(47,54), 0, 1
(47,65), 0, 1
(47,67), 0, 1
(47,69), 0, 1
(47,81), 0, 1
(47,84), 0, 1
(47,87), 0, 1
(47,94), 0, 1
(48,2), 0, 1
(48,6), 0, 1
(48,10), 0, 1
(48,24), 0, 1
(48,30), 0, 1
(48,40), 0, 1
(48,41), 0, 1
(48,42), 0, 1
(48,54), 0, 1
(48,65), 0, 1
(48,67), 0, 1
(48,69), 0, 1
(48,73), 0, 1
(48,75), 0, 1
(48,81), 0, 1
(48,84), 0, 1
(48,87), 0, 1
(48,94), 0, 1
(49,2), 0, 1
(49,6), 0, 1
(49,10), 0, 1
(49,24), 0, 1
(49,30), 0, 1
(49,41), 0, 1
(49,42), 0, 1
(49,54), 0, 1
(49,67), 0, 1
(49,69), 0, 1
(49,70), 0, 1
(49,73), 0, 1
(49,81), 0, 1
(49,84), 0, 1
(49,87), 0, 1
(49,94), 0, 1
(50,2), 0, 1
(50,6), 0, 1
(50,10), 0, 1
(50,30), 0, 1
(50,33), 0, 1
(50,41), 0, 1
(50,42), 0, 1
(50,48), 0, 1
(50,54), 0, 1
(50,67), 0, 1
(50,81), 0, 1
(50,84), 0, 1
(50,87), 0, 1
(50,94), 0, 1
(51,2), 0, 1
(51,6), 0, 1
(51,24), 0, 1
(51,30), 0, 1
(51,41), 0, 1
(51,48), 0, 1
(51,54), 0, 1
(51,65), 0, 1
(51,67), 0, 1
(51,69), 0, 1
(51,73), 0, 1
(51,81), 0, 1
(51,84), 0, 1
(51,87), 0, 1
(51,94), 0, 1
(52,2), 0, 1
(52,6), 0, 1
(52,8), 0, 1
(52,10), 0, 1
(52,30), 0, 1
(52,42), 0, 1
(52,48), 0, 1
(52,54), 0, 1
(52,65), 0, 1
(52,67), 0, 1
(52,69), 0, 1
(52,73), 0, 1
(52,81), 0, 1
(52,84), 0, 1
(52,87), 0, 1
(52,94), 0, 1
(53,1), 0, 1
(53,2), 0, 1
(53,4), 0, 1
(53,6), 0, 1
(53,7), 0, 1
(53,9), 0, 1
(53,10), 0, 1
(53,12), 0, 1
(53,14), 0, 1
(53,17), 0, 1
(53,18), 0, 1
(53,19), 0, 1
(53,20), 0, 1
(53,21), 0, 1
(53,23), 0, 1
(53,24), 0, 1
(53,25), 0, 1
(53,27), 0, 1
(53,28), 0, 1
(53,29), 0, 1
(53,30), 0, 1
(53,31), 0, 1
(53,32), 0, 1
(53,34), 0, 1
(53,37), 0, 1
(53,38), 0, 1
(53,41), 0, 1
(53,42), 0, 1
(53,43), 0, 1
(53,44), 0, 1
(53,45), 0, 1
(53,47), 0, 1
(53,49), 0, 1
(53,50), 0, 1
(53,51), 0, 1
(53,52), 0, 1
(53,54), 0, 1
(53,55), 0, 1
(53,56), 0, 1
(53,58), 0, 1
(53,59), 0, 1
(53,60), 0, 1
(53,61), 0, 1
(53,62), 0, 1
(53,63), 0, 1
(53,64), 0, 1
(53,67), 0, 1
(53,68), 0, 1
(53,69), 0, 1
(53,72), 0, 1
(53,73), 0, 1
(53,74), 0, 1
(53,77), 0, 1
(53,78), 0, 1
(53,79), 0, 1
(53,80), 0, 1
(53,81), 0, 1
(53,83), 0, 1
(53,84), 0, 1
(53,85), 0, 1
(53,86), 0, 1
(53,87), 0, 1
(53,88), 0, 1
(53,89), 0, 1
(53,90), 0, 1
(53,94), 0, 1
(55,2), 0, 1
(55,6), 0, 1
(55,10), 0, 1
(55,24), 0, 1
(55,30), 0, 1
(55,33), 0, 1
(55,41), 0, 1
(55,42), 0, 1
(55,54), 0, 1
(55,65), 0, 1
(55,67), 0, 1
(55,69), 0, 1
(55,75), 0, 1
(55,81), 0, 1
(55,84), 0, 1
(55,87), 0, 1
(55,94), 0, 1
(56,6), 0, 1
(56,24), 0, 1
(56,30), 0, 1
(56,41), 0, 1
(56,42), 0, 1
(56,54), 0, 1
(56,65), 0, 1
(56,67), 0, 1
(56,69), 0, 1
(56,73), 0, 1
(56,87), 0, 1
(56,94), 0, 1
(57,1), 0, 1
(57,4), 0, 1
(57,5), 0, 1
(57,6), 0, 1
(57,9), 0, 1
(57,12), 0, 1
(57,14), 0, 1
(57,15), 0, 1
(57,17), 0, 1
(57,18), 0, 1
(57,19), 0, 1
(57,20), 0, 1
(57,21), 0, 1
(57,23), 0, 1
(57,24), 0, 1
(57,25), 0, 1
(57,27), 0, 1
(57,28), 0, 1
(57,29), 0, 1
(57,30), 0, 1
(57,31), 0, 1
(57,32), 0, 1
(57,34), 0, 1
(57,37), 0, 1
(57,38), 0, 1
(57,41), 0, 1
(57,42), 0, 1
(57,43), 0, 1
(57,44), 0, 1
(57,45), 0, 1
(57,47), 0, 1
(57,49), 0, 1
(57,50), 0, 1
(57,51), 0, 1
(57,52), 0, 1
(57,53), 0, 1
(57,54), 0, 1
(57,55), 0, 1
(57,56), 0, 1
(57,58), 0, 1
(57,59), 0, 1
(57,60), 0, 1
(57,61), 0, 1
(57,63), 0, 1
(57,64), 0, 1
(57,65), 0, 1
(57,67), 0, 1
(57,68), 0, 1
(57,69), 0, 1
(57,72), 0, 1
(57,73), 0, 1
(57,74), 0, 1
(57,77), 0, 1
(57,78), 0, 1
(57,79), 0, 1
(57,80), 0, 1
(57,81), 0, 1
(57,83), 0, 1
(57,84), 0, 1
(57,85), 0, 1
(57,86), 0, 1
(57,87), 0, 1
(57,88), 0, 1
(57,89), 0, 1
(57,93), 0, 1
(57,94), 0, 1
(58,2), 0, 1
(58,8), 0, 1
(58,10), 0, 1
(58,24), 0, 1
(58,30), 0, 1
(58,41), 0, 1
(58,42), 0, 1
(58,54), 0, 1
(58,65), 0, 1
(58,67), 0, 1
(58,69), 0, 1
(58,73), 0, 1
(58,81), 0, 1
(58,84), 0, 1
(58,87), 0, 1
(58,94), 0, 1
(59,2), 0, 1
(59,3), 0, 1
(59,6), 0, 1
(59,10), 0, 1
(59,24), 0, 1
(59,30), 0, 1
(59,41), 0, 1
(59,42), 0, 1
(59,48), 0, 1
(59,54), 0, 1
(59,65), 0, 1
(59,67), 0, 1
(59,69), 0, 1
(59,81), 0, 1
(59,84), 0, 1
(59,94), 0, 1
(60,2), 0, 1
(60,10), 0, 1
(60,30), 0, 1
(60,41), 0, 1
(60,42), 0, 1
(60,48), 0, 1
(60,54), 0, 1
(60,65), 0, 1
(60,67), 0, 1
(60,69), 0, 1
(60,73), 0, 1
(60,81), 0, 1
(60,84), 0, 1
(60,87), 0, 1
(60,93), 0, 1
(60,94), 0, 1
(61,1), 0, 1
(61,2), 0, 1
(61,4), 0, 1
(61,5), 0, 1
(61,9), 0, 1
(61,10), 0, 1
(61,12), 0, 1
(61,15), 0, 1
(61,17), 0, 1
(61,18), 0, 1
(61,19), 0, 1
(61,20), 0, 1
(61,21), 0, 1
(61,24), 0, 1
(61,25), 0, 1
(61,27), 0, 1
(61,28), 0, 1
(61,29), 0, 1
(61,30), 0, 1
(61,31), 0, 1
(61,32), 0, 1
(61,37), 0, 1
(61,38), 0, 1
(61,41), 0, 1
(61,42), 0, 1
(61,43), 0, 1
(61,44), 0, 1
(61,45), 0, 1
(61,47), 0, 1
(61,48), 0, 1
(61,49), 0, 1
(61,50), 0, 1
(61,51), 0, 1
(61,52), 0, 1
(61,53), 0, 1
(61,54), 0, 1
(61,55), 0, 1
(61,56), 0, 1
(61,58), 0, 1
(61,59), 0, 1
(61,60), 0, 1
(61,62), 0, 1
(61,63), 0, 1
(61,64), 0, 1
(61,65), 0, 1
(61,66), 0, 1
(61,67), 0, 1
(61,68), 0, 1
(61,69), 0, 1
(61,72), 0, 1
(61,73), 0, 1
(61,74), 0, 1
(61,78), 0, 1
(61,79), 0, 1
(61,80), 0, 1
(61,81), 0, 1
(61,84), 0, 1
(61,85), 0, 1
(61,86), 0, 1
(61,87), 0, 1
(61,88), 0, 1
(61,89), 0, 1
(61,90), 0, 1
(61,94), 0, 1
(62,2), 0, 1
(62,6), 0, 1
(62,10), 0, 1
(62,24), 0, 1
(62,30), 0, 1
(62,41), 0, 1
(62,42), 0, 1
(62,48), 0, 1
(62,54), 0, 1
(62,65), 0, 1
(62,67), 0, 1
(62,69), 0, 1
(62,81), 0, 1
(62,87), 0, 1
(62,94), 0, 1
(63,1), 0, 1
(63,2), 0, 1
(63,5), 0, 1
(63,6), 0, 1
(63,7), 0, 1
(63,9), 0, 1
(63,10), 0, 1
(63,12), 0, 1
(63,14), 0, 1
(63,15), 0, 1
(63,18), 0, 1
(63,19), 0, 1
(63,20), 0, 1
(63,21), 0, 1
(63,23), 0, 1
(63,24), 0, 1
(63,25), 0, 1
(63,27), 0, 1
(63,28), 0, 1
(63,29), 0, 1
(63,30), 0, 1
(63,31), 0, 1
(63,32), 0, 1
(63,34), 0, 1
(63,37), 0, 1
(63,38), 0, 1
(63,41), 0, 1
(63,42), 0, 1
(63,43), 0, 1
(63,44), 0, 1
(63,45), 0, 1
(63,47), 0, 1
(63,49), 0, 1
(63,50), 0, 1
(63,51), 0, 1
(63,52), 0, 1
(63,53), 0, 1
(63,54), 0, 1
(63,55), 0, 1
(63,56), 0, 1
(63,58), 0, 1
(63,59), 0, 1
(63,60), 0, 1
(63,61), 0, 1
(63,62), 0, 1
(63,64), 0, 1
(63,65), 0, 1
(63,66), 0, 1
(63,67), 0, 1
(63,68), 0, 1
(63,69), 0, 1
(63,72), 0, 1
(63,73), 0, 1
(63,74), 0, 1
(63,78), 0, 1
(63,79), 0, 1
(63,80), 0, 1
(63,81), 0, 1
(63,84), 0, 1
(63,85), 0, 1
(63,87), 0, 1
(63,88), 0, 1
(63,89), 0, 1
(63,90), 0, 1
(63,94), 0, 1
(64,2), 0, 1
(64,6), 0, 1
(64,10), 0, 1
(64,24), 0, 1
(64,41), 0, 1
(64,42), 0, 1
(64,54), 0, 1
(64,65), 0, 1
(64,67), 0, 1
(64,69), 0, 1
(64,70), 0, 1
(64,71), 0, 1
(64,73), 0, 1
(64,81), 0, 1
(64,84), 0, 1
(64,87), 0, 1
(64,94), 0, 1
(65,7), 0, 1
(65,21), 0, 1
(65,49), 0, 1
(65,58), 0, 1
(65,59), 0, 1
(65,68), 0, 1
(65,83), 0, 1
(65,86), 0, 1
(66,2), 0, 1
(66,6), 0, 1
(66,24), 0, 1
(66,30), 0, 1
(66,41), 0, 1
(66,42), 0, 1
(66,48), 0, 1
(66,54), 0, 1
(66,67), 0, 1
(66,69), 0, 1
(66,71), 0, 1
(66,73), 0, 1
(66,81), 0, 1
(66,84), 0, 1
(66,87), 0, 1
(66,93), 0, 1
(66,94), 0, 1
(68,1), 0, 1
(68,2), 0, 1
(68,3), 0, 1
(68,4), 0, 1
(68,5), 0, 1
(68,6), 0, 1
(68,9), 0, 1
(68,10), 0, 1
(68,12), 0, 1
(68,14), 0, 1
(68,15), 0, 1
(68,17), 0, 1
(68,18), 0, 1
(68,19), 0, 1
(68,20), 0, 1
(68,21), 0, 1
(68,23), 0, 1
(68,24), 0, 1
(68,25), 0, 1
(68,27), 0, 1
(68,28), 0, 1
(68,29), 0, 1
(68,31), 0, 1
(68,34), 0, 1
(68,37), 0, 1
(68,38), 0, 1
(68,39), 0, 1
(68,41), 0, 1
(68,42), 0, 1
(68,43), 0, 1
(68,44), 0, 1
(68,45), 0, 1
(68,47), 0, 1
(68,48), 0, 1
(68,49), 0, 1
(68,51), 0, 1
(68,52), 0, 1
(68,53), 0, 1
(68,54), 0, 1
(68,55), 0, 1
(68,56), 0, 1
(68,58), 0, 1
(68,59), 0, 1
(68,60), 0, 1
(68,61), 0, 1
(68,62), 0, 1
(68,63), 0, 1
(68,64), 0, 1
(68,65), 0, 1
(68,67), 0, 1
(68,69), 0, 1
(68,72), 0, 1
(68,73), 0, 1
(68,74), 0, 1
(68,77), 0, 1
(68,78), 0, 1
(68,79), 0, 1
(68,81), 0, 1
(68,83), 0, 1
(68,85), 0, 1
(68,86), 0, 1
(68,87), 0, 1
(68,88), 0, 1
(68,89), 0, 1
(68,90), 0, 1
(68,91), 0, 1
(68,94), 0, 1
(69,5), 0, 1
(69,21), 0, 1
(69,49), 0, 1
(69,58), 0, 1
(69,59), 0, 1
(69,68), 0, 1
(69,72), 0, 1
(69,86), 0, 1
(70,5), 0, 1
(70,7), 0, 1
(70,21), 0, 1
(70,58), 0, 1
(70,59), 0, 1
(70,68), 0, 1
(70,72), 0, 1
(70,86), 0, 1
(71,1), 0, 1
(71,2), 0, 1
(71,4), 0, 1
(71,5), 0, 1
(71,6), 0, 1
(71,7), 0, 1
(71,9), 0, 1
(71,10), 0, 1
(71,12), 0, 1
(71,14), 0, 1
(71,15), 0, 1
(71,17), 0, 1
(71,18), 0, 1
(71,19), 0, 1
(71,20), 0, 1
(71,21), 0, 1
(71,25), 0, 1
(71,27), 0, 1
(71,28), 0, 1
(71,29), 0, 1
(71,30), 0, 1
(71,32), 0, 1
(71,34), 0, 1
(71,36), 0, 1
(71,37), 0, 1
(71,38), 0, 1
(71,41), 0, 1
(71,42), 0, 1
(71,44), 0, 1
(71,47), 0, 1
(71,48), 0, 1
(71,49), 0, 1
(71,50), 0, 1
(71,51), 0, 1
(71,52), 0, 1
(71,53), 0, 1
(71,54), 0, 1
(71,55), 0, 1
(71,56), 0, 1
(71,57), 0, 1
(71,58), 0, 1
(71,59), 0, 1
(71,60), 0, 1
(71,61), 0, 1
(71,62), 0, 1
(71,63), 0, 1
(71,64), 0, 1
(71,65), 0, 1
(71,66), 0, 1
(71,67), 0, 1
(71,68), 0, 1
(71,69), 0, 1
(71,72), 0, 1
(71,73), 0, 1
(71,74), 0, 1
(71,77), 0, 1
(71,78), 0, 1
(71,79), 0, 1
(71,80), 0, 1
(71,81), 0, 1
(71,83), 0, 1
(71,85), 0, 1
(71,87), 0, 1
(71,88), 0, 1
(71,89), 0, 1
(71,90), 0, 1
(71,91), 0, 1
(71,94), 0, 1
(72,2), 0, 1
(72,6), 0, 1
(72,10), 0, 1
(72,30), 0, 1
(72,41), 0, 1
(72,42), 0, 1
(72,54), 0, 1
(72,65), 0, 1
(72,67), 0, 1
(72,69), 0, 1
(72,73), 0, 1
(72,81), 0, 1
(72,87), 0, 1
(72,94), 0, 1
(73,0), 0, 1
(73,5), 0, 1
(73,7), 0, 1
(73,21), 0, 1
(73,49), 0, 1
(73,59), 0, 1
(73,68), 0, 1
(73,72), 0, 1
(73,86), 0, 1
(74,2), 0, 1
(74,6), 0, 1
(74,10), 0, 1
(74,30), 0, 1
(74,41), 0, 1
(74,42), 0, 1
(74,48), 0, 1
(74,54), 0, 1
(74,65), 0, 1
(74,67), 0, 1
(74,69), 0, 1
(74,73), 0, 1
(74,81), 0, 1
(74,87), 0, 1
(74,94), 0, 1
(75,1), 0, 1
(75,2), 0, 1
(75,4), 0, 1
(75,6), 0, 1
(75,7), 0, 1
(75,8), 0, 1
(75,12), 0, 1
(75,14), 0, 1
(75,15), 0, 1
(75,17), 0, 1
(75,19), 0, 1
(75,20), 0, 1
(75,21), 0, 1
(75,23), 0, 1
(75,25), 0, 1
(75,27), 0, 1
(75,28), 0, 1
(75,29), 0, 1
(75,30), 0, 1
(75,31), 0, 1
(75,32), 0, 1
(75,34), 0, 1
(75,37), 0, 1
(75,38), 0, 1
(75,41), 0, 1
(75,42), 0, 1
(75,43), 0, 1
(75,47), 0, 1
(75,48), 0, 1
(75,49), 0, 1
(75,51), 0, 1
(75,52), 0, 1
(75,53), 0, 1
(75,54), 0, 1
(75,55), 0, 1
(75,56), 0, 1
(75,58), 0, 1
(75,59), 0, 1
(75,60), 0, 1
(75,62), 0, 1
(75,63), 0, 1
(75,64), 0, 1
(75,65), 0, 1
(75,67), 0, 1
(75,68), 0, 1
(75,69), 0, 1
(75,72), 0, 1
(75,73), 0, 1
(75,74), 0, 1
(75,77), 0, 1
(75,78), 0, 1
(75,79), 0, 1
(75,80), 0, 1
(75,81), 0, 1
(75,83), 0, 1
(75,84), 0, 1
(75,85), 0, 1
(75,86), 0, 1
(75,87), 0, 1
(75,88), 0, 1
(75,89), 0, 1
(75,90), 0, 1
(75,94), 0, 1
(76,5), 0, 1
(76,7), 0, 1
(76,21), 0, 1
(76,46), 0, 1
(76,49), 0, 1
(76,58), 0, 1
(76,59), 0, 1
(76,68), 0, 1
(76,72), 0, 1
(76,83), 0, 1
(76,86), 0, 1
(77,0), 0, 1
(77,5), 0, 1
(77,21), 0, 1
(77,49), 0, 1
(77,58), 0, 1
(77,59), 0, 1
(77,68), 0, 1
(77,72), 0, 1
(77,82), 0, 1
(77,83), 0, 1
(78,5), 0, 1
(78,8), 0, 1
(78,21), 0, 1
(78,46), 0, 1
(78,49), 0, 1
(78,58), 0, 1
(78,59), 0, 1
(78,68), 0, 1
(78,72), 0, 1
(78,86), 0, 1
(79,2), 0, 1
(79,6), 0, 1
(79,41), 0, 1
(79,42), 0, 1
(79,48), 0, 1
(79,65), 0, 1
(79,67), 0, 1
(79,69), 0, 1
(79,84), 0, 1
(79,87), 0, 1
(79,94), 0, 1
(80,2), 0, 1
(80,6), 0, 1
(80,24), 0, 1
(80,30), 0, 1
(80,33), 0, 1
(80,41), 0, 1
(80,42), 0, 1
(80,48), 0, 1
(80,54), 0, 1
(80,65), 0, 1
(80,67), 0, 1
(80,69), 0, 1
(80,73), 0, 1
(80,81), 0, 1
(80,84), 0, 1
(80,87), 0, 1
(80,94), 0, 1
(81,5), 0, 1
(81,7), 0, 1
(81,21), 0, 1
(81,49), 0, 1
(81,58), 0, 1
(81,59), 0, 1
(81,68), 0, 1
(81,72), 0, 1
(81,86), 0, 1
(82,5), 0, 1
(82,7), 0, 1
(82,8), 0, 1
(82,21), 0, 1
(82,46), 0, 1
(82,49), 0, 1
(82,58), 0, 1
(82,59), 0, 1
(82,72), 0, 1
(82,83), 0, 1
(82,86), 0, 1
(83,1), 0, 1
(83,2), 0, 1
(83,3), 0, 1
(83,5), 0, 1
(83,6), 0, 1
(83,7), 0, 1
(83,9), 0, 1
(83,12), 0, 1
(83,14), 0, 1
(83,15), 0, 1
(83,17), 0, 1
(83,18), 0, 1
(83,19), 0, 1
(83,20), 0, 1
(83,21), 0, 1
(83,22), 0, 1
(83,25), 0, 1
(83,28), 0, 1
(83,29), 0, 1
(83,30), 0, 1
(83,31), 0, 1
(83,32), 0, 1
(83,37), 0, 1
(83,38), 0, 1
(83,41), 0, 1
(83,42), 0, 1
(83,43), 0, 1
(83,44), 0, 1
(83,45), 0, 1
(83,47), 0, 1
(83,48), 0, 1
(83,49), 0, 1
(83,50), 0, 1
(83,51), 0, 1
(83,52), 0, 1
(83,53), 0, 1
(83,54), 0, 1
(83,55), 0, 1
(83,56), 0, 1
(83,58), 0, 1
(83,59), 0, 1
(83,60), 0, 1
(83,62), 0, 1
(83,65), 0, 1
(83,67), 0, 1
(83,68), 0, 1
(83,69), 0, 1
(83,70), 0, 1
(83,72), 0, 1
(83,74), 0, 1
(83,77), 0, 1
(83,78), 0, 1
(83,79), 0, 1
(83,80), 0, 1
(83,84), 0, 1
(83,85), 0, 1
(83,86), 0, 1
(83,87), 0, 1
(83,88), 0, 1
(83,89), 0, 1
(83,90), 0, 1
(83,94), 0, 1
(84,5), 0, 1
(84,7), 0, 1
(84,21), 0, 1
(84,49), 0, 1
(84,57), 0, 1
(84,58), 0, 1
(84,59), 0, 1
(84,68), 0, 1
(84,72), 0, 1
(84,83), 0, 1
(84,86), 0, 1
(85,2), 0, 1
(85,6), 0, 1
(85,10), 0, 1
(85,13), 0, 1
(85,33), 0, 1
(85,35), 0, 1
(85,41), 0, 1
(85,42), 0, 1
(85,65), 0, 1
(85,67), 0, 1
(85,69), 0, 1
(85,73), 0, 1
(85,81), 0, 1
(85,84), 0, 1
(85,87), 0, 1
(85,94), 0, 1
(86,2), 0, 1
(86,6), 0, 1
(86,10), 0, 1
(86,30), 0, 1
(86,33), 0, 1
(86,41), 0, 1
(86,42), 0, 1
(86,48), 0, 1
(86,54), 0, 1
(86,65), 0, 1
(86,69), 0, 1
(86,73), 0, 1
(86,75), 0, 1
(86,81), 0, 1
(86,87), 0, 1
(86,94), 0, 1
(87,5), 0, 1
(87,7), 0, 1
(87,21), 0, 1
(87,49), 0, 1
(87,57), 0, 1
(87,58), 0, 1
(87,59), 0, 1
(87,68), 0, 1
(87,72), 0, 1
(87,83), 0, 1
(87,86), 0, 1
(88,2), 0, 1
(88,6), 0, 1
(88,10), 0, 1
(88,33), 0, 1
(88,41), 0, 1
(88,42), 0, 1
(88,54), 0, 1
(88,65), 0, 1
(88,69), 0, 1
(88,73), 0, 1
(88,81), 0, 1
(88,84), 0, 1
(88,87), 0, 1
(88,94), 0, 1
(89,5), 0, 1
(89,7), 0, 1
(89,21), 0, 1
(89,49), 0, 1
(89,58), 0, 1
(89,59), 0, 1
(89,68), 0, 1
(89,72), 0, 1
(89,86), 0, 1
(90,5), 0, 1
(90,8), 0, 1
(90,21), 0, 1
(90,46), 0, 1
(90,49), 0, 1
(90,59), 0, 1
(90,72), 0, 1
(90,83), 0, 1
(90,86), 0, 1
(91,2), 0, 1
(91,10), 0, 1
(91,30), 0, 1
(91,35), 0, 1
(91,41), 0, 1
(91,42), 0, 1
(91,54), 0, 1
(91,65), 0, 1
(91,67), 0, 1
(91,69), 0, 1
(91,73), 0, 1
(91,81), 0, 1
(91,84), 0, 1
(91,87), 0, 1
(91,94), 0, 1
(92,1), 0, 1
(92,2), 0, 1
(92,4), 0, 1
(92,5), 0, 1
(92,6), 0, 1
(92,7), 0, 1
(92,9), 0, 1
(92,10), 0, 1
(92,14), 0, 1
(92,15), 0, 1
(92,18), 0, 1
(92,19), 0, 1
(92,20), 0, 1
(92,21), 0, 1
(92,25), 0, 1
(92,27), 0, 1
(92,28), 0, 1
(92,32), 0, 1
(92,37), 0, 1
(92,38), 0, 1
(92,40), 0, 1
(92,41), 0, 1
(92,42), 0, 1
(92,43), 0, 1
(92,44), 0, 1
(92,45), 0, 1
(92,47), 0, 1
(92,48), 0, 1
(92,49), 0, 1
(92,50), 0, 1
(92,51), 0, 1
(92,52), 0, 1
(92,53), 0, 1
(92,54), 0, 1
(92,55), 0, 1
(92,56), 0, 1
(92,58), 0, 1
(92,59), 0, 1
(92,60), 0, 1
(92,61), 0, 1
(92,62), 0, 1
(92,63), 0, 1
(92,64), 0, 1
(92,65), 0, 1
(92,66), 0, 1
(92,67), 0, 1
(92,68), 0, 1
(92,69), 0, 1
(92,72), 0, 1
(92,74), 0, 1
(92,78), 0, 1
(92,79), 0, 1
(92,80), 0, 1
(92,81), 0, 1
(92,83), 0, 1
(92,84), 0, 1
(92,85), 0, 1
(92,86), 0, 1
(92,87), 0, 1
(92,88), 0, 1
(92,89), 0, 1
(92,90), 0, 1
(92,94), 0, 1
(95,1), 0, 1
(95,2), 0, 1
(95,5), 0, 1
(95,6), 0, 1
(95,12), 0, 1
(95,14), 0, 1
(95,15), 0, 1
(95,17), 0, 1
(95,18), 0, 1
(95,19), 0, 1
(95,20), 0, 1
(95,21), 0, 1
(95,22), 0, 1
(95,23), 0, 1
(95,24), 0, 1
(95,25), 0, 1
(95,27), 0, 1
(95,28), 0, 1
(95,29), 0, 1
(95,31), 0, 1
(95,32), 0, 1
(95,34), 0, 1
(95,37), 0, 1
(95,38), 0, 1
(95,40), 0, 1
(95,41), 0, 1
(95,42), 0, 1
(95,43), 0, 1
(95,44), 0, 1
(95,45), 0, 1
(95,47), 0, 1
(95,48), 0, 1
(95,49), 0, 1
(95,50), 0, 1
(95,51), 0, 1
(95,53), 0, 1
(95,54), 0, 1
(95,55), 0, 1
(95,56), 0, 1
(95,58), 0, 1
(95,59), 0, 1
(95,60), 0, 1
(95,61), 0, 1
(95,63), 0, 1
(95,64), 0, 1
(95,65), 0, 1
(95,67), 0, 1
(95,68), 0, 1
(95,69), 0, 1
(95,70), 0, 1
(95,72), 0, 1
(95,73), 0, 1
(95,74), 0, 1
(95,78), 0, 1
(95,79), 0, 1
(95,80), 0, 1
(95,81), 0, 1
(95,83), 0, 1
(95,84), 0, 1
(95,85), 0, 1
(95,86), 0, 1
(95,87), 0, 1
(95,88), 0, 1
(95,89), 0, 1
(95,90), 0, 1
(95,94), 0, 1
(96,2), 0, 1
(96,6), 0, 1
(96,10), 0, 1
(96,30), 0, 1
(96,41), 0, 1
(96,42), 0, 1
(96,54), 0, 1
(96,65), 0, 1
(96,67), 0, 1
(96,69), 0, 1
(96,73), 0, 1
(96,81), 0, 1
(96,84), 0, 1
(96,87), 0, 1
(96,94), 0, 1
(97,2), 0, 1
(97,6), 0, 1
(97,30), 0, 1
(97,41), 0, 1
(97,42), 0, 1
(97,48), 0, 1
(97,54), 0, 1
(97,65), 0, 1
(97,67), 0, 1
(97,69), 0, 1
(97,70), 0, 1
(97,73), 0, 1
(97,81), 0, 1
(97,84), 0, 1
(97,87), 0, 1
(97,93), 0, 1
(97,94), 0, 1
(98,2), 0, 1
(98,3), 0, 1
(98,6), 0, 1
(98,10), 0, 1
(98,30), 0, 1
(98,33), 0, 1
(98,35), 0, 1
(98,41), 0, 1
(98,42), 0, 1
(98,54), 0, 1
(98,65), 0, 1
(98,67), 0, 1
(98,69), 0, 1
(98,73), 0, 1
(98,81), 0, 1
(98,87), 0, 1
(98,94), 0, 1
(99,1), 0, 1
(99,2), 0, 1
(99,4), 0, 1
(99,5), 0, 1
(99,6), 0, 1
(99,9), 0, 1
(99,10), 0, 1
(99,12), 0, 1
(99,14), 0, 1
(99,15), 0, 1
(99,17), 0, 1
(99,18), 0, 1
(99,19), 0, 1
(99,20), 0, 1
(99,21), 0, 1
(99,23), 0, 1
(99,25), 0, 1
(99,27), 0, 1
(99,28), 0, 1
(99,30), 0, 1
(99,32), 0, 1
(99,34), 0, 1
(99,37), 0, 1
(99,38), 0, 1
(99,39), 0, 1
(99,42), 0, 1
(99,44), 0, 1
(99,45), 0, 1
(99,47), 0, 1
(99,49), 0, 1
(99,50), 0, 1
(99,51), 0, 1
(99,52), 0, 1
(99,53), 0, 1
(99,54), 0, 1
(99,55), 0, 1
(99,56), 0, 1
(99,58), 0, 1
(99,60), 0, 1
(99,61), 0, 1
(99,62), 0, 1
(99,63), 0, 1
(99,64), 0, 1
(99,65), 0, 1
(99,66), 0, 1
(99,67), 0, 1
(99,68), 0, 1
(99,69), 0, 1
(99,72), 0, 1
(99,73), 0, 1
(99,77), 0, 1
(99,78), 0, 1
(99,79), 0, 1
(99,80), 0, 1
(99,81), 0, 1
(99,83), 0, 1
(99,86), 0, 1
(99,88), 0, 1
(99,89), 0, 1
(99,90), 0, 1
(99,92), 0, 1
(99,94), 0, 1
