Nr_Pairs = 97
Nr_NDD = 3
Nr_Arcs = 2394
0	0.5
1	0.5
2	0.10
3	0.28
4	0.92
5	0.5
6	0.5
7	0.5
8	0.92
9	0.90
10	0.90
11	0.5
12	0.5
13	0.5
14	0.5
15	0.5
16	0.5
17	0.5
18	0.28
19	0.5
20	0.90
21	0.10
22	0.5
23	0.5
24	0.5
25	0.92
26	0.5
27	0.5
28	0.5
29	0.5
30	0.5
31	0.28
32	0.5
33	0.5
34	0.92
35	0.5
36	0.10
37	0.90
38	0.5
39	0.5
40	0.5
41	0.5
42	0.28
43	0.92
44	0.90
45	0.10
46	0.32
47	0.90
48	0.5
49	0.92
50	0.5
51	0.28
52	0.28
53	0.90
54	0.5
55	0.5
56	0.10
57	0.28
58	0.90
59	0.28
60	0.5
61	0.5
62	0.28
63	0.5
64	0.5
65	0.5
66	0.92
67	0.90
68	0.28
69	0.28
70	0.28
71	0.5
72	0.28
73	0.32
74	0.28
75	0.5
76	0.32
77	0.92
78	0.5
79	0.5
80	0.5
81	0.5
82	0.5
83	0.28
84	0.5
85	0.92
86	0.5
87	0.92
88	0.5
89	0.10
90	0.5
91	0.5
92	0.5
93	0.5
94	0.5
95	0.5
96	0.5
97	0.0
98	0.0
99	0.0
(0,1), 0, 1
(0,45), 0, 1
(0,55), 0, 1
(0,71), 0, 1
(0,78), 0, 1
(1,0), 0, 1
(1,5), 0, 1
(1,7), 0, 1
(1,12), 0, 1
(1,13), 0, 1
(1,15), 0, 1
(1,18), 0, 1
(1,32), 0, 1
(1,45), 0, 1
(1,52), 0, 1
(1,61), 0, 1
(1,76), 0, 1
(1,79), 0, 1
(1,80), 0, 1
(1,82), 0, 1
(1,84), 0, 1
(1,89), 0, 1
(2,0), 0, 1
(2,5), 0, 1
(2,7), 0, 1
(2,12), 0, 1
(2,13), 0, 1
(2,15), 0, 1
(2,18), 0, 1
(2,32), 0, 1
(2,45), 0, 1
(2,51), 0, 1
(2,52), 0, 1
(2,58), 0, 1
(2,61), 0, 1
(2,62), 0, 1
(2,74), 0, 1
(2,79), 0, 1
(2,80), 0, 1
(2,82), 0, 1
(2,84), 0, 1
(2,89), 0, 1
(3,0), 0, 1
(3,1), 0, 1
(3,2), 0, 1
(3,5), 0, 1
(3,6), 0, 1
(3,7), 0, 1
(3,11), 0, 1
(3,12), 0, 1
(3,13), 0, 1
(3,14), 0, 1
(3,15), 0, 1
(3,16), 0, 1
(3,17), 0, 1
(3,19), 0, 1
(3,20), 0, 1
(3,21), 0, 1
(3,22), 0, 1
(3,23), 0, 1
(3,24), 0, 1
(3,26), 0, 1
(3,27), 0, 1
(3,28), 0, 1
(3,30), 0, 1
(3,31), 0, 1
(3,32), 0, 1
(3,35), 0, 1
(3,36), 0, 1
(3,38), 0, 1
(3,39), 0, 1
(3,40), 0, 1
(3,41), 0, 1
(3,42), 0, 1
(3,45), 0, 1
(3,46), 0, 1
(3,48), 0, 1
(3,50), 0, 1
(3,51), 0, 1
(3,52), 0, 1
(3,54), 0, 1
(3,55), 0, 1
(3,56), 0, 1
(3,60), 0, 1
(3,61), 0, 1
(3,62), 0, 1
(3,63), 0, 1
(3,64), 0, 1
(3,65), 0, 1
(3,68), 0, 1
(3,69), 0, 1
(3,71), 0, 1
(3,72), 0, 1
(3,74), 0, 1
(3,75), 0, 1
(3,76), 0, 1
(3,78), 0, 1
(3,79), 0, 1
(3,80), 0, 1
(3,81), 0, 1
(3,82), 0, 1
(3,83), 0, 1
(3,84), 0, 1
(3,86), 0, 1
(3,89), 0, 1
(3,90), 0, 1
(3,91), 0, 1
(3,92), 0, 1
(3,93), 0, 1
(3,94), 0, 1
(3,95), 0, 1
(3,96), 0, 1
(4,0), 0, 1
(4,5), 0, 1
(4,7), 0, 1
(4,12), 0, 1
(4,15), 0, 1
(4,18), 0, 1
(4,32), 0, 1
(4,45), 0, 1
(4,51), 0, 1
(4,52), 0, 1
(4,59), 0, 1
(4,61), 0, 1
(4,74), 0, 1
(4,76), 0, 1
(4,79), 0, 1
(4,80), 0, 1
(4,82), 0, 1
(4,84), 0, 1
(4,89), 0, 1
(5,1), 0, 1
(5,45), 0, 1
(5,55), 0, 1
(5,71), 0, 1
(5,77), 0, 1
(5,78), 0, 1
(5,90), 0, 1
(6,45), 0, 1
(7,1), 0, 1
(7,45), 0, 1
(7,55), 0, 1
(7,70), 0, 1
(7,71), 0, 1
(7,78), 0, 1
(7,90), 0, 1
(8,0), 0, 1
(8,5), 0, 1
(8,7), 0, 1
(8,12), 0, 1
(8,13), 0, 1
(8,15), 0, 1
(8,32), 0, 1
(8,52), 0, 1
(8,59), 0, 1
(8,61), 0, 1
(8,62), 0, 1
(8,79), 0, 1
(8,80), 0, 1
(8,82), 0, 1
(8,84), 0, 1
(8,89), 0, 1
(9,0), 0, 1
(9,1), 0, 1
(9,2), 0, 1
(9,3), 0, 1
(9,6), 0, 1
(9,7), 0, 1
(9,11), 0, 1
(9,12), 0, 1
(9,13), 0, 1
(9,14), 0, 1
(9,16), 0, 1
(9,17), 0, 1
(9,18), 0, 1
(9,19), 0, 1
(9,21), 0, 1
(9,22), 0, 1
(9,23), 0, 1
(9,24), 0, 1
(9,25), 0, 1
(9,26), 0, 1
(9,27), 0, 1
(9,28), 0, 1
(9,30), 0, 1
(9,32), 0, 1
(9,33), 0, 1
(9,35), 0, 1
(9,36), 0, 1
(9,38), 0, 1
(9,39), 0, 1
(9,40), 0, 1
(9,41), 0, 1
(9,42), 0, 1
(9,45), 0, 1
(9,48), 0, 1
(9,50), 0, 1
(9,51), 0, 1
(9,53), 0, 1
(9,54), 0, 1
(9,55), 0, 1
(9,56), 0, 1
(9,59), 0, 1
(9,60), 0, 1
(9,61), 0, 1
(9,63), 0, 1
(9,64), 0, 1
(9,65), 0, 1
(9,68), 0, 1
(9,69), 0, 1
(9,70), 0, 1
(9,71), 0, 1
(9,72), 0, 1
(9,73), 0, 1
(9,75), 0, 1
(9,76), 0, 1
(9,78), 0, 1
(9,79), 0, 1
(9,80), 0, 1
(9,81), 0, 1
(9,82), 0, 1
(9,86), 0, 1
(9,88), 0, 1
(9,89), 0, 1
(9,90), 0, 1
(9,91), 0, 1
(9,92), 0, 1
(9,93), 0, 1
(9,94), 0, 1
(9,95), 0, 1
(9,96), 0, 1
(10,0), 0, 1
(10,5), 0, 1
(10,7), 0, 1
(10,12), 0, 1
(10,13), 0, 1
(10,15), 0, 1
(10,18), 0, 1
(10,32), 0, 1
(10,45), 0, 1
(10,49), 0, 1
(10,52), 0, 1
(10,59), 0, 1
(10,61), 0, 1
(10,62), 0, 1
(10,74), 0, 1
(10,79), 0, 1
(10,80), 0, 1
(10,82), 0, 1
(10,84), 0, 1
(11,1), 0, 1
(11,45), 0, 1
(11,55), 0, 1
(11,71), 0, 1
(11,78), 0, 1
(11,90), 0, 1
(12,45), 0, 1
(13,1), 0, 1
(13,45), 0, 1
(13,55), 0, 1
(13,71), 0, 1
(13,77), 0, 1
(13,78), 0, 1
(14,0), 0, 1
(14,5), 0, 1
(14,7), 0, 1
(14,10), 0, 1
(14,12), 0, 1
(14,13), 0, 1
(14,15), 0, 1
(14,32), 0, 1
(14,45), 0, 1
(14,51), 0, 1
(14,52), 0, 1
(14,59), 0, 1
(14,61), 0, 1
(14,74), 0, 1
(14,79), 0, 1
(14,80), 0, 1
(14,82), 0, 1
(14,84), 0, 1
(14,89), 0, 1
(15,1), 0, 1
(15,45), 0, 1
(15,55), 0, 1
(15,70), 0, 1
(15,71), 0, 1
(15,78), 0, 1
(15,90), 0, 1
(16,1), 0, 1
(16,45), 0, 1
(16,55), 0, 1
(16,70), 0, 1
(16,71), 0, 1
(17,0), 0, 1
(17,5), 0, 1
(17,7), 0, 1
(17,12), 0, 1
(17,13), 0, 1
(17,15), 0, 1
(17,18), 0, 1
(17,32), 0, 1
(17,45), 0, 1
(17,51), 0, 1
(17,52), 0, 1
(17,61), 0, 1
(17,62), 0, 1
(17,76), 0, 1
(17,79), 0, 1
(17,80), 0, 1
(17,82), 0, 1
(17,84), 0, 1
(17,89), 0, 1
(18,45), 0, 1
(18,55), 0, 1
(18,70), 0, 1
(18,71), 0, 1
(18,78), 0, 1
(19,1), 0, 1
(19,45), 0, 1
(19,55), 0, 1
(19,70), 0, 1
(19,71), 0, 1
(19,90), 0, 1
(20,0), 0, 1
(20,5), 0, 1
(20,7), 0, 1
(20,12), 0, 1
(20,15), 0, 1
(20,18), 0, 1
(20,32), 0, 1
(20,45), 0, 1
(20,58), 0, 1
(20,59), 0, 1
(20,61), 0, 1
(20,62), 0, 1
(20,76), 0, 1
(20,80), 0, 1
(20,82), 0, 1
(20,84), 0, 1
(20,89), 0, 1
(21,5), 0, 1
(21,7), 0, 1
(21,12), 0, 1
(21,13), 0, 1
(21,32), 0, 1
(21,37), 0, 1
(21,45), 0, 1
(21,52), 0, 1
(21,58), 0, 1
(21,59), 0, 1
(21,61), 0, 1
(21,62), 0, 1
(21,74), 0, 1
(21,76), 0, 1
(21,79), 0, 1
(21,80), 0, 1
(21,82), 0, 1
(21,84), 0, 1
(21,89), 0, 1
(22,0), 0, 1
(22,7), 0, 1
(22,12), 0, 1
(22,13), 0, 1
(22,15), 0, 1
(22,32), 0, 1
(22,45), 0, 1
(22,52), 0, 1
(22,59), 0, 1
(22,61), 0, 1
(22,79), 0, 1
(22,80), 0, 1
(22,82), 0, 1
(22,84), 0, 1
(22,89), 0, 1
(23,0), 0, 1
(23,5), 0, 1
(23,7), 0, 1
(23,12), 0, 1
(23,13), 0, 1
(23,15), 0, 1
(23,18), 0, 1
(23,32), 0, 1
(23,45), 0, 1
(23,51), 0, 1
(23,59), 0, 1
(23,61), 0, 1
(23,62), 0, 1
(23,74), 0, 1
(23,79), 0, 1
(23,80), 0, 1
(23,82), 0, 1
(23,84), 0, 1
(23,89), 0, 1
(24,1), 0, 1
(24,45), 0, 1
(24,55), 0, 1
(24,71), 0, 1
(24,78), 0, 1
(24,90), 0, 1
(25,0), 0, 1
(25,1), 0, 1
(25,2), 0, 1
(25,5), 0, 1
(25,6), 0, 1
(25,7), 0, 1
(25,11), 0, 1
(25,12), 0, 1
(25,13), 0, 1
(25,14), 0, 1
(25,15), 0, 1
(25,16), 0, 1
(25,17), 0, 1
(25,18), 0, 1
(25,19), 0, 1
(25,21), 0, 1
(25,22), 0, 1
(25,23), 0, 1
(25,24), 0, 1
(25,26), 0, 1
(25,27), 0, 1
(25,28), 0, 1
(25,30), 0, 1
(25,32), 0, 1
(25,33), 0, 1
(25,35), 0, 1
(25,36), 0, 1
(25,38), 0, 1
(25,39), 0, 1
(25,40), 0, 1
(25,41), 0, 1
(25,42), 0, 1
(25,46), 0, 1
(25,48), 0, 1
(25,50), 0, 1
(25,51), 0, 1
(25,52), 0, 1
(25,54), 0, 1
(25,55), 0, 1
(25,56), 0, 1
(25,60), 0, 1
(25,61), 0, 1
(25,62), 0, 1
(25,63), 0, 1
(25,64), 0, 1
(25,65), 0, 1
(25,68), 0, 1
(25,71), 0, 1
(25,73), 0, 1
(25,75), 0, 1
(25,76), 0, 1
(25,78), 0, 1
(25,79), 0, 1
(25,81), 0, 1
(25,82), 0, 1
(25,83), 0, 1
(25,84), 0, 1
(25,86), 0, 1
(25,88), 0, 1
(25,89), 0, 1
(25,90), 0, 1
(25,91), 0, 1
(25,92), 0, 1
(25,93), 0, 1
(25,94), 0, 1
(25,95), 0, 1
(25,96), 0, 1
(26,0), 0, 1
(26,5), 0, 1
(26,7), 0, 1
(26,13), 0, 1
(26,15), 0, 1
(26,32), 0, 1
(26,45), 0, 1
(26,51), 0, 1
(26,52), 0, 1
(26,59), 0, 1
(26,61), 0, 1
(26,62), 0, 1
(26,74), 0, 1
(26,79), 0, 1
(26,80), 0, 1
(26,82), 0, 1
(26,84), 0, 1
(26,89), 0, 1
(27,0), 0, 1
(27,5), 0, 1
(27,7), 0, 1
(27,12), 0, 1
(27,13), 0, 1
(27,15), 0, 1
(27,18), 0, 1
(27,32), 0, 1
(27,45), 0, 1
(27,51), 0, 1
(27,59), 0, 1
(27,61), 0, 1
(27,74), 0, 1
(27,76), 0, 1
(27,79), 0, 1
(27,80), 0, 1
(27,84), 0, 1
(27,89), 0, 1
(28,0), 0, 1
(28,1), 0, 1
(28,2), 0, 1
(28,3), 0, 1
(28,5), 0, 1
(28,6), 0, 1
(28,7), 0, 1
(28,11), 0, 1
(28,12), 0, 1
(28,13), 0, 1
(28,14), 0, 1
(28,16), 0, 1
(28,17), 0, 1
(28,18), 0, 1
(28,19), 0, 1
(28,21), 0, 1
(28,22), 0, 1
(28,23), 0, 1
(28,24), 0, 1
(28,25), 0, 1
(28,26), 0, 1
(28,27), 0, 1
(28,29), 0, 1
(28,30), 0, 1
(28,31), 0, 1
(28,32), 0, 1
(28,33), 0, 1
(28,34), 0, 1
(28,35), 0, 1
(28,38), 0, 1
(28,39), 0, 1
(28,40), 0, 1
(28,42), 0, 1
(28,45), 0, 1
(28,46), 0, 1
(28,48), 0, 1
(28,50), 0, 1
(28,52), 0, 1
(28,54), 0, 1
(28,55), 0, 1
(28,56), 0, 1
(28,57), 0, 1
(28,59), 0, 1
(28,61), 0, 1
(28,62), 0, 1
(28,63), 0, 1
(28,64), 0, 1
(28,65), 0, 1
(28,68), 0, 1
(28,71), 0, 1
(28,72), 0, 1
(28,73), 0, 1
(28,74), 0, 1
(28,75), 0, 1
(28,78), 0, 1
(28,79), 0, 1
(28,80), 0, 1
(28,81), 0, 1
(28,82), 0, 1
(28,84), 0, 1
(28,86), 0, 1
(28,88), 0, 1
(28,89), 0, 1
(28,90), 0, 1
(28,91), 0, 1
(28,92), 0, 1
(28,93), 0, 1
(28,94), 0, 1
(28,95), 0, 1
(28,96), 0, 1
(29,0), 0, 1
(29,5), 0, 1
(29,7), 0, 1
(29,12), 0, 1
(29,13), 0, 1
(29,15), 0, 1
(29,18), 0, 1
(29,32), 0, 1
(29,45), 0, 1
(29,51), 0, 1
(29,52), 0, 1
(29,59), 0, 1
(29,61), 0, 1
(29,62), 0, 1
(29,74), 0, 1
(29,76), 0, 1
(29,80), 0, 1
(29,82), 0, 1
(29,84), 0, 1
(29,89), 0, 1
(30,0), 0, 1
(30,5), 0, 1
(30,7), 0, 1
(30,12), 0, 1
(30,13), 0, 1
(30,15), 0, 1
(30,32), 0, 1
(30,45), 0, 1
(30,51), 0, 1
(30,59), 0, 1
(30,61), 0, 1
(30,62), 0, 1
(30,76), 0, 1
(30,79), 0, 1
(30,80), 0, 1
(30,82), 0, 1
(30,84), 0, 1
(30,89), 0, 1
(31,5), 0, 1
(31,7), 0, 1
(31,13), 0, 1
(31,15), 0, 1
(31,18), 0, 1
(31,32), 0, 1
(31,45), 0, 1
(31,51), 0, 1
(31,61), 0, 1
(31,62), 0, 1
(31,74), 0, 1
(31,76), 0, 1
(31,79), 0, 1
(31,80), 0, 1
(31,82), 0, 1
(31,84), 0, 1
(31,89), 0, 1
(32,1), 0, 1
(32,9), 0, 1
(32,45), 0, 1
(32,55), 0, 1
(32,70), 0, 1
(32,71), 0, 1
(32,78), 0, 1
(32,90), 0, 1
(33,0), 0, 1
(33,4), 0, 1
(33,5), 0, 1
(33,7), 0, 1
(33,12), 0, 1
(33,13), 0, 1
(33,15), 0, 1
(33,18), 0, 1
(33,32), 0, 1
(33,49), 0, 1
(33,51), 0, 1
(33,52), 0, 1
(33,59), 0, 1
(33,61), 0, 1
(33,62), 0, 1
(33,74), 0, 1
(33,76), 0, 1
(33,79), 0, 1
(33,80), 0, 1
(33,82), 0, 1
(33,84), 0, 1
(33,89), 0, 1
(34,1), 0, 1
(34,45), 0, 1
(34,49), 0, 1
(34,55), 0, 1
(34,70), 0, 1
(34,71), 0, 1
(34,78), 0, 1
(34,90), 0, 1
(35,0), 0, 1
(35,1), 0, 1
(35,2), 0, 1
(35,5), 0, 1
(35,6), 0, 1
(35,7), 0, 1
(35,9), 0, 1
(35,11), 0, 1
(35,12), 0, 1
(35,13), 0, 1
(35,15), 0, 1
(35,16), 0, 1
(35,17), 0, 1
(35,18), 0, 1
(35,19), 0, 1
(35,21), 0, 1
(35,22), 0, 1
(35,23), 0, 1
(35,24), 0, 1
(35,26), 0, 1
(35,27), 0, 1
(35,28), 0, 1
(35,29), 0, 1
(35,30), 0, 1
(35,31), 0, 1
(35,32), 0, 1
(35,33), 0, 1
(35,36), 0, 1
(35,38), 0, 1
(35,39), 0, 1
(35,40), 0, 1
(35,41), 0, 1
(35,45), 0, 1
(35,48), 0, 1
(35,50), 0, 1
(35,52), 0, 1
(35,54), 0, 1
(35,55), 0, 1
(35,56), 0, 1
(35,57), 0, 1
(35,59), 0, 1
(35,60), 0, 1
(35,61), 0, 1
(35,62), 0, 1
(35,63), 0, 1
(35,64), 0, 1
(35,67), 0, 1
(35,69), 0, 1
(35,70), 0, 1
(35,71), 0, 1
(35,73), 0, 1
(35,74), 0, 1
(35,75), 0, 1
(35,76), 0, 1
(35,78), 0, 1
(35,79), 0, 1
(35,80), 0, 1
(35,81), 0, 1
(35,82), 0, 1
(35,83), 0, 1
(35,86), 0, 1
(35,89), 0, 1
(35,90), 0, 1
(35,92), 0, 1
(35,93), 0, 1
(35,94), 0, 1
(35,95), 0, 1
(35,96), 0, 1
(36,1), 0, 1
(36,45), 0, 1
(36,55), 0, 1
(36,70), 0, 1
(36,78), 0, 1
(36,90), 0, 1
(37,0), 0, 1
(37,5), 0, 1
(37,7), 0, 1
(37,12), 0, 1
(37,15), 0, 1
(37,32), 0, 1
(37,45), 0, 1
(37,52), 0, 1
(37,59), 0, 1
(37,61), 0, 1
(37,74), 0, 1
(37,76), 0, 1
(37,79), 0, 1
(37,80), 0, 1
(37,82), 0, 1
(37,89), 0, 1
(38,0), 0, 1
(38,5), 0, 1
(38,7), 0, 1
(38,13), 0, 1
(38,15), 0, 1
(38,18), 0, 1
(38,32), 0, 1
(38,45), 0, 1
(38,51), 0, 1
(38,52), 0, 1
(38,59), 0, 1
(38,61), 0, 1
(38,62), 0, 1
(38,76), 0, 1
(38,79), 0, 1
(38,80), 0, 1
(38,82), 0, 1
(38,84), 0, 1
(38,89), 0, 1
(39,0), 0, 1
(39,5), 0, 1
(39,7), 0, 1
(39,12), 0, 1
(39,13), 0, 1
(39,15), 0, 1
(39,18), 0, 1
(39,32), 0, 1
(39,45), 0, 1
(39,51), 0, 1
(39,52), 0, 1
(39,59), 0, 1
(39,61), 0, 1
(39,62), 0, 1
(39,74), 0, 1
(39,76), 0, 1
(39,79), 0, 1
(39,80), 0, 1
(39,82), 0, 1
(39,84), 0, 1
(39,89), 0, 1
(40,0), 0, 1
(40,5), 0, 1
(40,7), 0, 1
(40,13), 0, 1
(40,15), 0, 1
(40,18), 0, 1
(40,32), 0, 1
(40,45), 0, 1
(40,52), 0, 1
(40,59), 0, 1
(40,61), 0, 1
(40,62), 0, 1
(40,74), 0, 1
(40,76), 0, 1
(40,79), 0, 1
(40,82), 0, 1
(40,84), 0, 1
(40,89), 0, 1
(41,0), 0, 1
(41,1), 0, 1
(41,2), 0, 1
(41,3), 0, 1
(41,5), 0, 1
(41,6), 0, 1
(41,7), 0, 1
(41,11), 0, 1
(41,12), 0, 1
(41,13), 0, 1
(41,14), 0, 1
(41,15), 0, 1
(41,16), 0, 1
(41,17), 0, 1
(41,18), 0, 1
(41,19), 0, 1
(41,21), 0, 1
(41,22), 0, 1
(41,23), 0, 1
(41,24), 0, 1
(41,26), 0, 1
(41,27), 0, 1
(41,28), 0, 1
(41,29), 0, 1
(41,30), 0, 1
(41,32), 0, 1
(41,33), 0, 1
(41,35), 0, 1
(41,36), 0, 1
(41,38), 0, 1
(41,39), 0, 1
(41,40), 0, 1
(41,42), 0, 1
(41,44), 0, 1
(41,45), 0, 1
(41,47), 0, 1
(41,48), 0, 1
(41,50), 0, 1
(41,54), 0, 1
(41,55), 0, 1
(41,56), 0, 1
(41,59), 0, 1
(41,60), 0, 1
(41,61), 0, 1
(41,63), 0, 1
(41,64), 0, 1
(41,65), 0, 1
(41,68), 0, 1
(41,70), 0, 1
(41,71), 0, 1
(41,73), 0, 1
(41,74), 0, 1
(41,75), 0, 1
(41,78), 0, 1
(41,79), 0, 1
(41,80), 0, 1
(41,81), 0, 1
(41,82), 0, 1
(41,83), 0, 1
(41,86), 0, 1
(41,88), 0, 1
(41,90), 0, 1
(41,91), 0, 1
(41,92), 0, 1
(41,93), 0, 1
(41,94), 0, 1
(41,95), 0, 1
(41,96), 0, 1
(42,0), 0, 1
(42,1), 0, 1
(42,2), 0, 1
(42,5), 0, 1
(42,6), 0, 1
(42,7), 0, 1
(42,11), 0, 1
(42,12), 0, 1
(42,13), 0, 1
(42,14), 0, 1
(42,15), 0, 1
(42,17), 0, 1
(42,18), 0, 1
(42,19), 0, 1
(42,21), 0, 1
(42,22), 0, 1
(42,23), 0, 1
(42,24), 0, 1
(42,26), 0, 1
(42,27), 0, 1
(42,28), 0, 1
(42,29), 0, 1
(42,30), 0, 1
(42,31), 0, 1
(42,32), 0, 1
(42,33), 0, 1
(42,35), 0, 1
(42,36), 0, 1
(42,38), 0, 1
(42,39), 0, 1
(42,40), 0, 1
(42,41), 0, 1
(42,45), 0, 1
(42,48), 0, 1
(42,50), 0, 1
(42,54), 0, 1
(42,55), 0, 1
(42,57), 0, 1
(42,59), 0, 1
(42,60), 0, 1
(42,61), 0, 1
(42,63), 0, 1
(42,64), 0, 1
(42,65), 0, 1
(42,66), 0, 1
(42,68), 0, 1
(42,69), 0, 1
(42,70), 0, 1
(42,71), 0, 1
(42,72), 0, 1
(42,74), 0, 1
(42,75), 0, 1
(42,78), 0, 1
(42,79), 0, 1
(42,80), 0, 1
(42,81), 0, 1
(42,82), 0, 1
(42,83), 0, 1
(42,84), 0, 1
(42,86), 0, 1
(42,88), 0, 1
(42,89), 0, 1
(42,90), 0, 1
(42,91), 0, 1
(42,92), 0, 1
(42,93), 0, 1
(42,94), 0, 1
(42,95), 0, 1
(42,96), 0, 1
(43,0), 0, 1
(43,5), 0, 1
(43,7), 0, 1
(43,12), 0, 1
(43,13), 0, 1
(43,15), 0, 1
(43,18), 0, 1
(43,32), 0, 1
(43,45), 0, 1
(43,51), 0, 1
(43,52), 0, 1
(43,61), 0, 1
(43,62), 0, 1
(43,74), 0, 1
(43,76), 0, 1
(43,79), 0, 1
(43,80), 0, 1
(43,82), 0, 1
(43,84), 0, 1
(43,89), 0, 1
(44,1), 0, 1
(44,9), 0, 1
(44,55), 0, 1
(44,70), 0, 1
(44,71), 0, 1
(44,78), 0, 1
(44,90), 0, 1
(45,0), 0, 1
(45,1), 0, 1
(45,2), 0, 1
(45,3), 0, 1
(45,5), 0, 1
(45,6), 0, 1
(45,7), 0, 1
(45,11), 0, 1
(45,12), 0, 1
(45,13), 0, 1
(45,14), 0, 1
(45,15), 0, 1
(45,16), 0, 1
(45,17), 0, 1
(45,18), 0, 1
(45,19), 0, 1
(45,21), 0, 1
(45,22), 0, 1
(45,23), 0, 1
(45,24), 0, 1
(45,26), 0, 1
(45,28), 0, 1
(45,29), 0, 1
(45,30), 0, 1
(45,31), 0, 1
(45,32), 0, 1
(45,33), 0, 1
(45,38), 0, 1
(45,39), 0, 1
(45,40), 0, 1
(45,42), 0, 1
(45,48), 0, 1
(45,50), 0, 1
(45,51), 0, 1
(45,52), 0, 1
(45,53), 0, 1
(45,54), 0, 1
(45,55), 0, 1
(45,56), 0, 1
(45,59), 0, 1
(45,60), 0, 1
(45,61), 0, 1
(45,62), 0, 1
(45,63), 0, 1
(45,64), 0, 1
(45,65), 0, 1
(45,68), 0, 1
(45,69), 0, 1
(45,71), 0, 1
(45,72), 0, 1
(45,73), 0, 1
(45,74), 0, 1
(45,75), 0, 1
(45,78), 0, 1
(45,79), 0, 1
(45,80), 0, 1
(45,81), 0, 1
(45,82), 0, 1
(45,83), 0, 1
(45,84), 0, 1
(45,86), 0, 1
(45,88), 0, 1
(45,90), 0, 1
(45,91), 0, 1
(45,92), 0, 1
(45,93), 0, 1
(45,94), 0, 1
(45,95), 0, 1
(45,96), 0, 1
(46,0), 0, 1
(46,1), 0, 1
(46,2), 0, 1
(46,5), 0, 1
(46,6), 0, 1
(46,7), 0, 1
(46,11), 0, 1
(46,12), 0, 1
(46,13), 0, 1
(46,14), 0, 1
(46,15), 0, 1
(46,17), 0, 1
(46,18), 0, 1
(46,19), 0, 1
(46,22), 0, 1
(46,23), 0, 1
(46,26), 0, 1
(46,27), 0, 1
(46,28), 0, 1
(46,30), 0, 1
(46,31), 0, 1
(46,32), 0, 1
(46,33), 0, 1
(46,35), 0, 1
(46,36), 0, 1
(46,38), 0, 1
(46,39), 0, 1
(46,40), 0, 1
(46,41), 0, 1
(46,42), 0, 1
(46,45), 0, 1
(46,47), 0, 1
(46,48), 0, 1
(46,50), 0, 1
(46,51), 0, 1
(46,52), 0, 1
(46,54), 0, 1
(46,55), 0, 1
(46,56), 0, 1
(46,57), 0, 1
(46,59), 0, 1
(46,60), 0, 1
(46,61), 0, 1
(46,62), 0, 1
(46,63), 0, 1
(46,64), 0, 1
(46,65), 0, 1
(46,68), 0, 1
(46,69), 0, 1
(46,71), 0, 1
(46,72), 0, 1
(46,75), 0, 1
(46,76), 0, 1
(46,79), 0, 1
(46,80), 0, 1
(46,81), 0, 1
(46,82), 0, 1
(46,83), 0, 1
(46,84), 0, 1
(46,86), 0, 1
(46,88), 0, 1
(46,89), 0, 1
(46,90), 0, 1
(46,91), 0, 1
(46,92), 0, 1
(46,93), 0, 1
(46,94), 0, 1
(46,96), 0, 1
(47,0), 0, 1
(47,5), 0, 1
(47,7), 0, 1
(47,12), 0, 1
(47,13), 0, 1
(47,15), 0, 1
(47,18), 0, 1
(47,32), 0, 1
(47,45), 0, 1
(47,59), 0, 1
(47,61), 0, 1
(47,76), 0, 1
(47,79), 0, 1
(47,80), 0, 1
(47,82), 0, 1
(47,84), 0, 1
(47,89), 0, 1
(48,0), 0, 1
(48,5), 0, 1
(48,7), 0, 1
(48,12), 0, 1
(48,13), 0, 1
(48,15), 0, 1
(48,32), 0, 1
(48,45), 0, 1
(48,51), 0, 1
(48,52), 0, 1
(48,58), 0, 1
(48,61), 0, 1
(48,62), 0, 1
(48,74), 0, 1
(48,79), 0, 1
(48,80), 0, 1
(48,82), 0, 1
(48,84), 0, 1
(48,89), 0, 1
(49,1), 0, 1
(49,45), 0, 1
(49,55), 0, 1
(49,70), 0, 1
(49,71), 0, 1
(49,78), 0, 1
(49,90), 0, 1
(50,0), 0, 1
(50,5), 0, 1
(50,7), 0, 1
(50,12), 0, 1
(50,13), 0, 1
(50,15), 0, 1
(50,18), 0, 1
(50,32), 0, 1
(50,45), 0, 1
(50,51), 0, 1
(50,59), 0, 1
(50,61), 0, 1
(50,74), 0, 1
(50,79), 0, 1
(50,80), 0, 1
(50,82), 0, 1
(50,84), 0, 1
(50,89), 0, 1
(51,45), 0, 1
(52,1), 0, 1
(52,45), 0, 1
(52,55), 0, 1
(52,70), 0, 1
(52,71), 0, 1
(52,78), 0, 1
(52,90), 0, 1
(53,0), 0, 1
(53,1), 0, 1
(53,3), 0, 1
(53,5), 0, 1
(53,6), 0, 1
(53,7), 0, 1
(53,11), 0, 1
(53,12), 0, 1
(53,13), 0, 1
(53,14), 0, 1
(53,15), 0, 1
(53,16), 0, 1
(53,17), 0, 1
(53,18), 0, 1
(53,19), 0, 1
(53,21), 0, 1
(53,22), 0, 1
(53,23), 0, 1
(53,24), 0, 1
(53,26), 0, 1
(53,27), 0, 1
(53,28), 0, 1
(53,29), 0, 1
(53,30), 0, 1
(53,31), 0, 1
(53,32), 0, 1
(53,33), 0, 1
(53,35), 0, 1
(53,36), 0, 1
(53,38), 0, 1
(53,39), 0, 1
(53,41), 0, 1
(53,42), 0, 1
(53,45), 0, 1
(53,46), 0, 1
(53,48), 0, 1
(53,50), 0, 1
(53,52), 0, 1
(53,54), 0, 1
(53,55), 0, 1
(53,56), 0, 1
(53,57), 0, 1
(53,59), 0, 1
(53,61), 0, 1
(53,62), 0, 1
(53,63), 0, 1
(53,64), 0, 1
(53,65), 0, 1
(53,68), 0, 1
(53,69), 0, 1
(53,70), 0, 1
(53,71), 0, 1
(53,74), 0, 1
(53,75), 0, 1
(53,76), 0, 1
(53,78), 0, 1
(53,79), 0, 1
(53,80), 0, 1
(53,81), 0, 1
(53,82), 0, 1
(53,84), 0, 1
(53,86), 0, 1
(53,88), 0, 1
(53,89), 0, 1
(53,90), 0, 1
(53,91), 0, 1
(53,92), 0, 1
(53,93), 0, 1
(53,94), 0, 1
(53,95), 0, 1
(53,96), 0, 1
(54,1), 0, 1
(54,45), 0, 1
(54,55), 0, 1
(54,71), 0, 1
(54,78), 0, 1
(54,90), 0, 1
(55,0), 0, 1
(55,5), 0, 1
(55,7), 0, 1
(55,12), 0, 1
(55,13), 0, 1
(55,15), 0, 1
(55,32), 0, 1
(55,45), 0, 1
(55,51), 0, 1
(55,59), 0, 1
(55,61), 0, 1
(55,62), 0, 1
(55,74), 0, 1
(55,76), 0, 1
(55,79), 0, 1
(55,80), 0, 1
(55,82), 0, 1
(55,84), 0, 1
(56,1), 0, 1
(56,45), 0, 1
(56,55), 0, 1
(56,70), 0, 1
(56,71), 0, 1
(56,78), 0, 1
(56,90), 0, 1
(57,1), 0, 1
(57,45), 0, 1
(57,55), 0, 1
(57,70), 0, 1
(57,71), 0, 1
(57,78), 0, 1
(57,90), 0, 1
(58,0), 0, 1
(58,1), 0, 1
(58,2), 0, 1
(58,3), 0, 1
(58,5), 0, 1
(58,6), 0, 1
(58,7), 0, 1
(58,11), 0, 1
(58,12), 0, 1
(58,13), 0, 1
(58,14), 0, 1
(58,15), 0, 1
(58,16), 0, 1
(58,17), 0, 1
(58,18), 0, 1
(58,19), 0, 1
(58,21), 0, 1
(58,22), 0, 1
(58,23), 0, 1
(58,24), 0, 1
(58,26), 0, 1
(58,27), 0, 1
(58,28), 0, 1
(58,29), 0, 1
(58,30), 0, 1
(58,31), 0, 1
(58,32), 0, 1
(58,38), 0, 1
(58,39), 0, 1
(58,40), 0, 1
(58,41), 0, 1
(58,42), 0, 1
(58,43), 0, 1
(58,47), 0, 1
(58,48), 0, 1
(58,50), 0, 1
(58,52), 0, 1
(58,54), 0, 1
(58,55), 0, 1
(58,56), 0, 1
(58,57), 0, 1
(58,59), 0, 1
(58,60), 0, 1
(58,61), 0, 1
(58,62), 0, 1
(58,64), 0, 1
(58,65), 0, 1
(58,68), 0, 1
(58,69), 0, 1
(58,71), 0, 1
(58,75), 0, 1
(58,76), 0, 1
(58,78), 0, 1
(58,79), 0, 1
(58,80), 0, 1
(58,81), 0, 1
(58,82), 0, 1
(58,84), 0, 1
(58,85), 0, 1
(58,86), 0, 1
(58,88), 0, 1
(58,89), 0, 1
(58,90), 0, 1
(58,91), 0, 1
(58,92), 0, 1
(58,93), 0, 1
(58,94), 0, 1
(58,95), 0, 1
(58,96), 0, 1
(59,0), 0, 1
(59,5), 0, 1
(59,7), 0, 1
(59,12), 0, 1
(59,13), 0, 1
(59,15), 0, 1
(59,18), 0, 1
(59,32), 0, 1
(59,37), 0, 1
(59,45), 0, 1
(59,51), 0, 1
(59,52), 0, 1
(59,61), 0, 1
(59,76), 0, 1
(59,80), 0, 1
(59,82), 0, 1
(59,84), 0, 1
(59,89), 0, 1
(60,0), 0, 1
(60,5), 0, 1
(60,7), 0, 1
(60,12), 0, 1
(60,13), 0, 1
(60,15), 0, 1
(60,18), 0, 1
(60,45), 0, 1
(60,51), 0, 1
(60,52), 0, 1
(60,59), 0, 1
(60,76), 0, 1
(60,79), 0, 1
(60,80), 0, 1
(60,82), 0, 1
(60,84), 0, 1
(60,89), 0, 1
(61,1), 0, 1
(61,45), 0, 1
(61,55), 0, 1
(61,70), 0, 1
(61,71), 0, 1
(61,90), 0, 1
(62,1), 0, 1
(62,45), 0, 1
(62,55), 0, 1
(62,70), 0, 1
(62,71), 0, 1
(62,78), 0, 1
(62,87), 0, 1
(62,90), 0, 1
(63,1), 0, 1
(63,45), 0, 1
(63,55), 0, 1
(63,71), 0, 1
(63,78), 0, 1
(63,87), 0, 1
(63,90), 0, 1
(64,0), 0, 1
(64,5), 0, 1
(64,7), 0, 1
(64,12), 0, 1
(64,13), 0, 1
(64,15), 0, 1
(64,18), 0, 1
(64,32), 0, 1
(64,45), 0, 1
(64,51), 0, 1
(64,59), 0, 1
(64,61), 0, 1
(64,74), 0, 1
(64,79), 0, 1
(64,80), 0, 1
(64,82), 0, 1
(64,84), 0, 1
(64,89), 0, 1
(65,0), 0, 1
(65,5), 0, 1
(65,7), 0, 1
(65,12), 0, 1
(65,13), 0, 1
(65,15), 0, 1
(65,32), 0, 1
(65,45), 0, 1
(65,51), 0, 1
(65,52), 0, 1
(65,58), 0, 1
(65,59), 0, 1
(65,61), 0, 1
(65,62), 0, 1
(65,74), 0, 1
(65,76), 0, 1
(65,79), 0, 1
(65,80), 0, 1
(65,82), 0, 1
(65,84), 0, 1
(65,89), 0, 1
(66,0), 0, 1
(66,7), 0, 1
(66,12), 0, 1
(66,13), 0, 1
(66,15), 0, 1
(66,32), 0, 1
(66,45), 0, 1
(66,51), 0, 1
(66,58), 0, 1
(66,59), 0, 1
(66,61), 0, 1
(66,62), 0, 1
(66,76), 0, 1
(66,79), 0, 1
(66,80), 0, 1
(66,82), 0, 1
(66,84), 0, 1
(66,89), 0, 1
(67,0), 0, 1
(67,1), 0, 1
(67,2), 0, 1
(67,5), 0, 1
(67,6), 0, 1
(67,7), 0, 1
(67,11), 0, 1
(67,12), 0, 1
(67,13), 0, 1
(67,14), 0, 1
(67,15), 0, 1
(67,16), 0, 1
(67,17), 0, 1
(67,18), 0, 1
(67,19), 0, 1
(67,21), 0, 1
(67,22), 0, 1
(67,23), 0, 1
(67,24), 0, 1
(67,26), 0, 1
(67,27), 0, 1
(67,29), 0, 1
(67,30), 0, 1
(67,31), 0, 1
(67,32), 0, 1
(67,33), 0, 1
(67,35), 0, 1
(67,36), 0, 1
(67,38), 0, 1
(67,39), 0, 1
(67,40), 0, 1
(67,41), 0, 1
(67,45), 0, 1
(67,46), 0, 1
(67,48), 0, 1
(67,50), 0, 1
(67,54), 0, 1
(67,55), 0, 1
(67,56), 0, 1
(67,57), 0, 1
(67,61), 0, 1
(67,62), 0, 1
(67,63), 0, 1
(67,65), 0, 1
(67,70), 0, 1
(67,71), 0, 1
(67,72), 0, 1
(67,73), 0, 1
(67,75), 0, 1
(67,76), 0, 1
(67,78), 0, 1
(67,79), 0, 1
(67,80), 0, 1
(67,81), 0, 1
(67,82), 0, 1
(67,84), 0, 1
(67,86), 0, 1
(67,87), 0, 1
(67,88), 0, 1
(67,89), 0, 1
(67,91), 0, 1
(67,92), 0, 1
(67,93), 0, 1
(67,94), 0, 1
(67,95), 0, 1
(67,96), 0, 1
(68,0), 0, 1
(68,5), 0, 1
(68,7), 0, 1
(68,12), 0, 1
(68,13), 0, 1
(68,15), 0, 1
(68,18), 0, 1
(68,32), 0, 1
(68,45), 0, 1
(68,51), 0, 1
(68,59), 0, 1
(68,61), 0, 1
(68,62), 0, 1
(68,74), 0, 1
(68,76), 0, 1
(68,79), 0, 1
(68,80), 0, 1
(68,82), 0, 1
(68,84), 0, 1
(69,0), 0, 1
(69,5), 0, 1
(69,7), 0, 1
(69,12), 0, 1
(69,13), 0, 1
(69,15), 0, 1
(69,32), 0, 1
(69,37), 0, 1
(69,45), 0, 1
(69,52), 0, 1
(69,59), 0, 1
(69,61), 0, 1
(69,62), 0, 1
(69,74), 0, 1
(69,76), 0, 1
(69,79), 0, 1
(69,80), 0, 1
(69,82), 0, 1
(69,84), 0, 1
(69,89), 0, 1
(70,0), 0, 1
(70,5), 0, 1
(70,7), 0, 1
(70,12), 0, 1
(70,13), 0, 1
(70,15), 0, 1
(70,32), 0, 1
(70,37), 0, 1
(70,51), 0, 1
(70,52), 0, 1
(70,59), 0, 1
(70,61), 0, 1
(70,62), 0, 1
(70,74), 0, 1
(70,79), 0, 1
(70,80), 0, 1
(70,82), 0, 1
(70,84), 0, 1
(70,89), 0, 1
(71,45), 0, 1
(72,0), 0, 1
(72,5), 0, 1
(72,7), 0, 1
(72,13), 0, 1
(72,15), 0, 1
(72,18), 0, 1
(72,32), 0, 1
(72,45), 0, 1
(72,61), 0, 1
(72,62), 0, 1
(72,74), 0, 1
(72,76), 0, 1
(72,79), 0, 1
(72,80), 0, 1
(72,82), 0, 1
(72,84), 0, 1
(72,89), 0, 1
(73,0), 0, 1
(73,1), 0, 1
(73,2), 0, 1
(73,5), 0, 1
(73,6), 0, 1
(73,7), 0, 1
(73,11), 0, 1
(73,12), 0, 1
(73,13), 0, 1
(73,14), 0, 1
(73,15), 0, 1
(73,16), 0, 1
(73,17), 0, 1
(73,18), 0, 1
(73,19), 0, 1
(73,21), 0, 1
(73,22), 0, 1
(73,23), 0, 1
(73,24), 0, 1
(73,26), 0, 1
(73,27), 0, 1
(73,28), 0, 1
(73,29), 0, 1
(73,31), 0, 1
(73,32), 0, 1
(73,33), 0, 1
(73,35), 0, 1
(73,36), 0, 1
(73,38), 0, 1
(73,39), 0, 1
(73,40), 0, 1
(73,41), 0, 1
(73,42), 0, 1
(73,45), 0, 1
(73,46), 0, 1
(73,50), 0, 1
(73,52), 0, 1
(73,54), 0, 1
(73,55), 0, 1
(73,56), 0, 1
(73,57), 0, 1
(73,59), 0, 1
(73,60), 0, 1
(73,61), 0, 1
(73,62), 0, 1
(73,64), 0, 1
(73,65), 0, 1
(73,69), 0, 1
(73,71), 0, 1
(73,72), 0, 1
(73,74), 0, 1
(73,75), 0, 1
(73,76), 0, 1
(73,80), 0, 1
(73,81), 0, 1
(73,82), 0, 1
(73,83), 0, 1
(73,84), 0, 1
(73,86), 0, 1
(73,88), 0, 1
(73,90), 0, 1
(73,91), 0, 1
(73,92), 0, 1
(73,93), 0, 1
(73,94), 0, 1
(73,95), 0, 1
(73,96), 0, 1
(74,1), 0, 1
(74,45), 0, 1
(74,55), 0, 1
(74,71), 0, 1
(74,78), 0, 1
(74,90), 0, 1
(75,1), 0, 1
(75,45), 0, 1
(75,55), 0, 1
(75,70), 0, 1
(75,71), 0, 1
(75,78), 0, 1
(75,90), 0, 1
(76,0), 0, 1
(76,5), 0, 1
(76,7), 0, 1
(76,12), 0, 1
(76,13), 0, 1
(76,15), 0, 1
(76,32), 0, 1
(76,45), 0, 1
(76,51), 0, 1
(76,52), 0, 1
(76,61), 0, 1
(76,74), 0, 1
(76,79), 0, 1
(76,80), 0, 1
(76,82), 0, 1
(76,84), 0, 1
(77,0), 0, 1
(77,1), 0, 1
(77,2), 0, 1
(77,3), 0, 1
(77,5), 0, 1
(77,6), 0, 1
(77,7), 0, 1
(77,11), 0, 1
(77,12), 0, 1
(77,13), 0, 1
(77,14), 0, 1
(77,15), 0, 1
(77,16), 0, 1
(77,17), 0, 1
(77,18), 0, 1
(77,19), 0, 1
(77,20), 0, 1
(77,21), 0, 1
(77,22), 0, 1
(77,23), 0, 1
(77,24), 0, 1
(77,26), 0, 1
(77,27), 0, 1
(77,28), 0, 1
(77,29), 0, 1
(77,30), 0, 1
(77,31), 0, 1
(77,32), 0, 1
(77,33), 0, 1
(77,35), 0, 1
(77,36), 0, 1
(77,38), 0, 1
(77,39), 0, 1
(77,40), 0, 1
(77,41), 0, 1
(77,42), 0, 1
(77,45), 0, 1
(77,48), 0, 1
(77,50), 0, 1
(77,52), 0, 1
(77,54), 0, 1
(77,55), 0, 1
(77,56), 0, 1
(77,59), 0, 1
(77,60), 0, 1
(77,61), 0, 1
(77,62), 0, 1
(77,63), 0, 1
(77,64), 0, 1
(77,65), 0, 1
(77,68), 0, 1
(77,69), 0, 1
(77,70), 0, 1
(77,71), 0, 1
(77,72), 0, 1
(77,74), 0, 1
(77,75), 0, 1
(77,78), 0, 1
(77,79), 0, 1
(77,80), 0, 1
(77,81), 0, 1
(77,82), 0, 1
(77,84), 0, 1
(77,88), 0, 1
(77,89), 0, 1
(77,91), 0, 1
(77,93), 0, 1
(77,94), 0, 1
(77,95), 0, 1
(77,96), 0, 1
(78,0), 0, 1
(78,5), 0, 1
(78,7), 0, 1
(78,12), 0, 1
(78,13), 0, 1
(78,15), 0, 1
(78,18), 0, 1
(78,32), 0, 1
(78,45), 0, 1
(78,51), 0, 1
(78,59), 0, 1
(78,61), 0, 1
(78,74), 0, 1
(78,76), 0, 1
(78,79), 0, 1
(78,80), 0, 1
(78,82), 0, 1
(78,84), 0, 1
(78,89), 0, 1
(79,45), 0, 1
(79,55), 0, 1
(79,70), 0, 1
(79,71), 0, 1
(79,77), 0, 1
(79,78), 0, 1
(79,90), 0, 1
(80,1), 0, 1
(80,45), 0, 1
(80,55), 0, 1
(80,70), 0, 1
(80,71), 0, 1
(80,78), 0, 1
(80,87), 0, 1
(80,90), 0, 1
(81,0), 0, 1
(81,5), 0, 1
(81,12), 0, 1
(81,15), 0, 1
(81,18), 0, 1
(81,32), 0, 1
(81,45), 0, 1
(81,51), 0, 1
(81,52), 0, 1
(81,59), 0, 1
(81,61), 0, 1
(81,62), 0, 1
(81,74), 0, 1
(81,76), 0, 1
(81,79), 0, 1
(81,80), 0, 1
(81,82), 0, 1
(81,84), 0, 1
(82,1), 0, 1
(82,45), 0, 1
(82,55), 0, 1
(82,70), 0, 1
(82,71), 0, 1
(82,77), 0, 1
(82,78), 0, 1
(82,90), 0, 1
(83,0), 0, 1
(83,1), 0, 1
(83,2), 0, 1
(83,3), 0, 1
(83,5), 0, 1
(83,7), 0, 1
(83,9), 0, 1
(83,11), 0, 1
(83,12), 0, 1
(83,13), 0, 1
(83,14), 0, 1
(83,15), 0, 1
(83,16), 0, 1
(83,17), 0, 1
(83,19), 0, 1
(83,21), 0, 1
(83,22), 0, 1
(83,23), 0, 1
(83,24), 0, 1
(83,26), 0, 1
(83,28), 0, 1
(83,29), 0, 1
(83,30), 0, 1
(83,32), 0, 1
(83,33), 0, 1
(83,35), 0, 1
(83,36), 0, 1
(83,38), 0, 1
(83,39), 0, 1
(83,40), 0, 1
(83,41), 0, 1
(83,45), 0, 1
(83,46), 0, 1
(83,48), 0, 1
(83,50), 0, 1
(83,51), 0, 1
(83,52), 0, 1
(83,54), 0, 1
(83,55), 0, 1
(83,56), 0, 1
(83,57), 0, 1
(83,58), 0, 1
(83,60), 0, 1
(83,61), 0, 1
(83,62), 0, 1
(83,63), 0, 1
(83,64), 0, 1
(83,65), 0, 1
(83,68), 0, 1
(83,69), 0, 1
(83,70), 0, 1
(83,71), 0, 1
(83,72), 0, 1
(83,73), 0, 1
(83,74), 0, 1
(83,75), 0, 1
(83,76), 0, 1
(83,78), 0, 1
(83,79), 0, 1
(83,80), 0, 1
(83,84), 0, 1
(83,86), 0, 1
(83,88), 0, 1
(83,89), 0, 1
(83,90), 0, 1
(83,91), 0, 1
(83,92), 0, 1
(83,93), 0, 1
(83,94), 0, 1
(83,95), 0, 1
(83,96), 0, 1
(84,0), 0, 1
(84,1), 0, 1
(84,2), 0, 1
(84,3), 0, 1
(84,5), 0, 1
(84,6), 0, 1
(84,7), 0, 1
(84,11), 0, 1
(84,12), 0, 1
(84,13), 0, 1
(84,14), 0, 1
(84,15), 0, 1
(84,16), 0, 1
(84,17), 0, 1
(84,19), 0, 1
(84,21), 0, 1
(84,22), 0, 1
(84,23), 0, 1
(84,24), 0, 1
(84,26), 0, 1
(84,27), 0, 1
(84,28), 0, 1
(84,29), 0, 1
(84,30), 0, 1
(84,31), 0, 1
(84,32), 0, 1
(84,33), 0, 1
(84,35), 0, 1
(84,36), 0, 1
(84,38), 0, 1
(84,39), 0, 1
(84,40), 0, 1
(84,41), 0, 1
(84,42), 0, 1
(84,46), 0, 1
(84,50), 0, 1
(84,51), 0, 1
(84,52), 0, 1
(84,54), 0, 1
(84,55), 0, 1
(84,56), 0, 1
(84,57), 0, 1
(84,58), 0, 1
(84,60), 0, 1
(84,61), 0, 1
(84,62), 0, 1
(84,63), 0, 1
(84,64), 0, 1
(84,65), 0, 1
(84,66), 0, 1
(84,68), 0, 1
(84,70), 0, 1
(84,71), 0, 1
(84,73), 0, 1
(84,74), 0, 1
(84,75), 0, 1
(84,76), 0, 1
(84,77), 0, 1
(84,78), 0, 1
(84,79), 0, 1
(84,80), 0, 1
(84,81), 0, 1
(84,82), 0, 1
(84,83), 0, 1
(84,86), 0, 1
(84,88), 0, 1
(84,89), 0, 1
(84,90), 0, 1
(84,91), 0, 1
(84,92), 0, 1
(84,93), 0, 1
(84,96), 0, 1
(85,0), 0, 1
(85,5), 0, 1
(85,12), 0, 1
(85,13), 0, 1
(85,15), 0, 1
(85,18), 0, 1
(85,32), 0, 1
(85,45), 0, 1
(85,51), 0, 1
(85,52), 0, 1
(85,61), 0, 1
(85,62), 0, 1
(85,74), 0, 1
(85,79), 0, 1
(85,80), 0, 1
(85,82), 0, 1
(85,84), 0, 1
(85,89), 0, 1
(86,45), 0, 1
(87,0), 0, 1
(87,1), 0, 1
(87,2), 0, 1
(87,3), 0, 1
(87,5), 0, 1
(87,6), 0, 1
(87,7), 0, 1
(87,9), 0, 1
(87,11), 0, 1
(87,12), 0, 1
(87,13), 0, 1
(87,14), 0, 1
(87,15), 0, 1
(87,16), 0, 1
(87,17), 0, 1
(87,18), 0, 1
(87,19), 0, 1
(87,21), 0, 1
(87,22), 0, 1
(87,23), 0, 1
(87,24), 0, 1
(87,26), 0, 1
(87,27), 0, 1
(87,28), 0, 1
(87,29), 0, 1
(87,30), 0, 1
(87,31), 0, 1
(87,33), 0, 1
(87,35), 0, 1
(87,36), 0, 1
(87,38), 0, 1
(87,39), 0, 1
(87,40), 0, 1
(87,41), 0, 1
(87,45), 0, 1
(87,46), 0, 1
(87,48), 0, 1
(87,50), 0, 1
(87,51), 0, 1
(87,54), 0, 1
(87,55), 0, 1
(87,56), 0, 1
(87,60), 0, 1
(87,61), 0, 1
(87,63), 0, 1
(87,64), 0, 1
(87,65), 0, 1
(87,69), 0, 1
(87,70), 0, 1
(87,71), 0, 1
(87,73), 0, 1
(87,74), 0, 1
(87,75), 0, 1
(87,76), 0, 1
(87,78), 0, 1
(87,79), 0, 1
(87,80), 0, 1
(87,81), 0, 1
(87,82), 0, 1
(87,83), 0, 1
(87,84), 0, 1
(87,86), 0, 1
(87,88), 0, 1
(87,89), 0, 1
(87,90), 0, 1
(87,91), 0, 1
(87,93), 0, 1
(87,94), 0, 1
(87,96), 0, 1
(88,1), 0, 1
(88,45), 0, 1
(88,71), 0, 1
(88,78), 0, 1
(88,90), 0, 1
(89,0), 0, 1
(89,1), 0, 1
(89,2), 0, 1
(89,5), 0, 1
(89,6), 0, 1
(89,7), 0, 1
(89,12), 0, 1
(89,13), 0, 1
(89,14), 0, 1
(89,15), 0, 1
(89,16), 0, 1
(89,17), 0, 1
(89,18), 0, 1
(89,19), 0, 1
(89,21), 0, 1
(89,22), 0, 1
(89,23), 0, 1
(89,24), 0, 1
(89,26), 0, 1
(89,27), 0, 1
(89,28), 0, 1
(89,29), 0, 1
(89,30), 0, 1
(89,31), 0, 1
(89,32), 0, 1
(89,33), 0, 1
(89,35), 0, 1
(89,36), 0, 1
(89,39), 0, 1
(89,40), 0, 1
(89,41), 0, 1
(89,42), 0, 1
(89,45), 0, 1
(89,47), 0, 1
(89,48), 0, 1
(89,50), 0, 1
(89,51), 0, 1
(89,54), 0, 1
(89,55), 0, 1
(89,56), 0, 1
(89,57), 0, 1
(89,60), 0, 1
(89,61), 0, 1
(89,62), 0, 1
(89,63), 0, 1
(89,64), 0, 1
(89,65), 0, 1
(89,68), 0, 1
(89,70), 0, 1
(89,71), 0, 1
(89,75), 0, 1
(89,76), 0, 1
(89,78), 0, 1
(89,79), 0, 1
(89,80), 0, 1
(89,81), 0, 1
(89,82), 0, 1
(89,83), 0, 1
(89,84), 0, 1
(89,86), 0, 1
(89,88), 0, 1
(89,90), 0, 1
(89,91), 0, 1
(89,92), 0, 1
(89,93), 0, 1
(89,94), 0, 1
(89,95), 0, 1
(89,96), 0, 1
(90,0), 0, 1
(90,5), 0, 1
(90,7), 0, 1
(90,12), 0, 1
(90,13), 0, 1
(90,15), 0, 1
(90,18), 0, 1
(90,32), 0, 1
(90,45), 0, 1
(90,49), 0, 1
(90,51), 0, 1
(90,52), 0, 1
(90,62), 0, 1
(90,74), 0, 1
(90,79), 0, 1
(90,84), 0, 1
(90,89), 0, 1
(91,0), 0, 1
(91,1), 0, 1
(91,2), 0, 1
(91,3), 0, 1
(91,5), 0, 1
(91,6), 0, 1
(91,7), 0, 1
(91,11), 0, 1
(91,12), 0, 1
(91,13), 0, 1
(91,14), 0, 1
(91,15), 0, 1
(91,17), 0, 1
(91,18), 0, 1
(91,19), 0, 1
(91,21), 0, 1
(91,22), 0, 1
(91,23), 0, 1
(91,24), 0, 1
(91,26), 0, 1
(91,27), 0, 1
(91,28), 0, 1
(91,29), 0, 1
(91,30), 0, 1
(91,31), 0, 1
(91,32), 0, 1
(91,33), 0, 1
(91,35), 0, 1
(91,36), 0, 1
(91,38), 0, 1
(91,39), 0, 1
(91,40), 0, 1
(91,41), 0, 1
(91,42), 0, 1
(91,44), 0, 1
(91,45), 0, 1
(91,48), 0, 1
(91,50), 0, 1
(91,51), 0, 1
(91,54), 0, 1
(91,55), 0, 1
(91,56), 0, 1
(91,57), 0, 1
(91,59), 0, 1
(91,60), 0, 1
(91,61), 0, 1
(91,62), 0, 1
(91,63), 0, 1
(91,64), 0, 1
(91,65), 0, 1
(91,68), 0, 1
(91,69), 0, 1
(91,70), 0, 1
(91,71), 0, 1
(91,74), 0, 1
(91,75), 0, 1
(91,76), 0, 1
(91,78), 0, 1
(91,79), 0, 1
(91,80), 0, 1
(91,82), 0, 1
(91,84), 0, 1
(91,86), 0, 1
(91,88), 0, 1
(91,89), 0, 1
(91,90), 0, 1
(91,92), 0, 1
(91,93), 0, 1
(91,94), 0, 1
(91,95), 0, 1
(91,96), 0, 1
(92,0), 0, 1
(92,5), 0, 1
(92,7), 0, 1
(92,12), 0, 1
(92,13), 0, 1
(92,18), 0, 1
(92,32), 0, 1
(92,45), 0, 1
(92,52), 0, 1
(92,59), 0, 1
(92,61), 0, 1
(92,79), 0, 1
(92,80), 0, 1
(92,82), 0, 1
(92,84), 0, 1
(92,89), 0, 1
(93,1), 0, 1
(93,45), 0, 1
(93,70), 0, 1
(93,71), 0, 1
(93,78), 0, 1
(93,90), 0, 1
(94,45), 0, 1
(94,49), 0, 1
(95,0), 0, 1
(95,5), 0, 1
(95,7), 0, 1
(95,12), 0, 1
(95,13), 0, 1
(95,15), 0, 1
(95,32), 0, 1
(95,51), 0, 1
(95,52), 0, 1
(95,59), 0, 1
(95,61), 0, 1
(95,74), 0, 1
(95,76), 0, 1
(95,80), 0, 1
(95,82), 0, 1
(95,84), 0, 1
(95,89), 0, 1
(96,1), 0, 1
(96,45), 0, 1
(96,55), 0, 1
(96,70), 0, 1
(96,71), 0, 1
(96,78), 0, 1
(96,90), 0, 1
(97,5), 0, 1
(97,7), 0, 1
(97,12), 0, 1
(97,13), 0, 1
(97,15), 0, 1
(97,18), 0, 1
(97,32), 0, 1
(97,45), 0, 1
(97,51), 0, 1
(97,59), 0, 1
(97,61), 0, 1
(97,62), 0, 1
(97,74), 0, 1
(97,76), 0, 1
(97,79), 0, 1
(97,80), 0, 1
(97,82), 0, 1
(97,84), 0, 1
(97,89), 0, 1
(98,0), 0, 1
(98,5), 0, 1
(98,7), 0, 1
(98,12), 0, 1
(98,13), 0, 1
(98,15), 0, 1
(98,18), 0, 1
(98,32), 0, 1
(98,51), 0, 1
(98,59), 0, 1
(98,61), 0, 1
(98,79), 0, 1
(98,80), 0, 1
(98,82), 0, 1
(98,84), 0, 1
(98,89), 0, 1
(99,0), 0, 1
(99,1), 0, 1
(99,2), 0, 1
(99,3), 0, 1
(99,5), 0, 1
(99,6), 0, 1
(99,7), 0, 1
(99,11), 0, 1
(99,12), 0, 1
(99,13), 0, 1
(99,14), 0, 1
(99,15), 0, 1
(99,16), 0, 1
(99,17), 0, 1
(99,18), 0, 1
(99,19), 0, 1
(99,21), 0, 1
(99,22), 0, 1
(99,23), 0, 1
(99,24), 0, 1
(99,26), 0, 1
(99,27), 0, 1
(99,28), 0, 1
(99,29), 0, 1
(99,30), 0, 1
(99,31), 0, 1
(99,32), 0, 1
(99,33), 0, 1
(99,36), 0, 1
(99,38), 0, 1
(99,39), 0, 1
(99,40), 0, 1
(99,41), 0, 1
(99,42), 0, 1
(99,45), 0, 1
(99,46), 0, 1
(99,48), 0, 1
(99,50), 0, 1
(99,51), 0, 1
(99,52), 0, 1
(99,55), 0, 1
(99,56), 0, 1
(99,57), 0, 1
(99,59), 0, 1
(99,60), 0, 1
(99,61), 0, 1
(99,62), 0, 1
(99,63), 0, 1
(99,64), 0, 1
(99,65), 0, 1
(99,66), 0, 1
(99,68), 0, 1
(99,69), 0, 1
(99,70), 0, 1
(99,71), 0, 1
(99,72), 0, 1
(99,73), 0, 1
(99,74), 0, 1
(99,75), 0, 1
(99,78), 0, 1
(99,79), 0, 1
(99,80), 0, 1
(99,81), 0, 1
(99,82), 0, 1
(99,83), 0, 1
(99,84), 0, 1
(99,85), 0, 1
(99,86), 0, 1
(99,89), 0, 1
(99,90), 0, 1
(99,91), 0, 1
(99,92), 0, 1
(99,93), 0, 1
(99,94), 0, 1
(99,95), 0, 1
(99,96), 0, 1
