Nr_Pairs = 96
Nr_NDD = 4
Nr_Arcs = 2772
0	0.5
1	0.32
2	0.28
3	0.10
4	0.10
5	0.5
6	0.5
7	0.10
8	0.32
9	0.90
10	0.5
11	0.5
12	0.5
13	0.5
14	0.5
15	0.32
16	0.5
17	0.90
18	0.90
19	0.5
20	0.90
21	0.28
22	0.28
23	0.5
24	0.10
25	0.10
26	0.90
27	0.10
28	0.28
29	0.28
30	0.90
31	0.5
32	0.5
33	0.90
34	0.28
35	0.5
36	0.5
37	0.5
38	0.5
39	0.90
40	0.92
41	0.5
42	0.5
43	0.5
44	0.90
45	0.90
46	0.32
47	0.5
48	0.5
49	0.5
50	0.32
51	0.90
52	0.5
53	0.90
54	0.5
55	0.5
56	0.10
57	0.90
58	0.10
59	0.5
60	0.28
61	0.5
62	0.5
63	0.5
64	0.32
65	0.5
66	0.5
67	0.32
68	0.10
69	0.90
70	0.90
71	0.90
72	0.28
73	0.5
74	0.5
75	0.5
76	0.5
77	0.90
78	0.10
79	0.5
80	0.5
81	0.5
82	0.10
83	0.32
84	0.5
85	0.90
86	0.5
87	0.10
88	0.28
89	0.10
90	0.10
91	0.10
92	0.5
93	0.10
94	0.10
95	0.28
96	0.0
97	0.0
98	0.0
99	0.0
(0,5), 0, 1
(0,6), 0, 1
(0,7), 0, 1
(0,24), 0, 1
(0,36), 0, 1
(0,43), 0, 1
(0,49), 0, 1
(0,54), 0, 1
(0,58), 0, 1
(0,87), 0, 1
(0,89), 0, 1
(1,91), 0, 1
(2,0), 0, 1
(2,3), 0, 1
(2,4), 0, 1
(2,5), 0, 1
(2,6), 0, 1
(2,7), 0, 1
(2,8), 0, 1
(2,10), 0, 1
(2,11), 0, 1
(2,12), 0, 1
(2,13), 0, 1
(2,14), 0, 1
(2,16), 0, 1
(2,19), 0, 1
(2,23), 0, 1
(2,24), 0, 1
(2,25), 0, 1
(2,26), 0, 1
(2,27), 0, 1
(2,28), 0, 1
(2,29), 0, 1
(2,31), 0, 1
(2,32), 0, 1
(2,33), 0, 1
(2,34), 0, 1
(2,35), 0, 1
(2,36), 0, 1
(2,37), 0, 1
(2,38), 0, 1
(2,41), 0, 1
(2,42), 0, 1
(2,43), 0, 1
(2,46), 0, 1
(2,47), 0, 1
(2,48), 0, 1
(2,49), 0, 1
(2,50), 0, 1
(2,52), 0, 1
(2,54), 0, 1
(2,55), 0, 1
(2,56), 0, 1
(2,58), 0, 1
(2,59), 0, 1
(2,61), 0, 1
(2,62), 0, 1
(2,63), 0, 1
(2,64), 0, 1
(2,65), 0, 1
(2,66), 0, 1
(2,68), 0, 1
(2,73), 0, 1
(2,74), 0, 1
(2,75), 0, 1
(2,76), 0, 1
(2,78), 0, 1
(2,79), 0, 1
(2,80), 0, 1
(2,81), 0, 1
(2,82), 0, 1
(2,83), 0, 1
(2,84), 0, 1
(2,86), 0, 1
(2,87), 0, 1
(2,89), 0, 1
(2,90), 0, 1
(2,91), 0, 1
(2,92), 0, 1
(2,93), 0, 1
(2,94), 0, 1
(2,95), 0, 1
(3,0), 0, 1
(3,1), 0, 1
(3,2), 0, 1
(3,4), 0, 1
(3,5), 0, 1
(3,6), 0, 1
(3,9), 0, 1
(3,10), 0, 1
(3,11), 0, 1
(3,12), 0, 1
(3,13), 0, 1
(3,14), 0, 1
(3,19), 0, 1
(3,22), 0, 1
(3,23), 0, 1
(3,24), 0, 1
(3,25), 0, 1
(3,28), 0, 1
(3,29), 0, 1
(3,31), 0, 1
(3,32), 0, 1
(3,34), 0, 1
(3,35), 0, 1
(3,36), 0, 1
(3,37), 0, 1
(3,38), 0, 1
(3,41), 0, 1
(3,42), 0, 1
(3,43), 0, 1
(3,46), 0, 1
(3,47), 0, 1
(3,48), 0, 1
(3,49), 0, 1
(3,52), 0, 1
(3,54), 0, 1
(3,55), 0, 1
(3,56), 0, 1
(3,58), 0, 1
(3,59), 0, 1
(3,61), 0, 1
(3,62), 0, 1
(3,63), 0, 1
(3,64), 0, 1
(3,65), 0, 1
(3,66), 0, 1
(3,68), 0, 1
(3,74), 0, 1
(3,75), 0, 1
(3,77), 0, 1
(3,78), 0, 1
(3,79), 0, 1
(3,80), 0, 1
(3,81), 0, 1
(3,82), 0, 1
(3,83), 0, 1
(3,84), 0, 1
(3,86), 0, 1
(3,87), 0, 1
(3,89), 0, 1
(3,90), 0, 1
(3,91), 0, 1
(3,92), 0, 1
(3,93), 0, 1
(3,94), 0, 1
(4,1), 0, 1
(4,14), 0, 1
(4,27), 0, 1
(4,35), 0, 1
(4,41), 0, 1
(4,47), 0, 1
(4,48), 0, 1
(4,50), 0, 1
(4,55), 0, 1
(4,59), 0, 1
(4,60), 0, 1
(4,61), 0, 1
(4,62), 0, 1
(4,66), 0, 1
(4,81), 0, 1
(4,82), 0, 1
(4,91), 0, 1
(5,91), 0, 1
(6,1), 0, 1
(6,9), 0, 1
(6,14), 0, 1
(6,27), 0, 1
(6,35), 0, 1
(6,41), 0, 1
(6,47), 0, 1
(6,50), 0, 1
(6,55), 0, 1
(6,59), 0, 1
(6,60), 0, 1
(6,62), 0, 1
(6,66), 0, 1
(6,81), 0, 1
(6,82), 0, 1
(6,91), 0, 1
(7,14), 0, 1
(7,27), 0, 1
(7,35), 0, 1
(7,41), 0, 1
(7,47), 0, 1
(7,48), 0, 1
(7,55), 0, 1
(7,59), 0, 1
(7,61), 0, 1
(7,62), 0, 1
(7,66), 0, 1
(7,81), 0, 1
(7,91), 0, 1
(8,0), 0, 1
(8,1), 0, 1
(8,2), 0, 1
(8,3), 0, 1
(8,4), 0, 1
(8,5), 0, 1
(8,6), 0, 1
(8,10), 0, 1
(8,11), 0, 1
(8,12), 0, 1
(8,13), 0, 1
(8,14), 0, 1
(8,15), 0, 1
(8,19), 0, 1
(8,21), 0, 1
(8,22), 0, 1
(8,23), 0, 1
(8,25), 0, 1
(8,27), 0, 1
(8,28), 0, 1
(8,29), 0, 1
(8,30), 0, 1
(8,31), 0, 1
(8,32), 0, 1
(8,35), 0, 1
(8,36), 0, 1
(8,38), 0, 1
(8,40), 0, 1
(8,41), 0, 1
(8,42), 0, 1
(8,43), 0, 1
(8,46), 0, 1
(8,47), 0, 1
(8,48), 0, 1
(8,49), 0, 1
(8,50), 0, 1
(8,52), 0, 1
(8,54), 0, 1
(8,55), 0, 1
(8,56), 0, 1
(8,59), 0, 1
(8,60), 0, 1
(8,61), 0, 1
(8,62), 0, 1
(8,63), 0, 1
(8,65), 0, 1
(8,66), 0, 1
(8,67), 0, 1
(8,68), 0, 1
(8,72), 0, 1
(8,73), 0, 1
(8,74), 0, 1
(8,75), 0, 1
(8,76), 0, 1
(8,78), 0, 1
(8,79), 0, 1
(8,80), 0, 1
(8,81), 0, 1
(8,82), 0, 1
(8,83), 0, 1
(8,84), 0, 1
(8,87), 0, 1
(8,89), 0, 1
(8,90), 0, 1
(8,91), 0, 1
(8,92), 0, 1
(8,93), 0, 1
(8,94), 0, 1
(9,14), 0, 1
(9,27), 0, 1
(9,35), 0, 1
(9,41), 0, 1
(9,47), 0, 1
(9,48), 0, 1
(9,55), 0, 1
(9,60), 0, 1
(9,61), 0, 1
(9,62), 0, 1
(9,66), 0, 1
(9,81), 0, 1
(9,82), 0, 1
(9,91), 0, 1
(10,1), 0, 1
(10,14), 0, 1
(10,27), 0, 1
(10,35), 0, 1
(10,40), 0, 1
(10,41), 0, 1
(10,47), 0, 1
(10,48), 0, 1
(10,55), 0, 1
(10,59), 0, 1
(10,60), 0, 1
(10,61), 0, 1
(10,62), 0, 1
(10,66), 0, 1
(10,81), 0, 1
(10,82), 0, 1
(10,91), 0, 1
(11,1), 0, 1
(11,9), 0, 1
(11,14), 0, 1
(11,27), 0, 1
(11,35), 0, 1
(11,41), 0, 1
(11,47), 0, 1
(11,48), 0, 1
(11,55), 0, 1
(11,59), 0, 1
(11,60), 0, 1
(11,62), 0, 1
(11,66), 0, 1
(11,81), 0, 1
(11,82), 0, 1
(12,5), 0, 1
(12,6), 0, 1
(12,7), 0, 1
(12,24), 0, 1
(12,31), 0, 1
(12,36), 0, 1
(12,43), 0, 1
(12,49), 0, 1
(12,54), 0, 1
(12,58), 0, 1
(12,63), 0, 1
(12,87), 0, 1
(12,89), 0, 1
(12,91), 0, 1
(13,0), 0, 1
(13,1), 0, 1
(13,2), 0, 1
(13,4), 0, 1
(13,6), 0, 1
(13,7), 0, 1
(13,10), 0, 1
(13,11), 0, 1
(13,12), 0, 1
(13,14), 0, 1
(13,15), 0, 1
(13,16), 0, 1
(13,17), 0, 1
(13,19), 0, 1
(13,21), 0, 1
(13,22), 0, 1
(13,23), 0, 1
(13,24), 0, 1
(13,25), 0, 1
(13,27), 0, 1
(13,28), 0, 1
(13,29), 0, 1
(13,31), 0, 1
(13,32), 0, 1
(13,35), 0, 1
(13,36), 0, 1
(13,37), 0, 1
(13,38), 0, 1
(13,41), 0, 1
(13,42), 0, 1
(13,43), 0, 1
(13,46), 0, 1
(13,47), 0, 1
(13,48), 0, 1
(13,52), 0, 1
(13,54), 0, 1
(13,55), 0, 1
(13,56), 0, 1
(13,58), 0, 1
(13,59), 0, 1
(13,61), 0, 1
(13,62), 0, 1
(13,63), 0, 1
(13,65), 0, 1
(13,66), 0, 1
(13,67), 0, 1
(13,72), 0, 1
(13,73), 0, 1
(13,74), 0, 1
(13,75), 0, 1
(13,76), 0, 1
(13,78), 0, 1
(13,79), 0, 1
(13,80), 0, 1
(13,81), 0, 1
(13,82), 0, 1
(13,83), 0, 1
(13,84), 0, 1
(13,86), 0, 1
(13,87), 0, 1
(13,88), 0, 1
(13,89), 0, 1
(13,90), 0, 1
(13,91), 0, 1
(13,92), 0, 1
(13,93), 0, 1
(13,94), 0, 1
(14,5), 0, 1
(14,6), 0, 1
(14,7), 0, 1
(14,24), 0, 1
(14,31), 0, 1
(14,36), 0, 1
(14,43), 0, 1
(14,54), 0, 1
(14,58), 0, 1
(14,63), 0, 1
(14,87), 0, 1
(14,89), 0, 1
(14,91), 0, 1
(15,5), 0, 1
(15,6), 0, 1
(15,7), 0, 1
(15,24), 0, 1
(15,31), 0, 1
(15,43), 0, 1
(15,49), 0, 1
(15,54), 0, 1
(15,58), 0, 1
(15,63), 0, 1
(15,87), 0, 1
(15,89), 0, 1
(15,91), 0, 1
(16,5), 0, 1
(16,6), 0, 1
(16,7), 0, 1
(16,24), 0, 1
(16,31), 0, 1
(16,33), 0, 1
(16,36), 0, 1
(16,43), 0, 1
(16,49), 0, 1
(16,54), 0, 1
(16,58), 0, 1
(16,63), 0, 1
(16,87), 0, 1
(16,91), 0, 1
(17,5), 0, 1
(17,6), 0, 1
(17,7), 0, 1
(17,24), 0, 1
(17,31), 0, 1
(17,36), 0, 1
(17,43), 0, 1
(17,49), 0, 1
(17,54), 0, 1
(17,58), 0, 1
(17,63), 0, 1
(17,87), 0, 1
(17,89), 0, 1
(17,91), 0, 1
(18,5), 0, 1
(18,6), 0, 1
(18,7), 0, 1
(18,24), 0, 1
(18,31), 0, 1
(18,36), 0, 1
(18,43), 0, 1
(18,49), 0, 1
(18,54), 0, 1
(18,58), 0, 1
(18,63), 0, 1
(18,87), 0, 1
(18,89), 0, 1
(18,91), 0, 1
(19,5), 0, 1
(19,6), 0, 1
(19,7), 0, 1
(19,24), 0, 1
(19,31), 0, 1
(19,36), 0, 1
(19,43), 0, 1
(19,49), 0, 1
(19,54), 0, 1
(19,58), 0, 1
(19,63), 0, 1
(19,87), 0, 1
(19,89), 0, 1
(19,91), 0, 1
(20,5), 0, 1
(20,6), 0, 1
(20,7), 0, 1
(20,24), 0, 1
(20,31), 0, 1
(20,36), 0, 1
(20,43), 0, 1
(20,49), 0, 1
(20,54), 0, 1
(20,58), 0, 1
(20,63), 0, 1
(20,87), 0, 1
(20,89), 0, 1
(20,91), 0, 1
(21,0), 0, 1
(21,1), 0, 1
(21,3), 0, 1
(21,4), 0, 1
(21,5), 0, 1
(21,6), 0, 1
(21,7), 0, 1
(21,8), 0, 1
(21,10), 0, 1
(21,11), 0, 1
(21,12), 0, 1
(21,13), 0, 1
(21,14), 0, 1
(21,15), 0, 1
(21,19), 0, 1
(21,20), 0, 1
(21,23), 0, 1
(21,24), 0, 1
(21,25), 0, 1
(21,27), 0, 1
(21,31), 0, 1
(21,32), 0, 1
(21,34), 0, 1
(21,35), 0, 1
(21,36), 0, 1
(21,37), 0, 1
(21,38), 0, 1
(21,41), 0, 1
(21,42), 0, 1
(21,45), 0, 1
(21,47), 0, 1
(21,48), 0, 1
(21,49), 0, 1
(21,50), 0, 1
(21,52), 0, 1
(21,54), 0, 1
(21,55), 0, 1
(21,56), 0, 1
(21,58), 0, 1
(21,59), 0, 1
(21,60), 0, 1
(21,61), 0, 1
(21,62), 0, 1
(21,63), 0, 1
(21,64), 0, 1
(21,65), 0, 1
(21,66), 0, 1
(21,68), 0, 1
(21,74), 0, 1
(21,75), 0, 1
(21,76), 0, 1
(21,79), 0, 1
(21,80), 0, 1
(21,81), 0, 1
(21,82), 0, 1
(21,84), 0, 1
(21,86), 0, 1
(21,87), 0, 1
(21,89), 0, 1
(21,90), 0, 1
(21,91), 0, 1
(21,92), 0, 1
(21,93), 0, 1
(21,94), 0, 1
(21,95), 0, 1
(22,0), 0, 1
(22,1), 0, 1
(22,2), 0, 1
(22,3), 0, 1
(22,4), 0, 1
(22,5), 0, 1
(22,6), 0, 1
(22,7), 0, 1
(22,10), 0, 1
(22,11), 0, 1
(22,12), 0, 1
(22,13), 0, 1
(22,14), 0, 1
(22,15), 0, 1
(22,16), 0, 1
(22,19), 0, 1
(22,21), 0, 1
(22,23), 0, 1
(22,24), 0, 1
(22,27), 0, 1
(22,28), 0, 1
(22,31), 0, 1
(22,32), 0, 1
(22,34), 0, 1
(22,35), 0, 1
(22,36), 0, 1
(22,37), 0, 1
(22,38), 0, 1
(22,39), 0, 1
(22,41), 0, 1
(22,42), 0, 1
(22,43), 0, 1
(22,46), 0, 1
(22,47), 0, 1
(22,48), 0, 1
(22,49), 0, 1
(22,50), 0, 1
(22,52), 0, 1
(22,54), 0, 1
(22,55), 0, 1
(22,59), 0, 1
(22,60), 0, 1
(22,61), 0, 1
(22,62), 0, 1
(22,63), 0, 1
(22,65), 0, 1
(22,66), 0, 1
(22,68), 0, 1
(22,71), 0, 1
(22,73), 0, 1
(22,74), 0, 1
(22,75), 0, 1
(22,76), 0, 1
(22,78), 0, 1
(22,79), 0, 1
(22,80), 0, 1
(22,81), 0, 1
(22,82), 0, 1
(22,84), 0, 1
(22,86), 0, 1
(22,87), 0, 1
(22,88), 0, 1
(22,89), 0, 1
(22,90), 0, 1
(22,91), 0, 1
(22,92), 0, 1
(22,93), 0, 1
(22,94), 0, 1
(22,95), 0, 1
(23,1), 0, 1
(23,14), 0, 1
(23,27), 0, 1
(23,35), 0, 1
(23,41), 0, 1
(23,47), 0, 1
(23,48), 0, 1
(23,55), 0, 1
(23,59), 0, 1
(23,60), 0, 1
(23,61), 0, 1
(23,62), 0, 1
(23,66), 0, 1
(23,81), 0, 1
(23,82), 0, 1
(23,91), 0, 1
(24,91), 0, 1
(25,1), 0, 1
(25,14), 0, 1
(25,27), 0, 1
(25,35), 0, 1
(25,39), 0, 1
(25,41), 0, 1
(25,47), 0, 1
(25,48), 0, 1
(25,55), 0, 1
(25,59), 0, 1
(25,60), 0, 1
(25,61), 0, 1
(25,62), 0, 1
(25,66), 0, 1
(25,81), 0, 1
(25,82), 0, 1
(25,91), 0, 1
(26,0), 0, 1
(26,1), 0, 1
(26,3), 0, 1
(26,4), 0, 1
(26,5), 0, 1
(26,6), 0, 1
(26,7), 0, 1
(26,10), 0, 1
(26,11), 0, 1
(26,12), 0, 1
(26,13), 0, 1
(26,14), 0, 1
(26,16), 0, 1
(26,21), 0, 1
(26,22), 0, 1
(26,23), 0, 1
(26,24), 0, 1
(26,25), 0, 1
(26,28), 0, 1
(26,29), 0, 1
(26,31), 0, 1
(26,32), 0, 1
(26,35), 0, 1
(26,36), 0, 1
(26,37), 0, 1
(26,38), 0, 1
(26,40), 0, 1
(26,41), 0, 1
(26,42), 0, 1
(26,43), 0, 1
(26,47), 0, 1
(26,48), 0, 1
(26,49), 0, 1
(26,50), 0, 1
(26,52), 0, 1
(26,53), 0, 1
(26,54), 0, 1
(26,55), 0, 1
(26,56), 0, 1
(26,58), 0, 1
(26,59), 0, 1
(26,60), 0, 1
(26,61), 0, 1
(26,62), 0, 1
(26,63), 0, 1
(26,64), 0, 1
(26,65), 0, 1
(26,66), 0, 1
(26,67), 0, 1
(26,68), 0, 1
(26,73), 0, 1
(26,74), 0, 1
(26,75), 0, 1
(26,76), 0, 1
(26,78), 0, 1
(26,79), 0, 1
(26,80), 0, 1
(26,81), 0, 1
(26,82), 0, 1
(26,83), 0, 1
(26,84), 0, 1
(26,86), 0, 1
(26,87), 0, 1
(26,88), 0, 1
(26,89), 0, 1
(26,90), 0, 1
(26,91), 0, 1
(26,92), 0, 1
(26,93), 0, 1
(26,94), 0, 1
(26,95), 0, 1
(27,5), 0, 1
(27,6), 0, 1
(27,7), 0, 1
(27,31), 0, 1
(27,36), 0, 1
(27,49), 0, 1
(27,54), 0, 1
(27,58), 0, 1
(27,63), 0, 1
(27,87), 0, 1
(27,89), 0, 1
(27,91), 0, 1
(28,0), 0, 1
(28,1), 0, 1
(28,3), 0, 1
(28,4), 0, 1
(28,5), 0, 1
(28,6), 0, 1
(28,10), 0, 1
(28,11), 0, 1
(28,12), 0, 1
(28,13), 0, 1
(28,14), 0, 1
(28,16), 0, 1
(28,19), 0, 1
(28,21), 0, 1
(28,22), 0, 1
(28,23), 0, 1
(28,24), 0, 1
(28,25), 0, 1
(28,31), 0, 1
(28,32), 0, 1
(28,34), 0, 1
(28,35), 0, 1
(28,36), 0, 1
(28,37), 0, 1
(28,38), 0, 1
(28,41), 0, 1
(28,42), 0, 1
(28,43), 0, 1
(28,46), 0, 1
(28,47), 0, 1
(28,48), 0, 1
(28,49), 0, 1
(28,52), 0, 1
(28,54), 0, 1
(28,55), 0, 1
(28,58), 0, 1
(28,59), 0, 1
(28,60), 0, 1
(28,61), 0, 1
(28,63), 0, 1
(28,64), 0, 1
(28,65), 0, 1
(28,66), 0, 1
(28,67), 0, 1
(28,72), 0, 1
(28,73), 0, 1
(28,74), 0, 1
(28,75), 0, 1
(28,76), 0, 1
(28,77), 0, 1
(28,78), 0, 1
(28,79), 0, 1
(28,80), 0, 1
(28,82), 0, 1
(28,83), 0, 1
(28,84), 0, 1
(28,86), 0, 1
(28,87), 0, 1
(28,88), 0, 1
(28,89), 0, 1
(28,90), 0, 1
(28,91), 0, 1
(28,92), 0, 1
(28,94), 0, 1
(28,95), 0, 1
(29,5), 0, 1
(29,6), 0, 1
(29,7), 0, 1
(29,24), 0, 1
(29,31), 0, 1
(29,36), 0, 1
(29,43), 0, 1
(29,49), 0, 1
(29,54), 0, 1
(29,58), 0, 1
(29,87), 0, 1
(29,89), 0, 1
(29,91), 0, 1
(30,0), 0, 1
(30,1), 0, 1
(30,2), 0, 1
(30,3), 0, 1
(30,4), 0, 1
(30,5), 0, 1
(30,6), 0, 1
(30,7), 0, 1
(30,8), 0, 1
(30,10), 0, 1
(30,11), 0, 1
(30,12), 0, 1
(30,13), 0, 1
(30,14), 0, 1
(30,16), 0, 1
(30,19), 0, 1
(30,21), 0, 1
(30,22), 0, 1
(30,23), 0, 1
(30,24), 0, 1
(30,25), 0, 1
(30,27), 0, 1
(30,28), 0, 1
(30,29), 0, 1
(30,31), 0, 1
(30,32), 0, 1
(30,34), 0, 1
(30,35), 0, 1
(30,36), 0, 1
(30,37), 0, 1
(30,38), 0, 1
(30,41), 0, 1
(30,42), 0, 1
(30,43), 0, 1
(30,46), 0, 1
(30,47), 0, 1
(30,48), 0, 1
(30,49), 0, 1
(30,50), 0, 1
(30,52), 0, 1
(30,54), 0, 1
(30,55), 0, 1
(30,56), 0, 1
(30,58), 0, 1
(30,59), 0, 1
(30,61), 0, 1
(30,62), 0, 1
(30,63), 0, 1
(30,64), 0, 1
(30,65), 0, 1
(30,66), 0, 1
(30,68), 0, 1
(30,73), 0, 1
(30,74), 0, 1
(30,75), 0, 1
(30,76), 0, 1
(30,78), 0, 1
(30,79), 0, 1
(30,80), 0, 1
(30,81), 0, 1
(30,82), 0, 1
(30,83), 0, 1
(30,84), 0, 1
(30,86), 0, 1
(30,87), 0, 1
(30,89), 0, 1
(30,90), 0, 1
(30,91), 0, 1
(30,93), 0, 1
(30,94), 0, 1
(30,95), 0, 1
(31,1), 0, 1
(31,14), 0, 1
(31,27), 0, 1
(31,35), 0, 1
(31,41), 0, 1
(31,47), 0, 1
(31,48), 0, 1
(31,50), 0, 1
(31,55), 0, 1
(31,59), 0, 1
(31,61), 0, 1
(31,62), 0, 1
(31,66), 0, 1
(31,81), 0, 1
(31,82), 0, 1
(31,91), 0, 1
(32,0), 0, 1
(32,1), 0, 1
(32,3), 0, 1
(32,4), 0, 1
(32,5), 0, 1
(32,6), 0, 1
(32,7), 0, 1
(32,8), 0, 1
(32,10), 0, 1
(32,11), 0, 1
(32,12), 0, 1
(32,13), 0, 1
(32,14), 0, 1
(32,16), 0, 1
(32,19), 0, 1
(32,23), 0, 1
(32,24), 0, 1
(32,25), 0, 1
(32,27), 0, 1
(32,28), 0, 1
(32,31), 0, 1
(32,33), 0, 1
(32,34), 0, 1
(32,35), 0, 1
(32,36), 0, 1
(32,37), 0, 1
(32,38), 0, 1
(32,39), 0, 1
(32,41), 0, 1
(32,43), 0, 1
(32,46), 0, 1
(32,47), 0, 1
(32,48), 0, 1
(32,49), 0, 1
(32,50), 0, 1
(32,52), 0, 1
(32,53), 0, 1
(32,54), 0, 1
(32,55), 0, 1
(32,56), 0, 1
(32,58), 0, 1
(32,59), 0, 1
(32,60), 0, 1
(32,61), 0, 1
(32,62), 0, 1
(32,63), 0, 1
(32,65), 0, 1
(32,66), 0, 1
(32,68), 0, 1
(32,69), 0, 1
(32,73), 0, 1
(32,74), 0, 1
(32,75), 0, 1
(32,76), 0, 1
(32,78), 0, 1
(32,79), 0, 1
(32,80), 0, 1
(32,81), 0, 1
(32,82), 0, 1
(32,83), 0, 1
(32,84), 0, 1
(32,85), 0, 1
(32,86), 0, 1
(32,87), 0, 1
(32,89), 0, 1
(32,90), 0, 1
(32,91), 0, 1
(32,92), 0, 1
(32,93), 0, 1
(32,94), 0, 1
(33,1), 0, 1
(33,14), 0, 1
(33,27), 0, 1
(33,35), 0, 1
(33,39), 0, 1
(33,41), 0, 1
(33,47), 0, 1
(33,48), 0, 1
(33,59), 0, 1
(33,61), 0, 1
(33,62), 0, 1
(33,66), 0, 1
(33,81), 0, 1
(33,82), 0, 1
(33,91), 0, 1
(34,0), 0, 1
(34,2), 0, 1
(34,3), 0, 1
(34,5), 0, 1
(34,6), 0, 1
(34,7), 0, 1
(34,10), 0, 1
(34,11), 0, 1
(34,12), 0, 1
(34,13), 0, 1
(34,15), 0, 1
(34,16), 0, 1
(34,19), 0, 1
(34,22), 0, 1
(34,23), 0, 1
(34,24), 0, 1
(34,25), 0, 1
(34,26), 0, 1
(34,27), 0, 1
(34,28), 0, 1
(34,29), 0, 1
(34,31), 0, 1
(34,32), 0, 1
(34,35), 0, 1
(34,36), 0, 1
(34,37), 0, 1
(34,38), 0, 1
(34,39), 0, 1
(34,41), 0, 1
(34,42), 0, 1
(34,43), 0, 1
(34,46), 0, 1
(34,47), 0, 1
(34,48), 0, 1
(34,49), 0, 1
(34,50), 0, 1
(34,52), 0, 1
(34,54), 0, 1
(34,55), 0, 1
(34,56), 0, 1
(34,58), 0, 1
(34,59), 0, 1
(34,61), 0, 1
(34,62), 0, 1
(34,63), 0, 1
(34,65), 0, 1
(34,66), 0, 1
(34,67), 0, 1
(34,68), 0, 1
(34,72), 0, 1
(34,74), 0, 1
(34,75), 0, 1
(34,76), 0, 1
(34,78), 0, 1
(34,80), 0, 1
(34,81), 0, 1
(34,82), 0, 1
(34,83), 0, 1
(34,84), 0, 1
(34,85), 0, 1
(34,86), 0, 1
(34,87), 0, 1
(34,88), 0, 1
(34,89), 0, 1
(34,90), 0, 1
(34,92), 0, 1
(34,93), 0, 1
(34,94), 0, 1
(34,95), 0, 1
(35,0), 0, 1
(35,2), 0, 1
(35,4), 0, 1
(35,5), 0, 1
(35,6), 0, 1
(35,7), 0, 1
(35,10), 0, 1
(35,11), 0, 1
(35,12), 0, 1
(35,14), 0, 1
(35,15), 0, 1
(35,16), 0, 1
(35,19), 0, 1
(35,20), 0, 1
(35,21), 0, 1
(35,22), 0, 1
(35,23), 0, 1
(35,24), 0, 1
(35,25), 0, 1
(35,27), 0, 1
(35,28), 0, 1
(35,31), 0, 1
(35,32), 0, 1
(35,36), 0, 1
(35,37), 0, 1
(35,38), 0, 1
(35,41), 0, 1
(35,42), 0, 1
(35,43), 0, 1
(35,46), 0, 1
(35,47), 0, 1
(35,48), 0, 1
(35,49), 0, 1
(35,52), 0, 1
(35,53), 0, 1
(35,54), 0, 1
(35,55), 0, 1
(35,56), 0, 1
(35,58), 0, 1
(35,59), 0, 1
(35,60), 0, 1
(35,61), 0, 1
(35,62), 0, 1
(35,63), 0, 1
(35,64), 0, 1
(35,65), 0, 1
(35,66), 0, 1
(35,67), 0, 1
(35,68), 0, 1
(35,72), 0, 1
(35,73), 0, 1
(35,74), 0, 1
(35,75), 0, 1
(35,76), 0, 1
(35,77), 0, 1
(35,78), 0, 1
(35,79), 0, 1
(35,80), 0, 1
(35,81), 0, 1
(35,82), 0, 1
(35,83), 0, 1
(35,84), 0, 1
(35,86), 0, 1
(35,88), 0, 1
(35,89), 0, 1
(35,90), 0, 1
(35,91), 0, 1
(35,92), 0, 1
(35,93), 0, 1
(35,94), 0, 1
(35,95), 0, 1
(36,1), 0, 1
(36,14), 0, 1
(36,27), 0, 1
(36,35), 0, 1
(36,41), 0, 1
(36,47), 0, 1
(36,48), 0, 1
(36,55), 0, 1
(36,59), 0, 1
(36,61), 0, 1
(36,62), 0, 1
(36,66), 0, 1
(36,81), 0, 1
(36,82), 0, 1
(36,91), 0, 1
(37,1), 0, 1
(37,9), 0, 1
(37,14), 0, 1
(37,27), 0, 1
(37,35), 0, 1
(37,40), 0, 1
(37,41), 0, 1
(37,47), 0, 1
(37,48), 0, 1
(37,50), 0, 1
(37,55), 0, 1
(37,59), 0, 1
(37,60), 0, 1
(37,61), 0, 1
(37,62), 0, 1
(37,66), 0, 1
(37,81), 0, 1
(37,82), 0, 1
(37,91), 0, 1
(38,1), 0, 1
(38,14), 0, 1
(38,27), 0, 1
(38,35), 0, 1
(38,41), 0, 1
(38,47), 0, 1
(38,48), 0, 1
(38,55), 0, 1
(38,59), 0, 1
(38,60), 0, 1
(38,61), 0, 1
(38,62), 0, 1
(38,66), 0, 1
(38,81), 0, 1
(38,82), 0, 1
(38,91), 0, 1
(39,14), 0, 1
(39,35), 0, 1
(39,41), 0, 1
(39,47), 0, 1
(39,50), 0, 1
(39,55), 0, 1
(39,59), 0, 1
(39,61), 0, 1
(39,62), 0, 1
(39,66), 0, 1
(39,81), 0, 1
(40,1), 0, 1
(40,14), 0, 1
(40,27), 0, 1
(40,35), 0, 1
(40,41), 0, 1
(40,44), 0, 1
(40,47), 0, 1
(40,48), 0, 1
(40,50), 0, 1
(40,55), 0, 1
(40,59), 0, 1
(40,60), 0, 1
(40,61), 0, 1
(40,66), 0, 1
(40,81), 0, 1
(40,82), 0, 1
(41,14), 0, 1
(41,27), 0, 1
(41,35), 0, 1
(41,40), 0, 1
(41,47), 0, 1
(41,48), 0, 1
(41,50), 0, 1
(41,55), 0, 1
(41,59), 0, 1
(41,61), 0, 1
(41,62), 0, 1
(41,66), 0, 1
(41,82), 0, 1
(41,91), 0, 1
(42,0), 0, 1
(42,1), 0, 1
(42,2), 0, 1
(42,3), 0, 1
(42,4), 0, 1
(42,5), 0, 1
(42,6), 0, 1
(42,7), 0, 1
(42,8), 0, 1
(42,10), 0, 1
(42,11), 0, 1
(42,12), 0, 1
(42,13), 0, 1
(42,14), 0, 1
(42,16), 0, 1
(42,19), 0, 1
(42,20), 0, 1
(42,21), 0, 1
(42,22), 0, 1
(42,23), 0, 1
(42,24), 0, 1
(42,25), 0, 1
(42,27), 0, 1
(42,28), 0, 1
(42,29), 0, 1
(42,30), 0, 1
(42,32), 0, 1
(42,35), 0, 1
(42,36), 0, 1
(42,37), 0, 1
(42,38), 0, 1
(42,41), 0, 1
(42,43), 0, 1
(42,46), 0, 1
(42,47), 0, 1
(42,48), 0, 1
(42,49), 0, 1
(42,50), 0, 1
(42,52), 0, 1
(42,54), 0, 1
(42,55), 0, 1
(42,56), 0, 1
(42,58), 0, 1
(42,59), 0, 1
(42,60), 0, 1
(42,61), 0, 1
(42,62), 0, 1
(42,63), 0, 1
(42,65), 0, 1
(42,66), 0, 1
(42,68), 0, 1
(42,70), 0, 1
(42,73), 0, 1
(42,74), 0, 1
(42,75), 0, 1
(42,76), 0, 1
(42,78), 0, 1
(42,79), 0, 1
(42,80), 0, 1
(42,81), 0, 1
(42,82), 0, 1
(42,83), 0, 1
(42,84), 0, 1
(42,86), 0, 1
(42,87), 0, 1
(42,88), 0, 1
(42,89), 0, 1
(42,90), 0, 1
(42,92), 0, 1
(42,93), 0, 1
(42,94), 0, 1
(42,95), 0, 1
(43,9), 0, 1
(43,27), 0, 1
(43,35), 0, 1
(43,41), 0, 1
(43,47), 0, 1
(43,48), 0, 1
(43,50), 0, 1
(43,55), 0, 1
(43,59), 0, 1
(43,60), 0, 1
(43,61), 0, 1
(43,62), 0, 1
(43,66), 0, 1
(43,81), 0, 1
(43,82), 0, 1
(43,91), 0, 1
(44,0), 0, 1
(44,1), 0, 1
(44,2), 0, 1
(44,3), 0, 1
(44,4), 0, 1
(44,6), 0, 1
(44,7), 0, 1
(44,10), 0, 1
(44,11), 0, 1
(44,12), 0, 1
(44,13), 0, 1
(44,14), 0, 1
(44,15), 0, 1
(44,16), 0, 1
(44,19), 0, 1
(44,21), 0, 1
(44,22), 0, 1
(44,23), 0, 1
(44,24), 0, 1
(44,25), 0, 1
(44,27), 0, 1
(44,31), 0, 1
(44,32), 0, 1
(44,34), 0, 1
(44,35), 0, 1
(44,36), 0, 1
(44,37), 0, 1
(44,38), 0, 1
(44,39), 0, 1
(44,42), 0, 1
(44,43), 0, 1
(44,45), 0, 1
(44,46), 0, 1
(44,47), 0, 1
(44,48), 0, 1
(44,49), 0, 1
(44,52), 0, 1
(44,54), 0, 1
(44,55), 0, 1
(44,58), 0, 1
(44,59), 0, 1
(44,60), 0, 1
(44,62), 0, 1
(44,63), 0, 1
(44,64), 0, 1
(44,65), 0, 1
(44,66), 0, 1
(44,67), 0, 1
(44,68), 0, 1
(44,72), 0, 1
(44,73), 0, 1
(44,74), 0, 1
(44,75), 0, 1
(44,76), 0, 1
(44,78), 0, 1
(44,79), 0, 1
(44,80), 0, 1
(44,82), 0, 1
(44,84), 0, 1
(44,86), 0, 1
(44,87), 0, 1
(44,88), 0, 1
(44,89), 0, 1
(44,90), 0, 1
(44,91), 0, 1
(44,92), 0, 1
(44,93), 0, 1
(44,95), 0, 1
(45,1), 0, 1
(45,14), 0, 1
(45,35), 0, 1
(45,47), 0, 1
(45,48), 0, 1
(45,50), 0, 1
(45,55), 0, 1
(45,59), 0, 1
(45,60), 0, 1
(45,62), 0, 1
(45,66), 0, 1
(45,81), 0, 1
(45,82), 0, 1
(45,91), 0, 1
(46,1), 0, 1
(46,14), 0, 1
(46,27), 0, 1
(46,35), 0, 1
(46,40), 0, 1
(46,41), 0, 1
(46,45), 0, 1
(46,47), 0, 1
(46,48), 0, 1
(46,50), 0, 1
(46,55), 0, 1
(46,59), 0, 1
(46,60), 0, 1
(46,61), 0, 1
(46,62), 0, 1
(46,66), 0, 1
(46,81), 0, 1
(46,82), 0, 1
(46,91), 0, 1
(47,5), 0, 1
(47,6), 0, 1
(47,7), 0, 1
(47,24), 0, 1
(47,31), 0, 1
(47,36), 0, 1
(47,43), 0, 1
(47,49), 0, 1
(47,54), 0, 1
(47,58), 0, 1
(47,63), 0, 1
(47,87), 0, 1
(47,91), 0, 1
(48,5), 0, 1
(48,6), 0, 1
(48,7), 0, 1
(48,24), 0, 1
(48,31), 0, 1
(48,36), 0, 1
(48,43), 0, 1
(48,49), 0, 1
(48,54), 0, 1
(48,58), 0, 1
(48,63), 0, 1
(48,87), 0, 1
(48,91), 0, 1
(49,91), 0, 1
(50,14), 0, 1
(50,27), 0, 1
(50,35), 0, 1
(50,41), 0, 1
(50,47), 0, 1
(50,48), 0, 1
(50,55), 0, 1
(50,59), 0, 1
(50,60), 0, 1
(50,62), 0, 1
(50,66), 0, 1
(50,81), 0, 1
(50,82), 0, 1
(51,1), 0, 1
(51,14), 0, 1
(51,27), 0, 1
(51,30), 0, 1
(51,35), 0, 1
(51,41), 0, 1
(51,47), 0, 1
(51,48), 0, 1
(51,50), 0, 1
(51,55), 0, 1
(51,59), 0, 1
(51,60), 0, 1
(51,61), 0, 1
(51,62), 0, 1
(51,66), 0, 1
(51,81), 0, 1
(51,82), 0, 1
(51,91), 0, 1
(52,1), 0, 1
(52,14), 0, 1
(52,27), 0, 1
(52,35), 0, 1
(52,41), 0, 1
(52,47), 0, 1
(52,48), 0, 1
(52,59), 0, 1
(52,60), 0, 1
(52,61), 0, 1
(52,62), 0, 1
(52,66), 0, 1
(52,81), 0, 1
(52,82), 0, 1
(52,91), 0, 1
(53,1), 0, 1
(53,14), 0, 1
(53,27), 0, 1
(53,35), 0, 1
(53,41), 0, 1
(53,44), 0, 1
(53,47), 0, 1
(53,48), 0, 1
(53,55), 0, 1
(53,59), 0, 1
(53,60), 0, 1
(53,61), 0, 1
(53,62), 0, 1
(53,66), 0, 1
(53,81), 0, 1
(53,82), 0, 1
(53,91), 0, 1
(54,0), 0, 1
(54,1), 0, 1
(54,3), 0, 1
(54,4), 0, 1
(54,5), 0, 1
(54,6), 0, 1
(54,7), 0, 1
(54,10), 0, 1
(54,11), 0, 1
(54,12), 0, 1
(54,15), 0, 1
(54,16), 0, 1
(54,19), 0, 1
(54,20), 0, 1
(54,22), 0, 1
(54,23), 0, 1
(54,24), 0, 1
(54,25), 0, 1
(54,27), 0, 1
(54,28), 0, 1
(54,29), 0, 1
(54,31), 0, 1
(54,32), 0, 1
(54,34), 0, 1
(54,36), 0, 1
(54,37), 0, 1
(54,38), 0, 1
(54,41), 0, 1
(54,42), 0, 1
(54,43), 0, 1
(54,46), 0, 1
(54,47), 0, 1
(54,48), 0, 1
(54,49), 0, 1
(54,50), 0, 1
(54,52), 0, 1
(54,55), 0, 1
(54,56), 0, 1
(54,58), 0, 1
(54,59), 0, 1
(54,60), 0, 1
(54,61), 0, 1
(54,62), 0, 1
(54,63), 0, 1
(54,65), 0, 1
(54,66), 0, 1
(54,67), 0, 1
(54,68), 0, 1
(54,72), 0, 1
(54,73), 0, 1
(54,74), 0, 1
(54,75), 0, 1
(54,76), 0, 1
(54,79), 0, 1
(54,80), 0, 1
(54,81), 0, 1
(54,82), 0, 1
(54,83), 0, 1
(54,84), 0, 1
(54,86), 0, 1
(54,87), 0, 1
(54,88), 0, 1
(54,89), 0, 1
(54,90), 0, 1
(54,92), 0, 1
(54,93), 0, 1
(54,94), 0, 1
(55,1), 0, 1
(55,14), 0, 1
(55,27), 0, 1
(55,35), 0, 1
(55,41), 0, 1
(55,47), 0, 1
(55,48), 0, 1
(55,59), 0, 1
(55,61), 0, 1
(55,62), 0, 1
(55,66), 0, 1
(55,81), 0, 1
(55,82), 0, 1
(55,91), 0, 1
(56,14), 0, 1
(56,30), 0, 1
(56,35), 0, 1
(56,41), 0, 1
(56,47), 0, 1
(56,48), 0, 1
(56,50), 0, 1
(56,55), 0, 1
(56,59), 0, 1
(56,60), 0, 1
(56,61), 0, 1
(56,62), 0, 1
(56,66), 0, 1
(56,81), 0, 1
(56,91), 0, 1
(57,0), 0, 1
(57,1), 0, 1
(57,2), 0, 1
(57,3), 0, 1
(57,4), 0, 1
(57,5), 0, 1
(57,6), 0, 1
(57,7), 0, 1
(57,8), 0, 1
(57,10), 0, 1
(57,11), 0, 1
(57,12), 0, 1
(57,13), 0, 1
(57,14), 0, 1
(57,15), 0, 1
(57,16), 0, 1
(57,17), 0, 1
(57,21), 0, 1
(57,23), 0, 1
(57,24), 0, 1
(57,25), 0, 1
(57,27), 0, 1
(57,28), 0, 1
(57,29), 0, 1
(57,30), 0, 1
(57,31), 0, 1
(57,32), 0, 1
(57,33), 0, 1
(57,35), 0, 1
(57,36), 0, 1
(57,37), 0, 1
(57,38), 0, 1
(57,41), 0, 1
(57,42), 0, 1
(57,43), 0, 1
(57,45), 0, 1
(57,47), 0, 1
(57,48), 0, 1
(57,49), 0, 1
(57,50), 0, 1
(57,52), 0, 1
(57,54), 0, 1
(57,55), 0, 1
(57,56), 0, 1
(57,58), 0, 1
(57,59), 0, 1
(57,60), 0, 1
(57,61), 0, 1
(57,62), 0, 1
(57,63), 0, 1
(57,64), 0, 1
(57,65), 0, 1
(57,66), 0, 1
(57,67), 0, 1
(57,68), 0, 1
(57,73), 0, 1
(57,74), 0, 1
(57,75), 0, 1
(57,76), 0, 1
(57,79), 0, 1
(57,80), 0, 1
(57,81), 0, 1
(57,82), 0, 1
(57,83), 0, 1
(57,84), 0, 1
(57,86), 0, 1
(57,87), 0, 1
(57,89), 0, 1
(57,90), 0, 1
(57,91), 0, 1
(57,92), 0, 1
(57,94), 0, 1
(57,95), 0, 1
(58,1), 0, 1
(58,14), 0, 1
(58,35), 0, 1
(58,39), 0, 1
(58,41), 0, 1
(58,47), 0, 1
(58,48), 0, 1
(58,55), 0, 1
(58,59), 0, 1
(58,60), 0, 1
(58,61), 0, 1
(58,66), 0, 1
(58,81), 0, 1
(58,82), 0, 1
(58,91), 0, 1
(59,14), 0, 1
(59,35), 0, 1
(59,41), 0, 1
(59,47), 0, 1
(59,48), 0, 1
(59,50), 0, 1
(59,55), 0, 1
(59,60), 0, 1
(59,61), 0, 1
(59,62), 0, 1
(59,66), 0, 1
(59,81), 0, 1
(59,82), 0, 1
(59,91), 0, 1
(60,5), 0, 1
(60,6), 0, 1
(60,7), 0, 1
(60,24), 0, 1
(60,31), 0, 1
(60,36), 0, 1
(60,43), 0, 1
(60,49), 0, 1
(60,54), 0, 1
(60,58), 0, 1
(60,63), 0, 1
(60,87), 0, 1
(60,89), 0, 1
(60,91), 0, 1
(61,91), 0, 1
(62,5), 0, 1
(62,6), 0, 1
(62,7), 0, 1
(62,18), 0, 1
(62,24), 0, 1
(62,31), 0, 1
(62,36), 0, 1
(62,43), 0, 1
(62,49), 0, 1
(62,54), 0, 1
(62,58), 0, 1
(62,63), 0, 1
(62,87), 0, 1
(62,89), 0, 1
(62,91), 0, 1
(63,14), 0, 1
(63,27), 0, 1
(63,35), 0, 1
(63,41), 0, 1
(63,45), 0, 1
(63,47), 0, 1
(63,48), 0, 1
(63,50), 0, 1
(63,55), 0, 1
(63,59), 0, 1
(63,60), 0, 1
(63,61), 0, 1
(63,62), 0, 1
(63,66), 0, 1
(63,81), 0, 1
(63,82), 0, 1
(63,91), 0, 1
(64,1), 0, 1
(64,9), 0, 1
(64,14), 0, 1
(64,27), 0, 1
(64,35), 0, 1
(64,41), 0, 1
(64,47), 0, 1
(64,48), 0, 1
(64,50), 0, 1
(64,55), 0, 1
(64,59), 0, 1
(64,61), 0, 1
(64,62), 0, 1
(64,66), 0, 1
(64,81), 0, 1
(64,82), 0, 1
(64,91), 0, 1
(65,1), 0, 1
(65,9), 0, 1
(65,14), 0, 1
(65,27), 0, 1
(65,35), 0, 1
(65,41), 0, 1
(65,47), 0, 1
(65,48), 0, 1
(65,55), 0, 1
(65,59), 0, 1
(65,60), 0, 1
(65,61), 0, 1
(65,62), 0, 1
(65,66), 0, 1
(65,81), 0, 1
(65,82), 0, 1
(65,91), 0, 1
(66,5), 0, 1
(66,6), 0, 1
(66,7), 0, 1
(66,24), 0, 1
(66,31), 0, 1
(66,36), 0, 1
(66,43), 0, 1
(66,49), 0, 1
(66,54), 0, 1
(66,58), 0, 1
(66,63), 0, 1
(66,87), 0, 1
(66,89), 0, 1
(66,91), 0, 1
(67,1), 0, 1
(67,14), 0, 1
(67,27), 0, 1
(67,41), 0, 1
(67,47), 0, 1
(67,48), 0, 1
(67,50), 0, 1
(67,55), 0, 1
(67,61), 0, 1
(67,62), 0, 1
(67,66), 0, 1
(67,82), 0, 1
(67,91), 0, 1
(68,5), 0, 1
(68,6), 0, 1
(68,7), 0, 1
(68,24), 0, 1
(68,31), 0, 1
(68,36), 0, 1
(68,43), 0, 1
(68,49), 0, 1
(68,54), 0, 1
(68,58), 0, 1
(68,63), 0, 1
(68,87), 0, 1
(68,89), 0, 1
(68,91), 0, 1
(69,0), 0, 1
(69,1), 0, 1
(69,3), 0, 1
(69,4), 0, 1
(69,5), 0, 1
(69,6), 0, 1
(69,7), 0, 1
(69,8), 0, 1
(69,10), 0, 1
(69,11), 0, 1
(69,12), 0, 1
(69,13), 0, 1
(69,14), 0, 1
(69,15), 0, 1
(69,16), 0, 1
(69,19), 0, 1
(69,22), 0, 1
(69,23), 0, 1
(69,24), 0, 1
(69,25), 0, 1
(69,27), 0, 1
(69,28), 0, 1
(69,31), 0, 1
(69,32), 0, 1
(69,34), 0, 1
(69,35), 0, 1
(69,36), 0, 1
(69,37), 0, 1
(69,40), 0, 1
(69,41), 0, 1
(69,42), 0, 1
(69,43), 0, 1
(69,47), 0, 1
(69,48), 0, 1
(69,49), 0, 1
(69,50), 0, 1
(69,52), 0, 1
(69,53), 0, 1
(69,54), 0, 1
(69,55), 0, 1
(69,56), 0, 1
(69,58), 0, 1
(69,59), 0, 1
(69,61), 0, 1
(69,62), 0, 1
(69,63), 0, 1
(69,64), 0, 1
(69,65), 0, 1
(69,66), 0, 1
(69,67), 0, 1
(69,72), 0, 1
(69,73), 0, 1
(69,74), 0, 1
(69,75), 0, 1
(69,76), 0, 1
(69,78), 0, 1
(69,79), 0, 1
(69,80), 0, 1
(69,81), 0, 1
(69,82), 0, 1
(69,83), 0, 1
(69,84), 0, 1
(69,86), 0, 1
(69,87), 0, 1
(69,89), 0, 1
(69,90), 0, 1
(69,92), 0, 1
(69,93), 0, 1
(69,94), 0, 1
(69,95), 0, 1
(70,0), 0, 1
(70,2), 0, 1
(70,3), 0, 1
(70,4), 0, 1
(70,5), 0, 1
(70,6), 0, 1
(70,7), 0, 1
(70,10), 0, 1
(70,11), 0, 1
(70,12), 0, 1
(70,13), 0, 1
(70,14), 0, 1
(70,16), 0, 1
(70,19), 0, 1
(70,21), 0, 1
(70,22), 0, 1
(70,23), 0, 1
(70,24), 0, 1
(70,25), 0, 1
(70,28), 0, 1
(70,29), 0, 1
(70,31), 0, 1
(70,32), 0, 1
(70,34), 0, 1
(70,35), 0, 1
(70,36), 0, 1
(70,37), 0, 1
(70,38), 0, 1
(70,41), 0, 1
(70,42), 0, 1
(70,43), 0, 1
(70,47), 0, 1
(70,48), 0, 1
(70,49), 0, 1
(70,50), 0, 1
(70,52), 0, 1
(70,54), 0, 1
(70,55), 0, 1
(70,56), 0, 1
(70,58), 0, 1
(70,59), 0, 1
(70,61), 0, 1
(70,62), 0, 1
(70,63), 0, 1
(70,64), 0, 1
(70,65), 0, 1
(70,66), 0, 1
(70,67), 0, 1
(70,68), 0, 1
(70,69), 0, 1
(70,73), 0, 1
(70,74), 0, 1
(70,75), 0, 1
(70,76), 0, 1
(70,78), 0, 1
(70,79), 0, 1
(70,81), 0, 1
(70,82), 0, 1
(70,84), 0, 1
(70,86), 0, 1
(70,87), 0, 1
(70,88), 0, 1
(70,89), 0, 1
(70,90), 0, 1
(70,91), 0, 1
(70,92), 0, 1
(70,93), 0, 1
(70,94), 0, 1
(70,95), 0, 1
(71,0), 0, 1
(71,1), 0, 1
(71,2), 0, 1
(71,3), 0, 1
(71,4), 0, 1
(71,5), 0, 1
(71,6), 0, 1
(71,7), 0, 1
(71,8), 0, 1
(71,10), 0, 1
(71,11), 0, 1
(71,12), 0, 1
(71,13), 0, 1
(71,14), 0, 1
(71,15), 0, 1
(71,16), 0, 1
(71,19), 0, 1
(71,21), 0, 1
(71,22), 0, 1
(71,23), 0, 1
(71,24), 0, 1
(71,25), 0, 1
(71,27), 0, 1
(71,28), 0, 1
(71,29), 0, 1
(71,31), 0, 1
(71,32), 0, 1
(71,34), 0, 1
(71,35), 0, 1
(71,36), 0, 1
(71,37), 0, 1
(71,38), 0, 1
(71,39), 0, 1
(71,41), 0, 1
(71,42), 0, 1
(71,43), 0, 1
(71,46), 0, 1
(71,47), 0, 1
(71,48), 0, 1
(71,52), 0, 1
(71,54), 0, 1
(71,55), 0, 1
(71,56), 0, 1
(71,58), 0, 1
(71,59), 0, 1
(71,60), 0, 1
(71,61), 0, 1
(71,62), 0, 1
(71,63), 0, 1
(71,65), 0, 1
(71,66), 0, 1
(71,72), 0, 1
(71,73), 0, 1
(71,74), 0, 1
(71,75), 0, 1
(71,76), 0, 1
(71,78), 0, 1
(71,79), 0, 1
(71,80), 0, 1
(71,81), 0, 1
(71,83), 0, 1
(71,84), 0, 1
(71,86), 0, 1
(71,87), 0, 1
(71,88), 0, 1
(71,89), 0, 1
(71,90), 0, 1
(71,91), 0, 1
(71,92), 0, 1
(71,93), 0, 1
(71,94), 0, 1
(71,95), 0, 1
(72,0), 0, 1
(72,1), 0, 1
(72,2), 0, 1
(72,3), 0, 1
(72,4), 0, 1
(72,5), 0, 1
(72,6), 0, 1
(72,7), 0, 1
(72,10), 0, 1
(72,11), 0, 1
(72,12), 0, 1
(72,13), 0, 1
(72,14), 0, 1
(72,15), 0, 1
(72,16), 0, 1
(72,19), 0, 1
(72,21), 0, 1
(72,22), 0, 1
(72,23), 0, 1
(72,24), 0, 1
(72,27), 0, 1
(72,28), 0, 1
(72,29), 0, 1
(72,31), 0, 1
(72,32), 0, 1
(72,34), 0, 1
(72,35), 0, 1
(72,36), 0, 1
(72,37), 0, 1
(72,38), 0, 1
(72,41), 0, 1
(72,42), 0, 1
(72,43), 0, 1
(72,46), 0, 1
(72,47), 0, 1
(72,48), 0, 1
(72,49), 0, 1
(72,52), 0, 1
(72,54), 0, 1
(72,55), 0, 1
(72,56), 0, 1
(72,58), 0, 1
(72,59), 0, 1
(72,61), 0, 1
(72,62), 0, 1
(72,63), 0, 1
(72,64), 0, 1
(72,65), 0, 1
(72,66), 0, 1
(72,67), 0, 1
(72,68), 0, 1
(72,73), 0, 1
(72,74), 0, 1
(72,76), 0, 1
(72,78), 0, 1
(72,79), 0, 1
(72,80), 0, 1
(72,81), 0, 1
(72,82), 0, 1
(72,83), 0, 1
(72,84), 0, 1
(72,86), 0, 1
(72,87), 0, 1
(72,90), 0, 1
(72,91), 0, 1
(72,92), 0, 1
(72,93), 0, 1
(72,94), 0, 1
(72,95), 0, 1
(73,14), 0, 1
(73,27), 0, 1
(73,35), 0, 1
(73,47), 0, 1
(73,48), 0, 1
(73,55), 0, 1
(73,59), 0, 1
(73,60), 0, 1
(73,61), 0, 1
(73,62), 0, 1
(73,66), 0, 1
(73,81), 0, 1
(73,82), 0, 1
(73,91), 0, 1
(74,5), 0, 1
(74,6), 0, 1
(74,7), 0, 1
(74,24), 0, 1
(74,31), 0, 1
(74,36), 0, 1
(74,43), 0, 1
(74,49), 0, 1
(74,54), 0, 1
(74,58), 0, 1
(74,63), 0, 1
(74,87), 0, 1
(74,89), 0, 1
(74,91), 0, 1
(75,91), 0, 1
(76,91), 0, 1
(77,14), 0, 1
(77,27), 0, 1
(77,30), 0, 1
(77,35), 0, 1
(77,41), 0, 1
(77,44), 0, 1
(77,47), 0, 1
(77,48), 0, 1
(77,50), 0, 1
(77,55), 0, 1
(77,59), 0, 1
(77,60), 0, 1
(77,61), 0, 1
(77,62), 0, 1
(77,66), 0, 1
(77,81), 0, 1
(77,82), 0, 1
(77,91), 0, 1
(78,1), 0, 1
(78,14), 0, 1
(78,27), 0, 1
(78,35), 0, 1
(78,41), 0, 1
(78,47), 0, 1
(78,48), 0, 1
(78,50), 0, 1
(78,55), 0, 1
(78,59), 0, 1
(78,60), 0, 1
(78,62), 0, 1
(78,66), 0, 1
(78,81), 0, 1
(78,82), 0, 1
(78,91), 0, 1
(79,1), 0, 1
(79,14), 0, 1
(79,27), 0, 1
(79,35), 0, 1
(79,41), 0, 1
(79,45), 0, 1
(79,47), 0, 1
(79,48), 0, 1
(79,55), 0, 1
(79,59), 0, 1
(79,61), 0, 1
(79,66), 0, 1
(79,81), 0, 1
(79,82), 0, 1
(79,91), 0, 1
(80,5), 0, 1
(80,6), 0, 1
(80,7), 0, 1
(80,24), 0, 1
(80,31), 0, 1
(80,36), 0, 1
(80,43), 0, 1
(80,49), 0, 1
(80,54), 0, 1
(80,58), 0, 1
(80,63), 0, 1
(80,87), 0, 1
(80,89), 0, 1
(80,91), 0, 1
(81,0), 0, 1
(81,1), 0, 1
(81,2), 0, 1
(81,3), 0, 1
(81,4), 0, 1
(81,5), 0, 1
(81,6), 0, 1
(81,7), 0, 1
(81,8), 0, 1
(81,10), 0, 1
(81,11), 0, 1
(81,12), 0, 1
(81,13), 0, 1
(81,14), 0, 1
(81,15), 0, 1
(81,16), 0, 1
(81,19), 0, 1
(81,21), 0, 1
(81,22), 0, 1
(81,24), 0, 1
(81,25), 0, 1
(81,29), 0, 1
(81,31), 0, 1
(81,32), 0, 1
(81,34), 0, 1
(81,35), 0, 1
(81,36), 0, 1
(81,37), 0, 1
(81,38), 0, 1
(81,41), 0, 1
(81,42), 0, 1
(81,43), 0, 1
(81,46), 0, 1
(81,48), 0, 1
(81,49), 0, 1
(81,50), 0, 1
(81,52), 0, 1
(81,53), 0, 1
(81,54), 0, 1
(81,55), 0, 1
(81,56), 0, 1
(81,59), 0, 1
(81,60), 0, 1
(81,61), 0, 1
(81,63), 0, 1
(81,64), 0, 1
(81,65), 0, 1
(81,66), 0, 1
(81,67), 0, 1
(81,72), 0, 1
(81,73), 0, 1
(81,74), 0, 1
(81,75), 0, 1
(81,76), 0, 1
(81,77), 0, 1
(81,79), 0, 1
(81,80), 0, 1
(81,82), 0, 1
(81,83), 0, 1
(81,84), 0, 1
(81,86), 0, 1
(81,88), 0, 1
(81,89), 0, 1
(81,90), 0, 1
(81,91), 0, 1
(81,92), 0, 1
(81,93), 0, 1
(81,94), 0, 1
(81,95), 0, 1
(82,5), 0, 1
(82,6), 0, 1
(82,7), 0, 1
(82,24), 0, 1
(82,31), 0, 1
(82,36), 0, 1
(82,43), 0, 1
(82,49), 0, 1
(82,54), 0, 1
(82,58), 0, 1
(82,63), 0, 1
(82,87), 0, 1
(82,89), 0, 1
(82,91), 0, 1
(83,6), 0, 1
(83,7), 0, 1
(83,24), 0, 1
(83,31), 0, 1
(83,36), 0, 1
(83,43), 0, 1
(83,49), 0, 1
(83,54), 0, 1
(83,58), 0, 1
(83,63), 0, 1
(83,87), 0, 1
(83,89), 0, 1
(83,91), 0, 1
(84,5), 0, 1
(84,6), 0, 1
(84,7), 0, 1
(84,24), 0, 1
(84,31), 0, 1
(84,36), 0, 1
(84,43), 0, 1
(84,49), 0, 1
(84,54), 0, 1
(84,58), 0, 1
(84,63), 0, 1
(84,87), 0, 1
(84,89), 0, 1
(84,91), 0, 1
(85,14), 0, 1
(85,27), 0, 1
(85,35), 0, 1
(85,41), 0, 1
(85,47), 0, 1
(85,50), 0, 1
(85,55), 0, 1
(85,59), 0, 1
(85,60), 0, 1
(85,61), 0, 1
(85,62), 0, 1
(85,66), 0, 1
(85,81), 0, 1
(85,82), 0, 1
(85,91), 0, 1
(86,91), 0, 1
(87,91), 0, 1
(88,0), 0, 1
(88,1), 0, 1
(88,2), 0, 1
(88,3), 0, 1
(88,4), 0, 1
(88,5), 0, 1
(88,6), 0, 1
(88,7), 0, 1
(88,8), 0, 1
(88,10), 0, 1
(88,11), 0, 1
(88,12), 0, 1
(88,13), 0, 1
(88,14), 0, 1
(88,15), 0, 1
(88,16), 0, 1
(88,19), 0, 1
(88,20), 0, 1
(88,21), 0, 1
(88,22), 0, 1
(88,23), 0, 1
(88,24), 0, 1
(88,25), 0, 1
(88,27), 0, 1
(88,29), 0, 1
(88,31), 0, 1
(88,32), 0, 1
(88,34), 0, 1
(88,35), 0, 1
(88,36), 0, 1
(88,37), 0, 1
(88,38), 0, 1
(88,41), 0, 1
(88,42), 0, 1
(88,43), 0, 1
(88,46), 0, 1
(88,47), 0, 1
(88,48), 0, 1
(88,50), 0, 1
(88,52), 0, 1
(88,54), 0, 1
(88,55), 0, 1
(88,58), 0, 1
(88,59), 0, 1
(88,61), 0, 1
(88,62), 0, 1
(88,63), 0, 1
(88,64), 0, 1
(88,65), 0, 1
(88,66), 0, 1
(88,69), 0, 1
(88,71), 0, 1
(88,72), 0, 1
(88,73), 0, 1
(88,74), 0, 1
(88,75), 0, 1
(88,76), 0, 1
(88,78), 0, 1
(88,79), 0, 1
(88,80), 0, 1
(88,81), 0, 1
(88,82), 0, 1
(88,83), 0, 1
(88,84), 0, 1
(88,86), 0, 1
(88,87), 0, 1
(88,89), 0, 1
(88,90), 0, 1
(88,92), 0, 1
(88,93), 0, 1
(88,94), 0, 1
(88,95), 0, 1
(89,0), 0, 1
(89,1), 0, 1
(89,2), 0, 1
(89,3), 0, 1
(89,4), 0, 1
(89,5), 0, 1
(89,6), 0, 1
(89,7), 0, 1
(89,8), 0, 1
(89,10), 0, 1
(89,11), 0, 1
(89,12), 0, 1
(89,13), 0, 1
(89,14), 0, 1
(89,15), 0, 1
(89,16), 0, 1
(89,19), 0, 1
(89,21), 0, 1
(89,22), 0, 1
(89,23), 0, 1
(89,24), 0, 1
(89,25), 0, 1
(89,27), 0, 1
(89,28), 0, 1
(89,29), 0, 1
(89,31), 0, 1
(89,32), 0, 1
(89,34), 0, 1
(89,35), 0, 1
(89,36), 0, 1
(89,37), 0, 1
(89,38), 0, 1
(89,42), 0, 1
(89,46), 0, 1
(89,47), 0, 1
(89,48), 0, 1
(89,49), 0, 1
(89,50), 0, 1
(89,52), 0, 1
(89,54), 0, 1
(89,55), 0, 1
(89,56), 0, 1
(89,58), 0, 1
(89,59), 0, 1
(89,60), 0, 1
(89,61), 0, 1
(89,62), 0, 1
(89,63), 0, 1
(89,64), 0, 1
(89,65), 0, 1
(89,66), 0, 1
(89,68), 0, 1
(89,73), 0, 1
(89,74), 0, 1
(89,75), 0, 1
(89,76), 0, 1
(89,78), 0, 1
(89,79), 0, 1
(89,80), 0, 1
(89,81), 0, 1
(89,82), 0, 1
(89,83), 0, 1
(89,86), 0, 1
(89,87), 0, 1
(89,90), 0, 1
(89,91), 0, 1
(89,92), 0, 1
(89,93), 0, 1
(89,94), 0, 1
(89,95), 0, 1
(90,14), 0, 1
(90,27), 0, 1
(90,35), 0, 1
(90,41), 0, 1
(90,47), 0, 1
(90,48), 0, 1
(90,50), 0, 1
(90,55), 0, 1
(90,59), 0, 1
(90,61), 0, 1
(90,62), 0, 1
(90,66), 0, 1
(90,81), 0, 1
(90,82), 0, 1
(90,91), 0, 1
(91,5), 0, 1
(91,6), 0, 1
(91,7), 0, 1
(91,24), 0, 1
(91,36), 0, 1
(91,43), 0, 1
(91,49), 0, 1
(91,54), 0, 1
(91,58), 0, 1
(91,63), 0, 1
(91,87), 0, 1
(91,89), 0, 1
(92,1), 0, 1
(92,9), 0, 1
(92,14), 0, 1
(92,27), 0, 1
(92,35), 0, 1
(92,41), 0, 1
(92,45), 0, 1
(92,47), 0, 1
(92,48), 0, 1
(92,55), 0, 1
(92,59), 0, 1
(92,61), 0, 1
(92,62), 0, 1
(92,66), 0, 1
(92,81), 0, 1
(92,82), 0, 1
(92,91), 0, 1
(93,0), 0, 1
(93,1), 0, 1
(93,2), 0, 1
(93,3), 0, 1
(93,4), 0, 1
(93,5), 0, 1
(93,6), 0, 1
(93,7), 0, 1
(93,8), 0, 1
(93,11), 0, 1
(93,12), 0, 1
(93,13), 0, 1
(93,14), 0, 1
(93,15), 0, 1
(93,19), 0, 1
(93,21), 0, 1
(93,23), 0, 1
(93,24), 0, 1
(93,25), 0, 1
(93,27), 0, 1
(93,28), 0, 1
(93,31), 0, 1
(93,32), 0, 1
(93,34), 0, 1
(93,35), 0, 1
(93,36), 0, 1
(93,37), 0, 1
(93,38), 0, 1
(93,39), 0, 1
(93,42), 0, 1
(93,43), 0, 1
(93,45), 0, 1
(93,46), 0, 1
(93,47), 0, 1
(93,48), 0, 1
(93,49), 0, 1
(93,52), 0, 1
(93,54), 0, 1
(93,55), 0, 1
(93,56), 0, 1
(93,58), 0, 1
(93,59), 0, 1
(93,61), 0, 1
(93,62), 0, 1
(93,63), 0, 1
(93,64), 0, 1
(93,65), 0, 1
(93,66), 0, 1
(93,68), 0, 1
(93,73), 0, 1
(93,74), 0, 1
(93,75), 0, 1
(93,76), 0, 1
(93,78), 0, 1
(93,79), 0, 1
(93,80), 0, 1
(93,81), 0, 1
(93,82), 0, 1
(93,83), 0, 1
(93,84), 0, 1
(93,86), 0, 1
(93,87), 0, 1
(93,88), 0, 1
(93,89), 0, 1
(93,90), 0, 1
(93,91), 0, 1
(93,92), 0, 1
(93,94), 0, 1
(93,95), 0, 1
(94,1), 0, 1
(94,14), 0, 1
(94,27), 0, 1
(94,35), 0, 1
(94,39), 0, 1
(94,44), 0, 1
(94,47), 0, 1
(94,48), 0, 1
(94,50), 0, 1
(94,55), 0, 1
(94,59), 0, 1
(94,60), 0, 1
(94,61), 0, 1
(94,62), 0, 1
(94,66), 0, 1
(94,81), 0, 1
(94,82), 0, 1
(94,91), 0, 1
(95,5), 0, 1
(95,6), 0, 1
(95,7), 0, 1
(95,24), 0, 1
(95,31), 0, 1
(95,36), 0, 1
(95,43), 0, 1
(95,49), 0, 1
(95,54), 0, 1
(95,58), 0, 1
(95,63), 0, 1
(95,87), 0, 1
(95,91), 0, 1
(96,0), 0, 1
(96,1), 0, 1
(96,2), 0, 1
(96,3), 0, 1
(96,4), 0, 1
(96,5), 0, 1
(96,6), 0, 1
(96,7), 0, 1
(96,8), 0, 1
(96,10), 0, 1
(96,11), 0, 1
(96,12), 0, 1
(96,13), 0, 1
(96,14), 0, 1
(96,15), 0, 1
(96,16), 0, 1
(96,19), 0, 1
(96,21), 0, 1
(96,22), 0, 1
(96,23), 0, 1
(96,24), 0, 1
(96,28), 0, 1
(96,29), 0, 1
(96,31), 0, 1
(96,32), 0, 1
(96,33), 0, 1
(96,34), 0, 1
(96,35), 0, 1
(96,36), 0, 1
(96,37), 0, 1
(96,38), 0, 1
(96,41), 0, 1
(96,42), 0, 1
(96,43), 0, 1
(96,47), 0, 1
(96,48), 0, 1
(96,49), 0, 1
(96,52), 0, 1
(96,54), 0, 1
(96,55), 0, 1
(96,56), 0, 1
(96,58), 0, 1
(96,59), 0, 1
(96,61), 0, 1
(96,62), 0, 1
(96,63), 0, 1
(96,64), 0, 1
(96,65), 0, 1
(96,66), 0, 1
(96,67), 0, 1
(96,68), 0, 1
(96,72), 0, 1
(96,73), 0, 1
(96,74), 0, 1
(96,75), 0, 1
(96,76), 0, 1
(96,78), 0, 1
(96,79), 0, 1
(96,80), 0, 1
(96,81), 0, 1
(96,82), 0, 1
(96,83), 0, 1
(96,84), 0, 1
(96,87), 0, 1
(96,88), 0, 1
(96,89), 0, 1
(96,90), 0, 1
(96,91), 0, 1
(96,92), 0, 1
(96,93), 0, 1
(97,14), 0, 1
(97,27), 0, 1
(97,35), 0, 1
(97,41), 0, 1
(97,44), 0, 1
(97,45), 0, 1
(97,47), 0, 1
(97,48), 0, 1
(97,50), 0, 1
(97,55), 0, 1
(97,59), 0, 1
(97,60), 0, 1
(97,61), 0, 1
(97,62), 0, 1
(97,66), 0, 1
(97,81), 0, 1
(97,82), 0, 1
(97,91), 0, 1
(98,1), 0, 1
(98,14), 0, 1
(98,27), 0, 1
(98,41), 0, 1
(98,47), 0, 1
(98,48), 0, 1
(98,50), 0, 1
(98,55), 0, 1
(98,59), 0, 1
(98,60), 0, 1
(98,61), 0, 1
(98,62), 0, 1
(98,81), 0, 1
(98,82), 0, 1
(99,0), 0, 1
(99,1), 0, 1
(99,3), 0, 1
(99,4), 0, 1
(99,5), 0, 1
(99,6), 0, 1
(99,7), 0, 1
(99,10), 0, 1
(99,11), 0, 1
(99,12), 0, 1
(99,13), 0, 1
(99,14), 0, 1
(99,15), 0, 1
(99,16), 0, 1
(99,19), 0, 1
(99,21), 0, 1
(99,22), 0, 1
(99,23), 0, 1
(99,24), 0, 1
(99,27), 0, 1
(99,28), 0, 1
(99,31), 0, 1
(99,32), 0, 1
(99,34), 0, 1
(99,35), 0, 1
(99,36), 0, 1
(99,37), 0, 1
(99,38), 0, 1
(99,39), 0, 1
(99,41), 0, 1
(99,42), 0, 1
(99,46), 0, 1
(99,47), 0, 1
(99,48), 0, 1
(99,49), 0, 1
(99,51), 0, 1
(99,52), 0, 1
(99,54), 0, 1
(99,56), 0, 1
(99,58), 0, 1
(99,59), 0, 1
(99,60), 0, 1
(99,61), 0, 1
(99,62), 0, 1
(99,63), 0, 1
(99,65), 0, 1
(99,66), 0, 1
(99,67), 0, 1
(99,68), 0, 1
(99,70), 0, 1
(99,72), 0, 1
(99,73), 0, 1
(99,74), 0, 1
(99,75), 0, 1
(99,76), 0, 1
(99,78), 0, 1
(99,79), 0, 1
(99,80), 0, 1
(99,81), 0, 1
(99,82), 0, 1
(99,83), 0, 1
(99,84), 0, 1
(99,86), 0, 1
(99,87), 0, 1
(99,88), 0, 1
(99,89), 0, 1
(99,93), 0, 1
(99,94), 0, 1
(99,95), 0, 1
