Nr_Pairs = 99
Nr_NDD = 1
Nr_Arcs = 2605
0	0.92
1	0.28
2	0.90
3	0.90
4	0.10
5	0.5
6	0.32
7	0.28
8	0.10
9	0.28
10	0.5
11	0.5
12	0.5
13	0.10
14	0.90
15	0.5
16	0.90
17	0.10
18	0.28
19	0.10
20	0.90
21	0.5
22	0.28
23	0.5
24	0.28
25	0.5
26	0.28
27	0.10
28	0.5
29	0.5
30	0.90
31	0.10
32	0.32
33	0.28
34	0.5
35	0.5
36	0.5
37	0.5
38	0.10
39	0.5
40	0.10
41	0.5
42	0.5
43	0.28
44	0.5
45	0.32
46	0.5
47	0.5
48	0.28
49	0.28
50	0.5
51	0.32
52	0.10
53	0.5
54	0.10
55	0.5
56	0.90
57	0.5
58	0.5
59	0.28
60	0.10
61	0.10
62	0.10
63	0.5
64	0.5
65	0.10
66	0.90
67	0.90
68	0.10
69	0.5
70	0.32
71	0.28
72	0.90
73	0.90
74	0.90
75	0.28
76	0.10
77	0.92
78	0.92
79	0.5
80	0.10
81	0.5
82	0.5
83	0.28
84	0.5
85	0.10
86	0.5
87	0.5
88	0.5
89	0.5
90	0.10
91	0.5
92	0.32
93	0.92
94	0.28
95	0.32
96	0.28
97	0.5
98	0.5
99	0.0
(0,6), 0, 1
(0,12), 0, 1
(0,18), 0, 1
(0,19), 0, 1
(0,21), 0, 1
(0,23), 0, 1
(0,32), 0, 1
(0,49), 0, 1
(0,54), 0, 1
(0,59), 0, 1
(0,63), 0, 1
(0,84), 0, 1
(0,85), 0, 1
(0,87), 0, 1
(1,3), 0, 1
(1,4), 0, 1
(1,5), 0, 1
(1,8), 0, 1
(1,10), 0, 1
(1,11), 0, 1
(1,12), 0, 1
(1,13), 0, 1
(1,15), 0, 1
(1,16), 0, 1
(1,17), 0, 1
(1,19), 0, 1
(1,21), 0, 1
(1,23), 0, 1
(1,24), 0, 1
(1,25), 0, 1
(1,27), 0, 1
(1,29), 0, 1
(1,31), 0, 1
(1,32), 0, 1
(1,33), 0, 1
(1,34), 0, 1
(1,35), 0, 1
(1,36), 0, 1
(1,37), 0, 1
(1,38), 0, 1
(1,39), 0, 1
(1,40), 0, 1
(1,41), 0, 1
(1,42), 0, 1
(1,43), 0, 1
(1,44), 0, 1
(1,46), 0, 1
(1,47), 0, 1
(1,48), 0, 1
(1,50), 0, 1
(1,51), 0, 1
(1,52), 0, 1
(1,53), 0, 1
(1,54), 0, 1
(1,55), 0, 1
(1,58), 0, 1
(1,60), 0, 1
(1,61), 0, 1
(1,62), 0, 1
(1,63), 0, 1
(1,64), 0, 1
(1,65), 0, 1
(1,68), 0, 1
(1,70), 0, 1
(1,72), 0, 1
(1,75), 0, 1
(1,76), 0, 1
(1,79), 0, 1
(1,80), 0, 1
(1,81), 0, 1
(1,82), 0, 1
(1,83), 0, 1
(1,84), 0, 1
(1,85), 0, 1
(1,86), 0, 1
(1,87), 0, 1
(1,88), 0, 1
(1,89), 0, 1
(1,90), 0, 1
(1,91), 0, 1
(1,92), 0, 1
(1,94), 0, 1
(1,97), 0, 1
(1,98), 0, 1
(2,1), 0, 1
(2,4), 0, 1
(2,5), 0, 1
(2,6), 0, 1
(2,7), 0, 1
(2,9), 0, 1
(2,10), 0, 1
(2,11), 0, 1
(2,12), 0, 1
(2,13), 0, 1
(2,18), 0, 1
(2,19), 0, 1
(2,21), 0, 1
(2,22), 0, 1
(2,24), 0, 1
(2,25), 0, 1
(2,26), 0, 1
(2,27), 0, 1
(2,28), 0, 1
(2,29), 0, 1
(2,31), 0, 1
(2,33), 0, 1
(2,34), 0, 1
(2,35), 0, 1
(2,36), 0, 1
(2,37), 0, 1
(2,38), 0, 1
(2,39), 0, 1
(2,40), 0, 1
(2,41), 0, 1
(2,42), 0, 1
(2,43), 0, 1
(2,44), 0, 1
(2,45), 0, 1
(2,46), 0, 1
(2,47), 0, 1
(2,48), 0, 1
(2,49), 0, 1
(2,50), 0, 1
(2,52), 0, 1
(2,53), 0, 1
(2,54), 0, 1
(2,55), 0, 1
(2,57), 0, 1
(2,58), 0, 1
(2,59), 0, 1
(2,60), 0, 1
(2,61), 0, 1
(2,63), 0, 1
(2,64), 0, 1
(2,68), 0, 1
(2,71), 0, 1
(2,75), 0, 1
(2,76), 0, 1
(2,79), 0, 1
(2,80), 0, 1
(2,81), 0, 1
(2,82), 0, 1
(2,83), 0, 1
(2,84), 0, 1
(2,85), 0, 1
(2,86), 0, 1
(2,87), 0, 1
(2,88), 0, 1
(2,89), 0, 1
(2,90), 0, 1
(2,91), 0, 1
(2,93), 0, 1
(2,94), 0, 1
(2,95), 0, 1
(2,96), 0, 1
(2,97), 0, 1
(2,98), 0, 1
(3,1), 0, 1
(3,2), 0, 1
(3,4), 0, 1
(3,5), 0, 1
(3,6), 0, 1
(3,7), 0, 1
(3,8), 0, 1
(3,10), 0, 1
(3,11), 0, 1
(3,12), 0, 1
(3,13), 0, 1
(3,14), 0, 1
(3,15), 0, 1
(3,17), 0, 1
(3,19), 0, 1
(3,21), 0, 1
(3,22), 0, 1
(3,23), 0, 1
(3,24), 0, 1
(3,25), 0, 1
(3,28), 0, 1
(3,29), 0, 1
(3,31), 0, 1
(3,33), 0, 1
(3,34), 0, 1
(3,35), 0, 1
(3,36), 0, 1
(3,37), 0, 1
(3,38), 0, 1
(3,39), 0, 1
(3,40), 0, 1
(3,41), 0, 1
(3,42), 0, 1
(3,43), 0, 1
(3,44), 0, 1
(3,46), 0, 1
(3,47), 0, 1
(3,48), 0, 1
(3,50), 0, 1
(3,52), 0, 1
(3,53), 0, 1
(3,54), 0, 1
(3,55), 0, 1
(3,57), 0, 1
(3,58), 0, 1
(3,59), 0, 1
(3,61), 0, 1
(3,62), 0, 1
(3,63), 0, 1
(3,65), 0, 1
(3,67), 0, 1
(3,68), 0, 1
(3,71), 0, 1
(3,75), 0, 1
(3,76), 0, 1
(3,79), 0, 1
(3,80), 0, 1
(3,81), 0, 1
(3,82), 0, 1
(3,83), 0, 1
(3,84), 0, 1
(3,85), 0, 1
(3,86), 0, 1
(3,87), 0, 1
(3,88), 0, 1
(3,89), 0, 1
(3,90), 0, 1
(3,91), 0, 1
(3,92), 0, 1
(3,95), 0, 1
(3,96), 0, 1
(3,97), 0, 1
(3,98), 0, 1
(4,8), 0, 1
(4,15), 0, 1
(4,17), 0, 1
(4,22), 0, 1
(4,25), 0, 1
(4,26), 0, 1
(4,34), 0, 1
(4,39), 0, 1
(4,40), 0, 1
(4,41), 0, 1
(4,42), 0, 1
(4,43), 0, 1
(4,45), 0, 1
(4,55), 0, 1
(4,58), 0, 1
(4,61), 0, 1
(4,65), 0, 1
(4,71), 0, 1
(4,79), 0, 1
(4,87), 0, 1
(4,90), 0, 1
(4,91), 0, 1
(4,97), 0, 1
(4,98), 0, 1
(5,8), 0, 1
(5,15), 0, 1
(5,17), 0, 1
(5,22), 0, 1
(5,25), 0, 1
(5,26), 0, 1
(5,34), 0, 1
(5,39), 0, 1
(5,41), 0, 1
(5,42), 0, 1
(5,45), 0, 1
(5,55), 0, 1
(5,58), 0, 1
(5,61), 0, 1
(5,65), 0, 1
(5,66), 0, 1
(5,71), 0, 1
(5,79), 0, 1
(5,90), 0, 1
(5,97), 0, 1
(5,98), 0, 1
(6,9), 0, 1
(6,15), 0, 1
(6,17), 0, 1
(6,25), 0, 1
(6,26), 0, 1
(6,34), 0, 1
(6,39), 0, 1
(6,40), 0, 1
(6,41), 0, 1
(6,43), 0, 1
(6,45), 0, 1
(6,55), 0, 1
(6,61), 0, 1
(6,65), 0, 1
(6,71), 0, 1
(6,79), 0, 1
(6,87), 0, 1
(6,90), 0, 1
(6,91), 0, 1
(6,97), 0, 1
(6,98), 0, 1
(7,9), 0, 1
(7,15), 0, 1
(7,17), 0, 1
(7,22), 0, 1
(7,25), 0, 1
(7,26), 0, 1
(7,34), 0, 1
(7,39), 0, 1
(7,41), 0, 1
(7,42), 0, 1
(7,43), 0, 1
(7,45), 0, 1
(7,55), 0, 1
(7,59), 0, 1
(7,61), 0, 1
(7,65), 0, 1
(7,71), 0, 1
(7,79), 0, 1
(7,87), 0, 1
(7,90), 0, 1
(7,91), 0, 1
(7,97), 0, 1
(7,98), 0, 1
(8,6), 0, 1
(8,12), 0, 1
(8,18), 0, 1
(8,19), 0, 1
(8,20), 0, 1
(8,21), 0, 1
(8,23), 0, 1
(8,32), 0, 1
(8,54), 0, 1
(8,59), 0, 1
(8,63), 0, 1
(8,84), 0, 1
(8,85), 0, 1
(8,87), 0, 1
(8,92), 0, 1
(9,12), 0, 1
(9,19), 0, 1
(9,21), 0, 1
(9,23), 0, 1
(9,32), 0, 1
(9,54), 0, 1
(9,59), 0, 1
(9,63), 0, 1
(9,84), 0, 1
(9,85), 0, 1
(9,87), 0, 1
(9,92), 0, 1
(10,8), 0, 1
(10,15), 0, 1
(10,17), 0, 1
(10,22), 0, 1
(10,25), 0, 1
(10,26), 0, 1
(10,34), 0, 1
(10,40), 0, 1
(10,41), 0, 1
(10,42), 0, 1
(10,43), 0, 1
(10,45), 0, 1
(10,55), 0, 1
(10,58), 0, 1
(10,59), 0, 1
(10,61), 0, 1
(10,65), 0, 1
(10,67), 0, 1
(10,71), 0, 1
(10,79), 0, 1
(10,87), 0, 1
(10,90), 0, 1
(10,91), 0, 1
(10,97), 0, 1
(10,98), 0, 1
(11,8), 0, 1
(11,9), 0, 1
(11,14), 0, 1
(11,15), 0, 1
(11,17), 0, 1
(11,25), 0, 1
(11,26), 0, 1
(11,34), 0, 1
(11,39), 0, 1
(11,40), 0, 1
(11,41), 0, 1
(11,42), 0, 1
(11,43), 0, 1
(11,45), 0, 1
(11,55), 0, 1
(11,58), 0, 1
(11,59), 0, 1
(11,61), 0, 1
(11,65), 0, 1
(11,72), 0, 1
(11,78), 0, 1
(11,79), 0, 1
(11,87), 0, 1
(11,90), 0, 1
(11,91), 0, 1
(11,97), 0, 1
(11,98), 0, 1
(12,3), 0, 1
(12,8), 0, 1
(12,9), 0, 1
(12,15), 0, 1
(12,17), 0, 1
(12,22), 0, 1
(12,25), 0, 1
(12,26), 0, 1
(12,34), 0, 1
(12,39), 0, 1
(12,40), 0, 1
(12,41), 0, 1
(12,42), 0, 1
(12,43), 0, 1
(12,45), 0, 1
(12,55), 0, 1
(12,58), 0, 1
(12,61), 0, 1
(12,65), 0, 1
(12,79), 0, 1
(12,87), 0, 1
(12,91), 0, 1
(12,97), 0, 1
(12,98), 0, 1
(13,12), 0, 1
(13,19), 0, 1
(13,23), 0, 1
(13,32), 0, 1
(13,49), 0, 1
(13,59), 0, 1
(13,63), 0, 1
(13,84), 0, 1
(13,85), 0, 1
(13,87), 0, 1
(13,92), 0, 1
(14,8), 0, 1
(14,9), 0, 1
(14,15), 0, 1
(14,16), 0, 1
(14,17), 0, 1
(14,25), 0, 1
(14,26), 0, 1
(14,34), 0, 1
(14,39), 0, 1
(14,41), 0, 1
(14,42), 0, 1
(14,43), 0, 1
(14,45), 0, 1
(14,55), 0, 1
(14,58), 0, 1
(14,61), 0, 1
(14,65), 0, 1
(14,71), 0, 1
(14,79), 0, 1
(14,87), 0, 1
(14,90), 0, 1
(14,91), 0, 1
(14,98), 0, 1
(15,59), 0, 1
(15,87), 0, 1
(16,8), 0, 1
(16,9), 0, 1
(16,15), 0, 1
(16,17), 0, 1
(16,22), 0, 1
(16,25), 0, 1
(16,26), 0, 1
(16,34), 0, 1
(16,39), 0, 1
(16,40), 0, 1
(16,41), 0, 1
(16,42), 0, 1
(16,43), 0, 1
(16,45), 0, 1
(16,55), 0, 1
(16,58), 0, 1
(16,61), 0, 1
(16,65), 0, 1
(16,66), 0, 1
(16,87), 0, 1
(16,91), 0, 1
(16,97), 0, 1
(16,98), 0, 1
(17,59), 0, 1
(17,87), 0, 1
(18,1), 0, 1
(18,5), 0, 1
(18,8), 0, 1
(18,9), 0, 1
(18,10), 0, 1
(18,11), 0, 1
(18,12), 0, 1
(18,13), 0, 1
(18,15), 0, 1
(18,17), 0, 1
(18,19), 0, 1
(18,20), 0, 1
(18,21), 0, 1
(18,22), 0, 1
(18,23), 0, 1
(18,24), 0, 1
(18,25), 0, 1
(18,26), 0, 1
(18,27), 0, 1
(18,29), 0, 1
(18,31), 0, 1
(18,34), 0, 1
(18,35), 0, 1
(18,36), 0, 1
(18,37), 0, 1
(18,38), 0, 1
(18,39), 0, 1
(18,40), 0, 1
(18,41), 0, 1
(18,42), 0, 1
(18,43), 0, 1
(18,44), 0, 1
(18,46), 0, 1
(18,47), 0, 1
(18,48), 0, 1
(18,50), 0, 1
(18,52), 0, 1
(18,53), 0, 1
(18,54), 0, 1
(18,55), 0, 1
(18,57), 0, 1
(18,58), 0, 1
(18,59), 0, 1
(18,60), 0, 1
(18,61), 0, 1
(18,63), 0, 1
(18,64), 0, 1
(18,65), 0, 1
(18,67), 0, 1
(18,68), 0, 1
(18,69), 0, 1
(18,70), 0, 1
(18,71), 0, 1
(18,74), 0, 1
(18,75), 0, 1
(18,76), 0, 1
(18,78), 0, 1
(18,79), 0, 1
(18,80), 0, 1
(18,81), 0, 1
(18,82), 0, 1
(18,83), 0, 1
(18,84), 0, 1
(18,85), 0, 1
(18,86), 0, 1
(18,87), 0, 1
(18,88), 0, 1
(18,89), 0, 1
(18,90), 0, 1
(18,91), 0, 1
(18,92), 0, 1
(18,96), 0, 1
(18,97), 0, 1
(18,98), 0, 1
(19,8), 0, 1
(19,9), 0, 1
(19,15), 0, 1
(19,17), 0, 1
(19,26), 0, 1
(19,34), 0, 1
(19,39), 0, 1
(19,40), 0, 1
(19,41), 0, 1
(19,42), 0, 1
(19,43), 0, 1
(19,45), 0, 1
(19,55), 0, 1
(19,58), 0, 1
(19,59), 0, 1
(19,61), 0, 1
(19,65), 0, 1
(19,71), 0, 1
(19,79), 0, 1
(19,87), 0, 1
(19,90), 0, 1
(19,91), 0, 1
(19,97), 0, 1
(19,98), 0, 1
(20,8), 0, 1
(20,9), 0, 1
(20,15), 0, 1
(20,17), 0, 1
(20,22), 0, 1
(20,25), 0, 1
(20,26), 0, 1
(20,34), 0, 1
(20,39), 0, 1
(20,40), 0, 1
(20,41), 0, 1
(20,42), 0, 1
(20,43), 0, 1
(20,55), 0, 1
(20,58), 0, 1
(20,59), 0, 1
(20,61), 0, 1
(20,65), 0, 1
(20,79), 0, 1
(20,90), 0, 1
(20,91), 0, 1
(20,97), 0, 1
(20,98), 0, 1
(21,9), 0, 1
(21,15), 0, 1
(21,17), 0, 1
(21,22), 0, 1
(21,25), 0, 1
(21,26), 0, 1
(21,34), 0, 1
(21,39), 0, 1
(21,40), 0, 1
(21,41), 0, 1
(21,42), 0, 1
(21,43), 0, 1
(21,45), 0, 1
(21,55), 0, 1
(21,58), 0, 1
(21,59), 0, 1
(21,61), 0, 1
(21,65), 0, 1
(21,71), 0, 1
(21,72), 0, 1
(21,79), 0, 1
(21,87), 0, 1
(21,91), 0, 1
(21,97), 0, 1
(22,66), 0, 1
(22,87), 0, 1
(23,87), 0, 1
(24,0), 0, 1
(24,8), 0, 1
(24,9), 0, 1
(24,15), 0, 1
(24,17), 0, 1
(24,22), 0, 1
(24,25), 0, 1
(24,26), 0, 1
(24,34), 0, 1
(24,39), 0, 1
(24,40), 0, 1
(24,41), 0, 1
(24,42), 0, 1
(24,45), 0, 1
(24,55), 0, 1
(24,58), 0, 1
(24,59), 0, 1
(24,61), 0, 1
(24,65), 0, 1
(24,79), 0, 1
(24,87), 0, 1
(24,90), 0, 1
(24,91), 0, 1
(24,97), 0, 1
(24,98), 0, 1
(25,6), 0, 1
(25,12), 0, 1
(25,19), 0, 1
(25,21), 0, 1
(25,23), 0, 1
(25,32), 0, 1
(25,49), 0, 1
(25,54), 0, 1
(25,59), 0, 1
(25,84), 0, 1
(25,85), 0, 1
(25,87), 0, 1
(26,59), 0, 1
(26,87), 0, 1
(27,3), 0, 1
(27,8), 0, 1
(27,9), 0, 1
(27,15), 0, 1
(27,17), 0, 1
(27,22), 0, 1
(27,25), 0, 1
(27,26), 0, 1
(27,34), 0, 1
(27,39), 0, 1
(27,40), 0, 1
(27,41), 0, 1
(27,45), 0, 1
(27,55), 0, 1
(27,58), 0, 1
(27,65), 0, 1
(27,71), 0, 1
(27,79), 0, 1
(27,87), 0, 1
(27,90), 0, 1
(27,91), 0, 1
(27,97), 0, 1
(27,98), 0, 1
(28,8), 0, 1
(28,9), 0, 1
(28,15), 0, 1
(28,16), 0, 1
(28,17), 0, 1
(28,25), 0, 1
(28,34), 0, 1
(28,39), 0, 1
(28,40), 0, 1
(28,41), 0, 1
(28,42), 0, 1
(28,43), 0, 1
(28,45), 0, 1
(28,55), 0, 1
(28,58), 0, 1
(28,59), 0, 1
(28,61), 0, 1
(28,65), 0, 1
(28,67), 0, 1
(28,71), 0, 1
(28,72), 0, 1
(28,79), 0, 1
(28,90), 0, 1
(28,91), 0, 1
(28,97), 0, 1
(28,98), 0, 1
(29,6), 0, 1
(29,12), 0, 1
(29,18), 0, 1
(29,19), 0, 1
(29,21), 0, 1
(29,23), 0, 1
(29,49), 0, 1
(29,54), 0, 1
(29,59), 0, 1
(29,63), 0, 1
(29,66), 0, 1
(29,84), 0, 1
(29,85), 0, 1
(29,87), 0, 1
(29,92), 0, 1
(30,1), 0, 1
(30,5), 0, 1
(30,7), 0, 1
(30,9), 0, 1
(30,10), 0, 1
(30,11), 0, 1
(30,12), 0, 1
(30,13), 0, 1
(30,15), 0, 1
(30,17), 0, 1
(30,19), 0, 1
(30,21), 0, 1
(30,22), 0, 1
(30,23), 0, 1
(30,24), 0, 1
(30,25), 0, 1
(30,26), 0, 1
(30,27), 0, 1
(30,28), 0, 1
(30,29), 0, 1
(30,31), 0, 1
(30,32), 0, 1
(30,33), 0, 1
(30,34), 0, 1
(30,35), 0, 1
(30,36), 0, 1
(30,37), 0, 1
(30,39), 0, 1
(30,40), 0, 1
(30,41), 0, 1
(30,42), 0, 1
(30,43), 0, 1
(30,44), 0, 1
(30,45), 0, 1
(30,46), 0, 1
(30,47), 0, 1
(30,49), 0, 1
(30,50), 0, 1
(30,51), 0, 1
(30,52), 0, 1
(30,53), 0, 1
(30,54), 0, 1
(30,55), 0, 1
(30,57), 0, 1
(30,58), 0, 1
(30,59), 0, 1
(30,60), 0, 1
(30,61), 0, 1
(30,62), 0, 1
(30,63), 0, 1
(30,65), 0, 1
(30,66), 0, 1
(30,67), 0, 1
(30,68), 0, 1
(30,69), 0, 1
(30,71), 0, 1
(30,75), 0, 1
(30,76), 0, 1
(30,79), 0, 1
(30,80), 0, 1
(30,81), 0, 1
(30,82), 0, 1
(30,83), 0, 1
(30,84), 0, 1
(30,85), 0, 1
(30,86), 0, 1
(30,87), 0, 1
(30,88), 0, 1
(30,89), 0, 1
(30,90), 0, 1
(30,91), 0, 1
(30,92), 0, 1
(30,94), 0, 1
(30,97), 0, 1
(30,98), 0, 1
(31,8), 0, 1
(31,9), 0, 1
(31,17), 0, 1
(31,22), 0, 1
(31,25), 0, 1
(31,26), 0, 1
(31,34), 0, 1
(31,39), 0, 1
(31,40), 0, 1
(31,41), 0, 1
(31,42), 0, 1
(31,43), 0, 1
(31,45), 0, 1
(31,55), 0, 1
(31,58), 0, 1
(31,61), 0, 1
(31,65), 0, 1
(31,71), 0, 1
(31,79), 0, 1
(31,87), 0, 1
(31,90), 0, 1
(31,91), 0, 1
(31,97), 0, 1
(31,98), 0, 1
(32,6), 0, 1
(32,12), 0, 1
(32,19), 0, 1
(32,21), 0, 1
(32,49), 0, 1
(32,54), 0, 1
(32,59), 0, 1
(32,84), 0, 1
(32,85), 0, 1
(32,87), 0, 1
(32,92), 0, 1
(33,1), 0, 1
(33,2), 0, 1
(33,4), 0, 1
(33,5), 0, 1
(33,7), 0, 1
(33,8), 0, 1
(33,9), 0, 1
(33,10), 0, 1
(33,11), 0, 1
(33,13), 0, 1
(33,15), 0, 1
(33,17), 0, 1
(33,18), 0, 1
(33,19), 0, 1
(33,21), 0, 1
(33,22), 0, 1
(33,23), 0, 1
(33,25), 0, 1
(33,27), 0, 1
(33,28), 0, 1
(33,29), 0, 1
(33,31), 0, 1
(33,34), 0, 1
(33,35), 0, 1
(33,37), 0, 1
(33,38), 0, 1
(33,39), 0, 1
(33,40), 0, 1
(33,41), 0, 1
(33,42), 0, 1
(33,44), 0, 1
(33,45), 0, 1
(33,46), 0, 1
(33,47), 0, 1
(33,48), 0, 1
(33,49), 0, 1
(33,50), 0, 1
(33,51), 0, 1
(33,52), 0, 1
(33,53), 0, 1
(33,54), 0, 1
(33,55), 0, 1
(33,57), 0, 1
(33,58), 0, 1
(33,59), 0, 1
(33,60), 0, 1
(33,61), 0, 1
(33,62), 0, 1
(33,63), 0, 1
(33,64), 0, 1
(33,65), 0, 1
(33,67), 0, 1
(33,68), 0, 1
(33,69), 0, 1
(33,70), 0, 1
(33,71), 0, 1
(33,75), 0, 1
(33,76), 0, 1
(33,79), 0, 1
(33,81), 0, 1
(33,82), 0, 1
(33,83), 0, 1
(33,84), 0, 1
(33,85), 0, 1
(33,86), 0, 1
(33,87), 0, 1
(33,88), 0, 1
(33,89), 0, 1
(33,90), 0, 1
(33,91), 0, 1
(33,94), 0, 1
(33,95), 0, 1
(33,96), 0, 1
(33,97), 0, 1
(33,98), 0, 1
(34,6), 0, 1
(34,12), 0, 1
(34,18), 0, 1
(34,19), 0, 1
(34,21), 0, 1
(34,23), 0, 1
(34,32), 0, 1
(34,49), 0, 1
(34,54), 0, 1
(34,59), 0, 1
(34,63), 0, 1
(34,84), 0, 1
(34,85), 0, 1
(34,87), 0, 1
(34,92), 0, 1
(35,8), 0, 1
(35,9), 0, 1
(35,17), 0, 1
(35,22), 0, 1
(35,25), 0, 1
(35,34), 0, 1
(35,39), 0, 1
(35,40), 0, 1
(35,41), 0, 1
(35,42), 0, 1
(35,43), 0, 1
(35,55), 0, 1
(35,58), 0, 1
(35,59), 0, 1
(35,61), 0, 1
(35,65), 0, 1
(35,71), 0, 1
(35,78), 0, 1
(35,79), 0, 1
(35,87), 0, 1
(35,90), 0, 1
(35,91), 0, 1
(35,97), 0, 1
(35,98), 0, 1
(36,8), 0, 1
(36,9), 0, 1
(36,15), 0, 1
(36,17), 0, 1
(36,20), 0, 1
(36,22), 0, 1
(36,25), 0, 1
(36,26), 0, 1
(36,34), 0, 1
(36,39), 0, 1
(36,40), 0, 1
(36,41), 0, 1
(36,42), 0, 1
(36,43), 0, 1
(36,45), 0, 1
(36,55), 0, 1
(36,58), 0, 1
(36,59), 0, 1
(36,61), 0, 1
(36,65), 0, 1
(36,66), 0, 1
(36,79), 0, 1
(36,87), 0, 1
(36,90), 0, 1
(36,91), 0, 1
(36,97), 0, 1
(36,98), 0, 1
(37,12), 0, 1
(37,19), 0, 1
(37,21), 0, 1
(37,49), 0, 1
(37,54), 0, 1
(37,59), 0, 1
(37,63), 0, 1
(37,84), 0, 1
(37,85), 0, 1
(37,87), 0, 1
(37,92), 0, 1
(38,8), 0, 1
(38,15), 0, 1
(38,16), 0, 1
(38,17), 0, 1
(38,22), 0, 1
(38,25), 0, 1
(38,26), 0, 1
(38,34), 0, 1
(38,39), 0, 1
(38,40), 0, 1
(38,41), 0, 1
(38,42), 0, 1
(38,43), 0, 1
(38,45), 0, 1
(38,55), 0, 1
(38,58), 0, 1
(38,59), 0, 1
(38,61), 0, 1
(38,65), 0, 1
(38,71), 0, 1
(38,79), 0, 1
(38,87), 0, 1
(38,90), 0, 1
(38,91), 0, 1
(38,97), 0, 1
(38,98), 0, 1
(39,8), 0, 1
(39,9), 0, 1
(39,15), 0, 1
(39,17), 0, 1
(39,22), 0, 1
(39,25), 0, 1
(39,26), 0, 1
(39,34), 0, 1
(39,40), 0, 1
(39,42), 0, 1
(39,43), 0, 1
(39,45), 0, 1
(39,55), 0, 1
(39,58), 0, 1
(39,59), 0, 1
(39,61), 0, 1
(39,71), 0, 1
(39,79), 0, 1
(39,87), 0, 1
(39,90), 0, 1
(39,91), 0, 1
(39,97), 0, 1
(39,98), 0, 1
(40,0), 0, 1
(40,8), 0, 1
(40,9), 0, 1
(40,15), 0, 1
(40,17), 0, 1
(40,22), 0, 1
(40,25), 0, 1
(40,26), 0, 1
(40,34), 0, 1
(40,39), 0, 1
(40,41), 0, 1
(40,42), 0, 1
(40,43), 0, 1
(40,45), 0, 1
(40,55), 0, 1
(40,56), 0, 1
(40,58), 0, 1
(40,59), 0, 1
(40,61), 0, 1
(40,65), 0, 1
(40,71), 0, 1
(40,78), 0, 1
(40,79), 0, 1
(40,87), 0, 1
(40,90), 0, 1
(40,91), 0, 1
(40,97), 0, 1
(40,98), 0, 1
(41,6), 0, 1
(41,12), 0, 1
(41,18), 0, 1
(41,19), 0, 1
(41,21), 0, 1
(41,23), 0, 1
(41,32), 0, 1
(41,54), 0, 1
(41,59), 0, 1
(41,84), 0, 1
(41,85), 0, 1
(41,92), 0, 1
(42,1), 0, 1
(42,3), 0, 1
(42,4), 0, 1
(42,5), 0, 1
(42,6), 0, 1
(42,7), 0, 1
(42,8), 0, 1
(42,9), 0, 1
(42,10), 0, 1
(42,11), 0, 1
(42,12), 0, 1
(42,13), 0, 1
(42,15), 0, 1
(42,17), 0, 1
(42,18), 0, 1
(42,19), 0, 1
(42,23), 0, 1
(42,24), 0, 1
(42,25), 0, 1
(42,26), 0, 1
(42,27), 0, 1
(42,28), 0, 1
(42,29), 0, 1
(42,31), 0, 1
(42,32), 0, 1
(42,33), 0, 1
(42,34), 0, 1
(42,35), 0, 1
(42,36), 0, 1
(42,37), 0, 1
(42,38), 0, 1
(42,39), 0, 1
(42,40), 0, 1
(42,41), 0, 1
(42,43), 0, 1
(42,44), 0, 1
(42,45), 0, 1
(42,46), 0, 1
(42,47), 0, 1
(42,48), 0, 1
(42,50), 0, 1
(42,51), 0, 1
(42,52), 0, 1
(42,53), 0, 1
(42,54), 0, 1
(42,55), 0, 1
(42,57), 0, 1
(42,58), 0, 1
(42,59), 0, 1
(42,60), 0, 1
(42,61), 0, 1
(42,62), 0, 1
(42,63), 0, 1
(42,64), 0, 1
(42,65), 0, 1
(42,67), 0, 1
(42,68), 0, 1
(42,69), 0, 1
(42,70), 0, 1
(42,71), 0, 1
(42,75), 0, 1
(42,76), 0, 1
(42,80), 0, 1
(42,81), 0, 1
(42,82), 0, 1
(42,83), 0, 1
(42,84), 0, 1
(42,85), 0, 1
(42,86), 0, 1
(42,87), 0, 1
(42,88), 0, 1
(42,89), 0, 1
(42,90), 0, 1
(42,92), 0, 1
(42,94), 0, 1
(42,95), 0, 1
(42,97), 0, 1
(42,98), 0, 1
(43,2), 0, 1
(43,8), 0, 1
(43,17), 0, 1
(43,25), 0, 1
(43,34), 0, 1
(43,39), 0, 1
(43,40), 0, 1
(43,41), 0, 1
(43,42), 0, 1
(43,45), 0, 1
(43,55), 0, 1
(43,58), 0, 1
(43,59), 0, 1
(43,61), 0, 1
(43,65), 0, 1
(43,71), 0, 1
(43,79), 0, 1
(43,87), 0, 1
(43,90), 0, 1
(43,91), 0, 1
(43,97), 0, 1
(43,98), 0, 1
(44,87), 0, 1
(45,59), 0, 1
(45,87), 0, 1
(46,6), 0, 1
(46,12), 0, 1
(46,18), 0, 1
(46,19), 0, 1
(46,21), 0, 1
(46,23), 0, 1
(46,32), 0, 1
(46,49), 0, 1
(46,54), 0, 1
(46,59), 0, 1
(46,63), 0, 1
(46,84), 0, 1
(46,85), 0, 1
(46,87), 0, 1
(46,92), 0, 1
(47,6), 0, 1
(47,12), 0, 1
(47,21), 0, 1
(47,23), 0, 1
(47,49), 0, 1
(47,54), 0, 1
(47,59), 0, 1
(47,84), 0, 1
(47,85), 0, 1
(47,87), 0, 1
(47,92), 0, 1
(48,8), 0, 1
(48,15), 0, 1
(48,17), 0, 1
(48,22), 0, 1
(48,25), 0, 1
(48,26), 0, 1
(48,34), 0, 1
(48,39), 0, 1
(48,40), 0, 1
(48,41), 0, 1
(48,42), 0, 1
(48,43), 0, 1
(48,45), 0, 1
(48,55), 0, 1
(48,58), 0, 1
(48,59), 0, 1
(48,61), 0, 1
(48,65), 0, 1
(48,71), 0, 1
(48,79), 0, 1
(48,87), 0, 1
(48,90), 0, 1
(48,91), 0, 1
(48,97), 0, 1
(48,98), 0, 1
(49,1), 0, 1
(49,3), 0, 1
(49,5), 0, 1
(49,6), 0, 1
(49,7), 0, 1
(49,8), 0, 1
(49,9), 0, 1
(49,10), 0, 1
(49,12), 0, 1
(49,13), 0, 1
(49,15), 0, 1
(49,17), 0, 1
(49,19), 0, 1
(49,21), 0, 1
(49,23), 0, 1
(49,25), 0, 1
(49,26), 0, 1
(49,27), 0, 1
(49,29), 0, 1
(49,33), 0, 1
(49,34), 0, 1
(49,35), 0, 1
(49,37), 0, 1
(49,38), 0, 1
(49,39), 0, 1
(49,40), 0, 1
(49,41), 0, 1
(49,42), 0, 1
(49,43), 0, 1
(49,44), 0, 1
(49,45), 0, 1
(49,46), 0, 1
(49,47), 0, 1
(49,48), 0, 1
(49,50), 0, 1
(49,51), 0, 1
(49,52), 0, 1
(49,53), 0, 1
(49,54), 0, 1
(49,55), 0, 1
(49,57), 0, 1
(49,58), 0, 1
(49,59), 0, 1
(49,60), 0, 1
(49,61), 0, 1
(49,62), 0, 1
(49,63), 0, 1
(49,64), 0, 1
(49,65), 0, 1
(49,68), 0, 1
(49,71), 0, 1
(49,75), 0, 1
(49,76), 0, 1
(49,79), 0, 1
(49,80), 0, 1
(49,81), 0, 1
(49,84), 0, 1
(49,85), 0, 1
(49,86), 0, 1
(49,87), 0, 1
(49,88), 0, 1
(49,89), 0, 1
(49,90), 0, 1
(49,91), 0, 1
(49,96), 0, 1
(49,97), 0, 1
(49,98), 0, 1
(50,8), 0, 1
(50,9), 0, 1
(50,15), 0, 1
(50,17), 0, 1
(50,22), 0, 1
(50,25), 0, 1
(50,26), 0, 1
(50,34), 0, 1
(50,39), 0, 1
(50,41), 0, 1
(50,43), 0, 1
(50,45), 0, 1
(50,55), 0, 1
(50,58), 0, 1
(50,59), 0, 1
(50,61), 0, 1
(50,65), 0, 1
(50,71), 0, 1
(50,79), 0, 1
(50,87), 0, 1
(50,90), 0, 1
(50,91), 0, 1
(50,97), 0, 1
(50,98), 0, 1
(51,8), 0, 1
(51,9), 0, 1
(51,15), 0, 1
(51,17), 0, 1
(51,25), 0, 1
(51,26), 0, 1
(51,34), 0, 1
(51,39), 0, 1
(51,40), 0, 1
(51,41), 0, 1
(51,43), 0, 1
(51,45), 0, 1
(51,55), 0, 1
(51,58), 0, 1
(51,59), 0, 1
(51,61), 0, 1
(51,79), 0, 1
(51,87), 0, 1
(51,90), 0, 1
(51,91), 0, 1
(51,98), 0, 1
(52,8), 0, 1
(52,9), 0, 1
(52,15), 0, 1
(52,17), 0, 1
(52,22), 0, 1
(52,25), 0, 1
(52,26), 0, 1
(52,34), 0, 1
(52,39), 0, 1
(52,40), 0, 1
(52,41), 0, 1
(52,42), 0, 1
(52,43), 0, 1
(52,55), 0, 1
(52,58), 0, 1
(52,61), 0, 1
(52,65), 0, 1
(52,79), 0, 1
(52,87), 0, 1
(52,90), 0, 1
(52,91), 0, 1
(52,97), 0, 1
(52,98), 0, 1
(53,8), 0, 1
(53,15), 0, 1
(53,17), 0, 1
(53,22), 0, 1
(53,25), 0, 1
(53,26), 0, 1
(53,34), 0, 1
(53,39), 0, 1
(53,40), 0, 1
(53,41), 0, 1
(53,42), 0, 1
(53,55), 0, 1
(53,58), 0, 1
(53,59), 0, 1
(53,61), 0, 1
(53,71), 0, 1
(53,78), 0, 1
(53,79), 0, 1
(53,87), 0, 1
(53,90), 0, 1
(53,91), 0, 1
(53,97), 0, 1
(53,98), 0, 1
(54,8), 0, 1
(54,9), 0, 1
(54,15), 0, 1
(54,17), 0, 1
(54,22), 0, 1
(54,25), 0, 1
(54,26), 0, 1
(54,34), 0, 1
(54,39), 0, 1
(54,40), 0, 1
(54,41), 0, 1
(54,42), 0, 1
(54,45), 0, 1
(54,55), 0, 1
(54,58), 0, 1
(54,59), 0, 1
(54,61), 0, 1
(54,65), 0, 1
(54,66), 0, 1
(54,71), 0, 1
(54,79), 0, 1
(54,87), 0, 1
(54,91), 0, 1
(54,97), 0, 1
(54,98), 0, 1
(55,59), 0, 1
(55,87), 0, 1
(56,1), 0, 1
(56,4), 0, 1
(56,5), 0, 1
(56,6), 0, 1
(56,8), 0, 1
(56,9), 0, 1
(56,10), 0, 1
(56,11), 0, 1
(56,12), 0, 1
(56,13), 0, 1
(56,15), 0, 1
(56,17), 0, 1
(56,19), 0, 1
(56,21), 0, 1
(56,23), 0, 1
(56,24), 0, 1
(56,25), 0, 1
(56,26), 0, 1
(56,27), 0, 1
(56,28), 0, 1
(56,29), 0, 1
(56,31), 0, 1
(56,32), 0, 1
(56,33), 0, 1
(56,34), 0, 1
(56,35), 0, 1
(56,36), 0, 1
(56,37), 0, 1
(56,38), 0, 1
(56,39), 0, 1
(56,40), 0, 1
(56,41), 0, 1
(56,42), 0, 1
(56,43), 0, 1
(56,44), 0, 1
(56,46), 0, 1
(56,47), 0, 1
(56,48), 0, 1
(56,49), 0, 1
(56,50), 0, 1
(56,51), 0, 1
(56,52), 0, 1
(56,53), 0, 1
(56,54), 0, 1
(56,55), 0, 1
(56,57), 0, 1
(56,58), 0, 1
(56,59), 0, 1
(56,60), 0, 1
(56,62), 0, 1
(56,63), 0, 1
(56,64), 0, 1
(56,65), 0, 1
(56,69), 0, 1
(56,71), 0, 1
(56,76), 0, 1
(56,79), 0, 1
(56,80), 0, 1
(56,81), 0, 1
(56,82), 0, 1
(56,83), 0, 1
(56,84), 0, 1
(56,86), 0, 1
(56,87), 0, 1
(56,88), 0, 1
(56,89), 0, 1
(56,90), 0, 1
(56,91), 0, 1
(56,92), 0, 1
(56,94), 0, 1
(56,95), 0, 1
(56,96), 0, 1
(56,97), 0, 1
(56,98), 0, 1
(57,3), 0, 1
(57,8), 0, 1
(57,14), 0, 1
(57,15), 0, 1
(57,17), 0, 1
(57,25), 0, 1
(57,26), 0, 1
(57,34), 0, 1
(57,39), 0, 1
(57,40), 0, 1
(57,41), 0, 1
(57,42), 0, 1
(57,43), 0, 1
(57,55), 0, 1
(57,56), 0, 1
(57,58), 0, 1
(57,59), 0, 1
(57,61), 0, 1
(57,65), 0, 1
(57,79), 0, 1
(57,87), 0, 1
(57,91), 0, 1
(57,97), 0, 1
(57,98), 0, 1
(58,6), 0, 1
(58,12), 0, 1
(58,18), 0, 1
(58,19), 0, 1
(58,21), 0, 1
(58,23), 0, 1
(58,32), 0, 1
(58,49), 0, 1
(58,54), 0, 1
(58,59), 0, 1
(58,63), 0, 1
(58,84), 0, 1
(58,85), 0, 1
(58,87), 0, 1
(58,92), 0, 1
(59,2), 0, 1
(59,15), 0, 1
(59,22), 0, 1
(59,25), 0, 1
(59,26), 0, 1
(59,39), 0, 1
(59,40), 0, 1
(59,41), 0, 1
(59,42), 0, 1
(59,43), 0, 1
(59,58), 0, 1
(59,61), 0, 1
(59,65), 0, 1
(59,67), 0, 1
(59,71), 0, 1
(59,72), 0, 1
(59,79), 0, 1
(59,87), 0, 1
(59,90), 0, 1
(59,91), 0, 1
(59,97), 0, 1
(59,98), 0, 1
(60,12), 0, 1
(60,18), 0, 1
(60,19), 0, 1
(60,21), 0, 1
(60,23), 0, 1
(60,54), 0, 1
(60,59), 0, 1
(60,63), 0, 1
(60,84), 0, 1
(60,85), 0, 1
(60,87), 0, 1
(60,92), 0, 1
(61,6), 0, 1
(61,12), 0, 1
(61,18), 0, 1
(61,19), 0, 1
(61,21), 0, 1
(61,23), 0, 1
(61,30), 0, 1
(61,49), 0, 1
(61,59), 0, 1
(61,63), 0, 1
(61,84), 0, 1
(61,87), 0, 1
(62,87), 0, 1
(63,59), 0, 1
(63,87), 0, 1
(64,8), 0, 1
(64,15), 0, 1
(64,17), 0, 1
(64,22), 0, 1
(64,25), 0, 1
(64,26), 0, 1
(64,34), 0, 1
(64,39), 0, 1
(64,40), 0, 1
(64,41), 0, 1
(64,43), 0, 1
(64,45), 0, 1
(64,55), 0, 1
(64,58), 0, 1
(64,59), 0, 1
(64,61), 0, 1
(64,71), 0, 1
(64,78), 0, 1
(64,79), 0, 1
(64,87), 0, 1
(64,90), 0, 1
(64,91), 0, 1
(64,97), 0, 1
(64,98), 0, 1
(65,12), 0, 1
(65,18), 0, 1
(65,19), 0, 1
(65,21), 0, 1
(65,32), 0, 1
(65,49), 0, 1
(65,54), 0, 1
(65,59), 0, 1
(65,63), 0, 1
(65,84), 0, 1
(65,85), 0, 1
(65,87), 0, 1
(65,92), 0, 1
(66,2), 0, 1
(66,8), 0, 1
(66,9), 0, 1
(66,15), 0, 1
(66,17), 0, 1
(66,20), 0, 1
(66,22), 0, 1
(66,25), 0, 1
(66,26), 0, 1
(66,34), 0, 1
(66,39), 0, 1
(66,40), 0, 1
(66,41), 0, 1
(66,42), 0, 1
(66,45), 0, 1
(66,58), 0, 1
(66,61), 0, 1
(66,72), 0, 1
(66,79), 0, 1
(66,87), 0, 1
(66,90), 0, 1
(66,91), 0, 1
(66,97), 0, 1
(66,98), 0, 1
(67,6), 0, 1
(67,12), 0, 1
(67,18), 0, 1
(67,19), 0, 1
(67,21), 0, 1
(67,23), 0, 1
(67,30), 0, 1
(67,54), 0, 1
(67,63), 0, 1
(67,84), 0, 1
(67,85), 0, 1
(67,87), 0, 1
(68,6), 0, 1
(68,18), 0, 1
(68,19), 0, 1
(68,21), 0, 1
(68,23), 0, 1
(68,49), 0, 1
(68,59), 0, 1
(68,63), 0, 1
(68,66), 0, 1
(68,84), 0, 1
(68,87), 0, 1
(68,92), 0, 1
(69,8), 0, 1
(69,9), 0, 1
(69,15), 0, 1
(69,16), 0, 1
(69,17), 0, 1
(69,22), 0, 1
(69,25), 0, 1
(69,34), 0, 1
(69,39), 0, 1
(69,40), 0, 1
(69,41), 0, 1
(69,42), 0, 1
(69,43), 0, 1
(69,45), 0, 1
(69,55), 0, 1
(69,58), 0, 1
(69,59), 0, 1
(69,61), 0, 1
(69,71), 0, 1
(69,79), 0, 1
(69,87), 0, 1
(69,90), 0, 1
(69,91), 0, 1
(69,97), 0, 1
(69,98), 0, 1
(70,8), 0, 1
(70,9), 0, 1
(70,15), 0, 1
(70,17), 0, 1
(70,25), 0, 1
(70,26), 0, 1
(70,34), 0, 1
(70,39), 0, 1
(70,41), 0, 1
(70,42), 0, 1
(70,43), 0, 1
(70,55), 0, 1
(70,58), 0, 1
(70,59), 0, 1
(70,61), 0, 1
(70,65), 0, 1
(70,71), 0, 1
(70,79), 0, 1
(70,87), 0, 1
(70,90), 0, 1
(70,91), 0, 1
(70,97), 0, 1
(70,98), 0, 1
(71,6), 0, 1
(71,12), 0, 1
(71,19), 0, 1
(71,21), 0, 1
(71,23), 0, 1
(71,32), 0, 1
(71,54), 0, 1
(71,59), 0, 1
(71,63), 0, 1
(71,84), 0, 1
(71,87), 0, 1
(71,92), 0, 1
(72,87), 0, 1
(73,1), 0, 1
(73,4), 0, 1
(73,5), 0, 1
(73,6), 0, 1
(73,7), 0, 1
(73,8), 0, 1
(73,10), 0, 1
(73,11), 0, 1
(73,12), 0, 1
(73,13), 0, 1
(73,15), 0, 1
(73,17), 0, 1
(73,18), 0, 1
(73,19), 0, 1
(73,21), 0, 1
(73,22), 0, 1
(73,23), 0, 1
(73,24), 0, 1
(73,25), 0, 1
(73,26), 0, 1
(73,27), 0, 1
(73,28), 0, 1
(73,29), 0, 1
(73,32), 0, 1
(73,33), 0, 1
(73,34), 0, 1
(73,35), 0, 1
(73,37), 0, 1
(73,38), 0, 1
(73,39), 0, 1
(73,41), 0, 1
(73,42), 0, 1
(73,44), 0, 1
(73,45), 0, 1
(73,46), 0, 1
(73,48), 0, 1
(73,49), 0, 1
(73,50), 0, 1
(73,51), 0, 1
(73,52), 0, 1
(73,53), 0, 1
(73,54), 0, 1
(73,55), 0, 1
(73,57), 0, 1
(73,58), 0, 1
(73,59), 0, 1
(73,60), 0, 1
(73,61), 0, 1
(73,62), 0, 1
(73,63), 0, 1
(73,64), 0, 1
(73,65), 0, 1
(73,69), 0, 1
(73,71), 0, 1
(73,72), 0, 1
(73,75), 0, 1
(73,76), 0, 1
(73,79), 0, 1
(73,80), 0, 1
(73,81), 0, 1
(73,82), 0, 1
(73,84), 0, 1
(73,85), 0, 1
(73,86), 0, 1
(73,87), 0, 1
(73,88), 0, 1
(73,89), 0, 1
(73,90), 0, 1
(73,91), 0, 1
(73,92), 0, 1
(73,94), 0, 1
(73,95), 0, 1
(73,96), 0, 1
(73,97), 0, 1
(74,6), 0, 1
(74,12), 0, 1
(74,19), 0, 1
(74,21), 0, 1
(74,23), 0, 1
(74,54), 0, 1
(74,63), 0, 1
(74,84), 0, 1
(74,85), 0, 1
(74,87), 0, 1
(74,92), 0, 1
(75,0), 0, 1
(75,8), 0, 1
(75,9), 0, 1
(75,15), 0, 1
(75,17), 0, 1
(75,26), 0, 1
(75,34), 0, 1
(75,39), 0, 1
(75,40), 0, 1
(75,41), 0, 1
(75,42), 0, 1
(75,45), 0, 1
(75,55), 0, 1
(75,58), 0, 1
(75,59), 0, 1
(75,61), 0, 1
(75,65), 0, 1
(75,67), 0, 1
(75,71), 0, 1
(75,79), 0, 1
(75,87), 0, 1
(75,90), 0, 1
(75,91), 0, 1
(75,97), 0, 1
(75,98), 0, 1
(76,15), 0, 1
(76,17), 0, 1
(76,22), 0, 1
(76,25), 0, 1
(76,34), 0, 1
(76,40), 0, 1
(76,41), 0, 1
(76,42), 0, 1
(76,43), 0, 1
(76,45), 0, 1
(76,55), 0, 1
(76,58), 0, 1
(76,61), 0, 1
(76,65), 0, 1
(76,72), 0, 1
(76,79), 0, 1
(76,87), 0, 1
(76,90), 0, 1
(76,91), 0, 1
(76,97), 0, 1
(76,98), 0, 1
(77,3), 0, 1
(77,4), 0, 1
(77,5), 0, 1
(77,6), 0, 1
(77,8), 0, 1
(77,9), 0, 1
(77,10), 0, 1
(77,11), 0, 1
(77,12), 0, 1
(77,13), 0, 1
(77,15), 0, 1
(77,17), 0, 1
(77,18), 0, 1
(77,19), 0, 1
(77,21), 0, 1
(77,22), 0, 1
(77,23), 0, 1
(77,25), 0, 1
(77,26), 0, 1
(77,27), 0, 1
(77,28), 0, 1
(77,29), 0, 1
(77,31), 0, 1
(77,33), 0, 1
(77,34), 0, 1
(77,35), 0, 1
(77,36), 0, 1
(77,37), 0, 1
(77,38), 0, 1
(77,39), 0, 1
(77,40), 0, 1
(77,41), 0, 1
(77,42), 0, 1
(77,44), 0, 1
(77,45), 0, 1
(77,46), 0, 1
(77,48), 0, 1
(77,49), 0, 1
(77,50), 0, 1
(77,51), 0, 1
(77,52), 0, 1
(77,53), 0, 1
(77,54), 0, 1
(77,55), 0, 1
(77,57), 0, 1
(77,58), 0, 1
(77,60), 0, 1
(77,61), 0, 1
(77,62), 0, 1
(77,63), 0, 1
(77,64), 0, 1
(77,65), 0, 1
(77,67), 0, 1
(77,69), 0, 1
(77,71), 0, 1
(77,72), 0, 1
(77,75), 0, 1
(77,76), 0, 1
(77,79), 0, 1
(77,80), 0, 1
(77,81), 0, 1
(77,82), 0, 1
(77,83), 0, 1
(77,84), 0, 1
(77,85), 0, 1
(77,86), 0, 1
(77,87), 0, 1
(77,88), 0, 1
(77,89), 0, 1
(77,90), 0, 1
(77,91), 0, 1
(77,92), 0, 1
(77,94), 0, 1
(77,96), 0, 1
(77,97), 0, 1
(77,98), 0, 1
(78,2), 0, 1
(78,4), 0, 1
(78,5), 0, 1
(78,6), 0, 1
(78,7), 0, 1
(78,8), 0, 1
(78,9), 0, 1
(78,10), 0, 1
(78,11), 0, 1
(78,12), 0, 1
(78,13), 0, 1
(78,15), 0, 1
(78,17), 0, 1
(78,18), 0, 1
(78,19), 0, 1
(78,21), 0, 1
(78,23), 0, 1
(78,24), 0, 1
(78,25), 0, 1
(78,26), 0, 1
(78,27), 0, 1
(78,29), 0, 1
(78,31), 0, 1
(78,32), 0, 1
(78,33), 0, 1
(78,34), 0, 1
(78,35), 0, 1
(78,36), 0, 1
(78,37), 0, 1
(78,38), 0, 1
(78,39), 0, 1
(78,40), 0, 1
(78,41), 0, 1
(78,42), 0, 1
(78,43), 0, 1
(78,44), 0, 1
(78,46), 0, 1
(78,47), 0, 1
(78,48), 0, 1
(78,50), 0, 1
(78,51), 0, 1
(78,52), 0, 1
(78,53), 0, 1
(78,54), 0, 1
(78,55), 0, 1
(78,57), 0, 1
(78,58), 0, 1
(78,59), 0, 1
(78,60), 0, 1
(78,61), 0, 1
(78,62), 0, 1
(78,64), 0, 1
(78,65), 0, 1
(78,66), 0, 1
(78,69), 0, 1
(78,75), 0, 1
(78,76), 0, 1
(78,79), 0, 1
(78,80), 0, 1
(78,81), 0, 1
(78,82), 0, 1
(78,83), 0, 1
(78,84), 0, 1
(78,85), 0, 1
(78,86), 0, 1
(78,87), 0, 1
(78,89), 0, 1
(78,90), 0, 1
(78,91), 0, 1
(78,92), 0, 1
(78,94), 0, 1
(78,95), 0, 1
(78,96), 0, 1
(78,97), 0, 1
(78,98), 0, 1
(79,87), 0, 1
(80,6), 0, 1
(80,18), 0, 1
(80,19), 0, 1
(80,21), 0, 1
(80,23), 0, 1
(80,49), 0, 1
(80,59), 0, 1
(80,63), 0, 1
(80,66), 0, 1
(80,84), 0, 1
(80,85), 0, 1
(80,87), 0, 1
(80,92), 0, 1
(81,8), 0, 1
(81,15), 0, 1
(81,17), 0, 1
(81,22), 0, 1
(81,25), 0, 1
(81,26), 0, 1
(81,34), 0, 1
(81,40), 0, 1
(81,41), 0, 1
(81,42), 0, 1
(81,45), 0, 1
(81,55), 0, 1
(81,58), 0, 1
(81,61), 0, 1
(81,65), 0, 1
(81,71), 0, 1
(81,79), 0, 1
(81,87), 0, 1
(81,90), 0, 1
(81,91), 0, 1
(81,97), 0, 1
(81,98), 0, 1
(82,59), 0, 1
(82,87), 0, 1
(83,6), 0, 1
(83,12), 0, 1
(83,19), 0, 1
(83,21), 0, 1
(83,30), 0, 1
(83,32), 0, 1
(83,49), 0, 1
(83,59), 0, 1
(83,63), 0, 1
(83,84), 0, 1
(83,85), 0, 1
(83,87), 0, 1
(83,92), 0, 1
(84,3), 0, 1
(84,8), 0, 1
(84,9), 0, 1
(84,15), 0, 1
(84,25), 0, 1
(84,34), 0, 1
(84,40), 0, 1
(84,41), 0, 1
(84,42), 0, 1
(84,43), 0, 1
(84,45), 0, 1
(84,55), 0, 1
(84,58), 0, 1
(84,61), 0, 1
(84,71), 0, 1
(84,79), 0, 1
(84,87), 0, 1
(84,90), 0, 1
(84,91), 0, 1
(84,97), 0, 1
(84,98), 0, 1
(85,8), 0, 1
(85,15), 0, 1
(85,17), 0, 1
(85,25), 0, 1
(85,26), 0, 1
(85,39), 0, 1
(85,40), 0, 1
(85,41), 0, 1
(85,42), 0, 1
(85,43), 0, 1
(85,45), 0, 1
(85,55), 0, 1
(85,58), 0, 1
(85,59), 0, 1
(85,61), 0, 1
(85,65), 0, 1
(85,71), 0, 1
(85,79), 0, 1
(85,87), 0, 1
(85,90), 0, 1
(85,91), 0, 1
(85,97), 0, 1
(85,98), 0, 1
(86,8), 0, 1
(86,9), 0, 1
(86,15), 0, 1
(86,17), 0, 1
(86,22), 0, 1
(86,25), 0, 1
(86,26), 0, 1
(86,34), 0, 1
(86,39), 0, 1
(86,40), 0, 1
(86,41), 0, 1
(86,42), 0, 1
(86,43), 0, 1
(86,55), 0, 1
(86,58), 0, 1
(86,61), 0, 1
(86,71), 0, 1
(86,72), 0, 1
(86,79), 0, 1
(86,87), 0, 1
(86,90), 0, 1
(86,91), 0, 1
(86,97), 0, 1
(86,98), 0, 1
(87,1), 0, 1
(87,4), 0, 1
(87,5), 0, 1
(87,6), 0, 1
(87,7), 0, 1
(87,8), 0, 1
(87,9), 0, 1
(87,10), 0, 1
(87,11), 0, 1
(87,12), 0, 1
(87,13), 0, 1
(87,15), 0, 1
(87,17), 0, 1
(87,18), 0, 1
(87,19), 0, 1
(87,21), 0, 1
(87,23), 0, 1
(87,25), 0, 1
(87,27), 0, 1
(87,28), 0, 1
(87,29), 0, 1
(87,32), 0, 1
(87,33), 0, 1
(87,34), 0, 1
(87,35), 0, 1
(87,36), 0, 1
(87,37), 0, 1
(87,38), 0, 1
(87,39), 0, 1
(87,40), 0, 1
(87,41), 0, 1
(87,42), 0, 1
(87,44), 0, 1
(87,46), 0, 1
(87,47), 0, 1
(87,48), 0, 1
(87,49), 0, 1
(87,50), 0, 1
(87,51), 0, 1
(87,52), 0, 1
(87,53), 0, 1
(87,54), 0, 1
(87,55), 0, 1
(87,57), 0, 1
(87,58), 0, 1
(87,59), 0, 1
(87,60), 0, 1
(87,61), 0, 1
(87,62), 0, 1
(87,63), 0, 1
(87,64), 0, 1
(87,65), 0, 1
(87,68), 0, 1
(87,69), 0, 1
(87,70), 0, 1
(87,71), 0, 1
(87,74), 0, 1
(87,76), 0, 1
(87,78), 0, 1
(87,79), 0, 1
(87,80), 0, 1
(87,82), 0, 1
(87,83), 0, 1
(87,85), 0, 1
(87,86), 0, 1
(87,88), 0, 1
(87,89), 0, 1
(87,90), 0, 1
(87,91), 0, 1
(87,94), 0, 1
(87,95), 0, 1
(87,96), 0, 1
(87,97), 0, 1
(87,98), 0, 1
(88,3), 0, 1
(88,8), 0, 1
(88,14), 0, 1
(88,15), 0, 1
(88,20), 0, 1
(88,25), 0, 1
(88,26), 0, 1
(88,34), 0, 1
(88,39), 0, 1
(88,40), 0, 1
(88,41), 0, 1
(88,42), 0, 1
(88,55), 0, 1
(88,58), 0, 1
(88,61), 0, 1
(88,65), 0, 1
(88,71), 0, 1
(88,87), 0, 1
(88,90), 0, 1
(88,91), 0, 1
(88,97), 0, 1
(88,98), 0, 1
(89,8), 0, 1
(89,9), 0, 1
(89,14), 0, 1
(89,15), 0, 1
(89,20), 0, 1
(89,25), 0, 1
(89,34), 0, 1
(89,39), 0, 1
(89,40), 0, 1
(89,41), 0, 1
(89,42), 0, 1
(89,55), 0, 1
(89,58), 0, 1
(89,61), 0, 1
(89,65), 0, 1
(89,71), 0, 1
(89,79), 0, 1
(89,87), 0, 1
(89,91), 0, 1
(89,97), 0, 1
(89,98), 0, 1
(90,1), 0, 1
(90,2), 0, 1
(90,4), 0, 1
(90,5), 0, 1
(90,6), 0, 1
(90,7), 0, 1
(90,8), 0, 1
(90,9), 0, 1
(90,10), 0, 1
(90,11), 0, 1
(90,12), 0, 1
(90,13), 0, 1
(90,15), 0, 1
(90,17), 0, 1
(90,18), 0, 1
(90,19), 0, 1
(90,21), 0, 1
(90,23), 0, 1
(90,24), 0, 1
(90,25), 0, 1
(90,26), 0, 1
(90,27), 0, 1
(90,28), 0, 1
(90,29), 0, 1
(90,32), 0, 1
(90,33), 0, 1
(90,34), 0, 1
(90,35), 0, 1
(90,36), 0, 1
(90,37), 0, 1
(90,38), 0, 1
(90,39), 0, 1
(90,40), 0, 1
(90,41), 0, 1
(90,42), 0, 1
(90,43), 0, 1
(90,44), 0, 1
(90,45), 0, 1
(90,46), 0, 1
(90,47), 0, 1
(90,49), 0, 1
(90,50), 0, 1
(90,52), 0, 1
(90,53), 0, 1
(90,54), 0, 1
(90,55), 0, 1
(90,57), 0, 1
(90,58), 0, 1
(90,60), 0, 1
(90,63), 0, 1
(90,65), 0, 1
(90,68), 0, 1
(90,69), 0, 1
(90,75), 0, 1
(90,76), 0, 1
(90,79), 0, 1
(90,80), 0, 1
(90,81), 0, 1
(90,82), 0, 1
(90,83), 0, 1
(90,84), 0, 1
(90,85), 0, 1
(90,86), 0, 1
(90,87), 0, 1
(90,89), 0, 1
(90,91), 0, 1
(90,92), 0, 1
(90,94), 0, 1
(90,95), 0, 1
(90,96), 0, 1
(90,97), 0, 1
(90,98), 0, 1
(91,59), 0, 1
(91,87), 0, 1
(92,0), 0, 1
(92,8), 0, 1
(92,15), 0, 1
(92,17), 0, 1
(92,22), 0, 1
(92,25), 0, 1
(92,34), 0, 1
(92,39), 0, 1
(92,40), 0, 1
(92,41), 0, 1
(92,42), 0, 1
(92,43), 0, 1
(92,45), 0, 1
(92,55), 0, 1
(92,56), 0, 1
(92,58), 0, 1
(92,59), 0, 1
(92,61), 0, 1
(92,65), 0, 1
(92,66), 0, 1
(92,79), 0, 1
(92,90), 0, 1
(92,97), 0, 1
(92,98), 0, 1
(93,0), 0, 1
(93,8), 0, 1
(93,15), 0, 1
(93,17), 0, 1
(93,22), 0, 1
(93,25), 0, 1
(93,34), 0, 1
(93,39), 0, 1
(93,40), 0, 1
(93,41), 0, 1
(93,42), 0, 1
(93,43), 0, 1
(93,45), 0, 1
(93,55), 0, 1
(93,58), 0, 1
(93,59), 0, 1
(93,61), 0, 1
(93,65), 0, 1
(93,66), 0, 1
(93,71), 0, 1
(93,78), 0, 1
(93,79), 0, 1
(93,87), 0, 1
(93,90), 0, 1
(93,91), 0, 1
(93,97), 0, 1
(93,98), 0, 1
(94,8), 0, 1
(94,9), 0, 1
(94,15), 0, 1
(94,16), 0, 1
(94,17), 0, 1
(94,22), 0, 1
(94,25), 0, 1
(94,26), 0, 1
(94,34), 0, 1
(94,39), 0, 1
(94,40), 0, 1
(94,41), 0, 1
(94,42), 0, 1
(94,43), 0, 1
(94,45), 0, 1
(94,55), 0, 1
(94,58), 0, 1
(94,59), 0, 1
(94,61), 0, 1
(94,65), 0, 1
(94,79), 0, 1
(94,87), 0, 1
(94,90), 0, 1
(94,91), 0, 1
(94,97), 0, 1
(94,98), 0, 1
(95,9), 0, 1
(95,15), 0, 1
(95,17), 0, 1
(95,22), 0, 1
(95,25), 0, 1
(95,26), 0, 1
(95,34), 0, 1
(95,39), 0, 1
(95,40), 0, 1
(95,41), 0, 1
(95,42), 0, 1
(95,43), 0, 1
(95,45), 0, 1
(95,58), 0, 1
(95,59), 0, 1
(95,61), 0, 1
(95,65), 0, 1
(95,71), 0, 1
(95,72), 0, 1
(95,79), 0, 1
(95,87), 0, 1
(95,91), 0, 1
(95,97), 0, 1
(95,98), 0, 1
(96,8), 0, 1
(96,9), 0, 1
(96,17), 0, 1
(96,20), 0, 1
(96,22), 0, 1
(96,25), 0, 1
(96,34), 0, 1
(96,39), 0, 1
(96,40), 0, 1
(96,41), 0, 1
(96,42), 0, 1
(96,43), 0, 1
(96,45), 0, 1
(96,55), 0, 1
(96,58), 0, 1
(96,59), 0, 1
(96,61), 0, 1
(96,65), 0, 1
(96,71), 0, 1
(96,79), 0, 1
(96,87), 0, 1
(96,90), 0, 1
(96,91), 0, 1
(96,97), 0, 1
(96,98), 0, 1
(97,6), 0, 1
(97,12), 0, 1
(97,18), 0, 1
(97,19), 0, 1
(97,21), 0, 1
(97,23), 0, 1
(97,32), 0, 1
(97,49), 0, 1
(97,54), 0, 1
(97,59), 0, 1
(97,63), 0, 1
(97,84), 0, 1
(97,85), 0, 1
(98,4), 0, 1
(98,5), 0, 1
(98,6), 0, 1
(98,7), 0, 1
(98,10), 0, 1
(98,11), 0, 1
(98,12), 0, 1
(98,13), 0, 1
(98,15), 0, 1
(98,18), 0, 1
(98,19), 0, 1
(98,21), 0, 1
(98,22), 0, 1
(98,23), 0, 1
(98,24), 0, 1
(98,25), 0, 1
(98,26), 0, 1
(98,27), 0, 1
(98,28), 0, 1
(98,29), 0, 1
(98,30), 0, 1
(98,31), 0, 1
(98,33), 0, 1
(98,34), 0, 1
(98,36), 0, 1
(98,37), 0, 1
(98,38), 0, 1
(98,39), 0, 1
(98,40), 0, 1
(98,42), 0, 1
(98,43), 0, 1
(98,44), 0, 1
(98,45), 0, 1
(98,46), 0, 1
(98,47), 0, 1
(98,48), 0, 1
(98,49), 0, 1
(98,50), 0, 1
(98,52), 0, 1
(98,53), 0, 1
(98,54), 0, 1
(98,55), 0, 1
(98,57), 0, 1
(98,58), 0, 1
(98,59), 0, 1
(98,60), 0, 1
(98,61), 0, 1
(98,62), 0, 1
(98,63), 0, 1
(98,64), 0, 1
(98,66), 0, 1
(98,68), 0, 1
(98,69), 0, 1
(98,70), 0, 1
(98,75), 0, 1
(98,76), 0, 1
(98,80), 0, 1
(98,81), 0, 1
(98,82), 0, 1
(98,83), 0, 1
(98,84), 0, 1
(98,85), 0, 1
(98,86), 0, 1
(98,87), 0, 1
(98,88), 0, 1
(98,89), 0, 1
(98,91), 0, 1
(98,92), 0, 1
(98,94), 0, 1
(98,95), 0, 1
(98,96), 0, 1
(98,97), 0, 1
(99,1), 0, 1
(99,5), 0, 1
(99,6), 0, 1
(99,7), 0, 1
(99,8), 0, 1
(99,9), 0, 1
(99,10), 0, 1
(99,11), 0, 1
(99,12), 0, 1
(99,13), 0, 1
(99,15), 0, 1
(99,17), 0, 1
(99,18), 0, 1
(99,22), 0, 1
(99,23), 0, 1
(99,25), 0, 1
(99,26), 0, 1
(99,27), 0, 1
(99,28), 0, 1
(99,29), 0, 1
(99,31), 0, 1
(99,32), 0, 1
(99,33), 0, 1
(99,34), 0, 1
(99,35), 0, 1
(99,36), 0, 1
(99,38), 0, 1
(99,39), 0, 1
(99,40), 0, 1
(99,41), 0, 1
(99,42), 0, 1
(99,44), 0, 1
(99,46), 0, 1
(99,47), 0, 1
(99,50), 0, 1
(99,51), 0, 1
(99,52), 0, 1
(99,53), 0, 1
(99,55), 0, 1
(99,57), 0, 1
(99,58), 0, 1
(99,59), 0, 1
(99,60), 0, 1
(99,61), 0, 1
(99,62), 0, 1
(99,63), 0, 1
(99,64), 0, 1
(99,65), 0, 1
(99,68), 0, 1
(99,69), 0, 1
(99,71), 0, 1
(99,75), 0, 1
(99,76), 0, 1
(99,78), 0, 1
(99,80), 0, 1
(99,81), 0, 1
(99,82), 0, 1
(99,83), 0, 1
(99,84), 0, 1
(99,85), 0, 1
(99,86), 0, 1
(99,87), 0, 1
(99,88), 0, 1
(99,89), 0, 1
(99,90), 0, 1
(99,91), 0, 1
(99,94), 0, 1
(99,96), 0, 1
(99,97), 0, 1
(99,98), 0, 1
