Nr_Pairs = 98
Nr_NDD = 2
Nr_Arcs = 2298
0	0.10
1	0.5
2	0.5
3	0.5
4	0.5
5	0.10
6	0.5
7	0.90
8	0.5
9	0.90
10	0.10
11	0.5
12	0.5
13	0.28
14	0.28
15	0.28
16	0.5
17	0.28
18	0.5
19	0.5
20	0.5
21	0.32
22	0.5
23	0.90
24	0.5
25	0.5
26	0.90
27	0.5
28	0.5
29	0.92
30	0.5
31	0.5
32	0.5
33	0.28
34	0.5
35	0.5
36	0.90
37	0.90
38	0.90
39	0.28
40	0.10
41	0.10
42	0.5
43	0.90
44	0.5
45	0.5
46	0.5
47	0.5
48	0.10
49	0.90
50	0.90
51	0.90
52	0.10
53	0.10
54	0.92
55	0.5
56	0.5
57	0.5
58	0.90
59	0.10
60	0.90
61	0.5
62	0.5
63	0.10
64	0.90
65	0.90
66	0.92
67	0.5
68	0.28
69	0.10
70	0.5
71	0.5
72	0.5
73	0.5
74	0.90
75	0.5
76	0.5
77	0.28
78	0.5
79	0.28
80	0.28
81	0.10
82	0.90
83	0.10
84	0.5
85	0.5
86	0.5
87	0.5
88	0.5
89	0.5
90	0.5
91	0.90
92	0.10
93	0.5
94	0.10
95	0.5
96	0.90
97	0.5
98	0.0
99	0.0
(1,5), 0, 1
(1,20), 0, 1
(1,23), 0, 1
(1,24), 0, 1
(1,33), 0, 1
(1,44), 0, 1
(1,53), 0, 1
(1,55), 0, 1
(1,59), 0, 1
(1,69), 0, 1
(1,76), 0, 1
(1,78), 0, 1
(1,84), 0, 1
(1,87), 0, 1
(1,89), 0, 1
(2,5), 0, 1
(2,20), 0, 1
(2,24), 0, 1
(2,26), 0, 1
(2,44), 0, 1
(2,53), 0, 1
(2,55), 0, 1
(2,59), 0, 1
(2,65), 0, 1
(2,69), 0, 1
(2,76), 0, 1
(2,78), 0, 1
(2,84), 0, 1
(2,87), 0, 1
(2,89), 0, 1
(2,92), 0, 1
(4,5), 0, 1
(4,17), 0, 1
(4,20), 0, 1
(4,23), 0, 1
(4,24), 0, 1
(4,33), 0, 1
(4,44), 0, 1
(4,53), 0, 1
(4,55), 0, 1
(4,59), 0, 1
(4,76), 0, 1
(4,78), 0, 1
(4,84), 0, 1
(4,87), 0, 1
(4,89), 0, 1
(4,92), 0, 1
(5,3), 0, 1
(5,10), 0, 1
(5,19), 0, 1
(5,21), 0, 1
(5,40), 0, 1
(5,47), 0, 1
(5,79), 0, 1
(5,93), 0, 1
(5,95), 0, 1
(5,97), 0, 1
(6,5), 0, 1
(6,17), 0, 1
(6,20), 0, 1
(6,24), 0, 1
(6,33), 0, 1
(6,44), 0, 1
(6,53), 0, 1
(6,55), 0, 1
(6,59), 0, 1
(6,66), 0, 1
(6,69), 0, 1
(6,76), 0, 1
(6,78), 0, 1
(6,87), 0, 1
(6,89), 0, 1
(6,92), 0, 1
(7,5), 0, 1
(7,24), 0, 1
(7,33), 0, 1
(7,44), 0, 1
(7,53), 0, 1
(7,55), 0, 1
(7,59), 0, 1
(7,69), 0, 1
(7,76), 0, 1
(7,78), 0, 1
(7,84), 0, 1
(7,87), 0, 1
(7,89), 0, 1
(7,91), 0, 1
(7,92), 0, 1
(8,3), 0, 1
(8,10), 0, 1
(8,19), 0, 1
(8,21), 0, 1
(8,40), 0, 1
(8,47), 0, 1
(8,93), 0, 1
(8,97), 0, 1
(9,0), 0, 1
(9,1), 0, 1
(9,2), 0, 1
(9,3), 0, 1
(9,4), 0, 1
(9,5), 0, 1
(9,6), 0, 1
(9,8), 0, 1
(9,10), 0, 1
(9,11), 0, 1
(9,12), 0, 1
(9,13), 0, 1
(9,14), 0, 1
(9,16), 0, 1
(9,17), 0, 1
(9,18), 0, 1
(9,19), 0, 1
(9,20), 0, 1
(9,22), 0, 1
(9,24), 0, 1
(9,25), 0, 1
(9,27), 0, 1
(9,28), 0, 1
(9,30), 0, 1
(9,31), 0, 1
(9,32), 0, 1
(9,33), 0, 1
(9,34), 0, 1
(9,35), 0, 1
(9,40), 0, 1
(9,41), 0, 1
(9,42), 0, 1
(9,43), 0, 1
(9,44), 0, 1
(9,45), 0, 1
(9,46), 0, 1
(9,47), 0, 1
(9,53), 0, 1
(9,55), 0, 1
(9,56), 0, 1
(9,57), 0, 1
(9,59), 0, 1
(9,61), 0, 1
(9,62), 0, 1
(9,63), 0, 1
(9,68), 0, 1
(9,69), 0, 1
(9,70), 0, 1
(9,71), 0, 1
(9,72), 0, 1
(9,73), 0, 1
(9,75), 0, 1
(9,76), 0, 1
(9,77), 0, 1
(9,78), 0, 1
(9,79), 0, 1
(9,80), 0, 1
(9,83), 0, 1
(9,84), 0, 1
(9,85), 0, 1
(9,86), 0, 1
(9,87), 0, 1
(9,88), 0, 1
(9,90), 0, 1
(9,93), 0, 1
(9,94), 0, 1
(9,95), 0, 1
(9,97), 0, 1
(10,5), 0, 1
(10,17), 0, 1
(10,20), 0, 1
(10,24), 0, 1
(10,33), 0, 1
(10,44), 0, 1
(10,53), 0, 1
(10,55), 0, 1
(10,59), 0, 1
(10,66), 0, 1
(10,69), 0, 1
(10,76), 0, 1
(10,78), 0, 1
(10,87), 0, 1
(10,89), 0, 1
(10,92), 0, 1
(10,96), 0, 1
(11,5), 0, 1
(11,17), 0, 1
(11,20), 0, 1
(11,33), 0, 1
(11,44), 0, 1
(11,53), 0, 1
(11,59), 0, 1
(11,69), 0, 1
(11,76), 0, 1
(11,78), 0, 1
(11,84), 0, 1
(11,87), 0, 1
(11,92), 0, 1
(12,5), 0, 1
(12,17), 0, 1
(12,20), 0, 1
(12,24), 0, 1
(12,33), 0, 1
(12,38), 0, 1
(12,44), 0, 1
(12,53), 0, 1
(12,55), 0, 1
(12,59), 0, 1
(12,65), 0, 1
(12,69), 0, 1
(12,76), 0, 1
(12,78), 0, 1
(12,87), 0, 1
(12,89), 0, 1
(12,92), 0, 1
(13,5), 0, 1
(13,20), 0, 1
(13,24), 0, 1
(13,26), 0, 1
(13,33), 0, 1
(13,44), 0, 1
(13,53), 0, 1
(13,55), 0, 1
(13,59), 0, 1
(13,65), 0, 1
(13,66), 0, 1
(13,69), 0, 1
(13,76), 0, 1
(13,78), 0, 1
(13,84), 0, 1
(13,87), 0, 1
(13,89), 0, 1
(13,92), 0, 1
(13,96), 0, 1
(14,5), 0, 1
(14,17), 0, 1
(14,20), 0, 1
(14,24), 0, 1
(14,33), 0, 1
(14,44), 0, 1
(14,53), 0, 1
(14,55), 0, 1
(14,69), 0, 1
(14,76), 0, 1
(14,78), 0, 1
(14,84), 0, 1
(14,87), 0, 1
(14,89), 0, 1
(14,92), 0, 1
(15,5), 0, 1
(15,17), 0, 1
(15,24), 0, 1
(15,33), 0, 1
(15,44), 0, 1
(15,53), 0, 1
(15,55), 0, 1
(15,59), 0, 1
(15,76), 0, 1
(15,78), 0, 1
(15,87), 0, 1
(15,89), 0, 1
(15,92), 0, 1
(16,5), 0, 1
(16,17), 0, 1
(16,20), 0, 1
(16,24), 0, 1
(16,33), 0, 1
(16,44), 0, 1
(16,53), 0, 1
(16,55), 0, 1
(16,59), 0, 1
(16,69), 0, 1
(16,76), 0, 1
(16,78), 0, 1
(16,84), 0, 1
(16,87), 0, 1
(16,89), 0, 1
(16,92), 0, 1
(16,96), 0, 1
(17,3), 0, 1
(17,10), 0, 1
(17,19), 0, 1
(17,21), 0, 1
(17,40), 0, 1
(17,47), 0, 1
(17,79), 0, 1
(17,93), 0, 1
(17,95), 0, 1
(19,5), 0, 1
(19,20), 0, 1
(19,24), 0, 1
(19,33), 0, 1
(19,44), 0, 1
(19,53), 0, 1
(19,55), 0, 1
(19,59), 0, 1
(19,69), 0, 1
(19,76), 0, 1
(19,78), 0, 1
(19,87), 0, 1
(19,89), 0, 1
(19,92), 0, 1
(20,0), 0, 1
(20,1), 0, 1
(20,3), 0, 1
(20,4), 0, 1
(20,5), 0, 1
(20,7), 0, 1
(20,8), 0, 1
(20,10), 0, 1
(20,11), 0, 1
(20,12), 0, 1
(20,13), 0, 1
(20,14), 0, 1
(20,16), 0, 1
(20,17), 0, 1
(20,18), 0, 1
(20,19), 0, 1
(20,21), 0, 1
(20,22), 0, 1
(20,24), 0, 1
(20,25), 0, 1
(20,27), 0, 1
(20,28), 0, 1
(20,30), 0, 1
(20,31), 0, 1
(20,32), 0, 1
(20,35), 0, 1
(20,40), 0, 1
(20,41), 0, 1
(20,42), 0, 1
(20,44), 0, 1
(20,45), 0, 1
(20,46), 0, 1
(20,48), 0, 1
(20,52), 0, 1
(20,53), 0, 1
(20,55), 0, 1
(20,56), 0, 1
(20,57), 0, 1
(20,59), 0, 1
(20,61), 0, 1
(20,62), 0, 1
(20,67), 0, 1
(20,68), 0, 1
(20,69), 0, 1
(20,70), 0, 1
(20,71), 0, 1
(20,72), 0, 1
(20,73), 0, 1
(20,75), 0, 1
(20,76), 0, 1
(20,77), 0, 1
(20,78), 0, 1
(20,79), 0, 1
(20,81), 0, 1
(20,83), 0, 1
(20,84), 0, 1
(20,85), 0, 1
(20,86), 0, 1
(20,87), 0, 1
(20,88), 0, 1
(20,89), 0, 1
(20,90), 0, 1
(20,92), 0, 1
(20,93), 0, 1
(20,94), 0, 1
(20,95), 0, 1
(20,97), 0, 1
(21,5), 0, 1
(21,17), 0, 1
(21,20), 0, 1
(21,24), 0, 1
(21,33), 0, 1
(21,44), 0, 1
(21,53), 0, 1
(21,55), 0, 1
(21,59), 0, 1
(21,69), 0, 1
(21,76), 0, 1
(21,78), 0, 1
(21,84), 0, 1
(21,87), 0, 1
(21,89), 0, 1
(21,92), 0, 1
(22,3), 0, 1
(22,19), 0, 1
(22,21), 0, 1
(22,40), 0, 1
(22,47), 0, 1
(22,82), 0, 1
(22,93), 0, 1
(22,95), 0, 1
(22,97), 0, 1
(23,5), 0, 1
(23,17), 0, 1
(23,20), 0, 1
(23,24), 0, 1
(23,33), 0, 1
(23,44), 0, 1
(23,53), 0, 1
(23,55), 0, 1
(23,59), 0, 1
(23,65), 0, 1
(23,66), 0, 1
(23,69), 0, 1
(23,76), 0, 1
(23,84), 0, 1
(23,87), 0, 1
(23,89), 0, 1
(23,92), 0, 1
(24,3), 0, 1
(24,10), 0, 1
(24,19), 0, 1
(24,21), 0, 1
(24,40), 0, 1
(24,47), 0, 1
(24,79), 0, 1
(24,93), 0, 1
(24,95), 0, 1
(24,97), 0, 1
(25,5), 0, 1
(25,17), 0, 1
(25,20), 0, 1
(25,24), 0, 1
(25,33), 0, 1
(25,38), 0, 1
(25,44), 0, 1
(25,53), 0, 1
(25,55), 0, 1
(25,59), 0, 1
(25,69), 0, 1
(25,76), 0, 1
(25,78), 0, 1
(25,84), 0, 1
(25,87), 0, 1
(25,89), 0, 1
(25,92), 0, 1
(26,3), 0, 1
(26,10), 0, 1
(26,19), 0, 1
(26,21), 0, 1
(26,40), 0, 1
(26,79), 0, 1
(26,93), 0, 1
(26,95), 0, 1
(26,97), 0, 1
(27,5), 0, 1
(27,17), 0, 1
(27,20), 0, 1
(27,23), 0, 1
(27,24), 0, 1
(27,33), 0, 1
(27,44), 0, 1
(27,53), 0, 1
(27,55), 0, 1
(27,59), 0, 1
(27,69), 0, 1
(27,78), 0, 1
(27,84), 0, 1
(27,87), 0, 1
(27,89), 0, 1
(28,5), 0, 1
(28,17), 0, 1
(28,20), 0, 1
(28,24), 0, 1
(28,33), 0, 1
(28,44), 0, 1
(28,53), 0, 1
(28,59), 0, 1
(28,69), 0, 1
(28,76), 0, 1
(28,78), 0, 1
(28,84), 0, 1
(28,87), 0, 1
(28,89), 0, 1
(28,92), 0, 1
(29,0), 0, 1
(29,1), 0, 1
(29,2), 0, 1
(29,3), 0, 1
(29,4), 0, 1
(29,5), 0, 1
(29,6), 0, 1
(29,7), 0, 1
(29,8), 0, 1
(29,9), 0, 1
(29,10), 0, 1
(29,11), 0, 1
(29,12), 0, 1
(29,13), 0, 1
(29,15), 0, 1
(29,16), 0, 1
(29,17), 0, 1
(29,18), 0, 1
(29,19), 0, 1
(29,20), 0, 1
(29,21), 0, 1
(29,22), 0, 1
(29,24), 0, 1
(29,25), 0, 1
(29,27), 0, 1
(29,28), 0, 1
(29,30), 0, 1
(29,31), 0, 1
(29,32), 0, 1
(29,34), 0, 1
(29,35), 0, 1
(29,39), 0, 1
(29,40), 0, 1
(29,41), 0, 1
(29,42), 0, 1
(29,44), 0, 1
(29,45), 0, 1
(29,46), 0, 1
(29,47), 0, 1
(29,48), 0, 1
(29,52), 0, 1
(29,53), 0, 1
(29,55), 0, 1
(29,56), 0, 1
(29,57), 0, 1
(29,59), 0, 1
(29,61), 0, 1
(29,62), 0, 1
(29,63), 0, 1
(29,67), 0, 1
(29,69), 0, 1
(29,70), 0, 1
(29,71), 0, 1
(29,72), 0, 1
(29,73), 0, 1
(29,75), 0, 1
(29,76), 0, 1
(29,77), 0, 1
(29,78), 0, 1
(29,79), 0, 1
(29,80), 0, 1
(29,81), 0, 1
(29,83), 0, 1
(29,84), 0, 1
(29,85), 0, 1
(29,86), 0, 1
(29,87), 0, 1
(29,88), 0, 1
(29,89), 0, 1
(29,90), 0, 1
(29,92), 0, 1
(29,93), 0, 1
(29,94), 0, 1
(29,95), 0, 1
(29,97), 0, 1
(30,5), 0, 1
(30,20), 0, 1
(30,24), 0, 1
(30,33), 0, 1
(30,44), 0, 1
(30,53), 0, 1
(30,55), 0, 1
(30,59), 0, 1
(30,66), 0, 1
(30,69), 0, 1
(30,76), 0, 1
(30,78), 0, 1
(30,84), 0, 1
(30,87), 0, 1
(30,89), 0, 1
(31,0), 0, 1
(31,1), 0, 1
(31,2), 0, 1
(31,3), 0, 1
(31,4), 0, 1
(31,5), 0, 1
(31,6), 0, 1
(31,7), 0, 1
(31,8), 0, 1
(31,10), 0, 1
(31,11), 0, 1
(31,12), 0, 1
(31,14), 0, 1
(31,16), 0, 1
(31,17), 0, 1
(31,18), 0, 1
(31,19), 0, 1
(31,20), 0, 1
(31,21), 0, 1
(31,22), 0, 1
(31,24), 0, 1
(31,25), 0, 1
(31,27), 0, 1
(31,28), 0, 1
(31,30), 0, 1
(31,32), 0, 1
(31,33), 0, 1
(31,34), 0, 1
(31,35), 0, 1
(31,37), 0, 1
(31,39), 0, 1
(31,40), 0, 1
(31,41), 0, 1
(31,42), 0, 1
(31,44), 0, 1
(31,45), 0, 1
(31,46), 0, 1
(31,47), 0, 1
(31,48), 0, 1
(31,52), 0, 1
(31,53), 0, 1
(31,55), 0, 1
(31,56), 0, 1
(31,57), 0, 1
(31,59), 0, 1
(31,60), 0, 1
(31,61), 0, 1
(31,62), 0, 1
(31,63), 0, 1
(31,67), 0, 1
(31,68), 0, 1
(31,69), 0, 1
(31,70), 0, 1
(31,71), 0, 1
(31,72), 0, 1
(31,73), 0, 1
(31,76), 0, 1
(31,78), 0, 1
(31,79), 0, 1
(31,80), 0, 1
(31,81), 0, 1
(31,83), 0, 1
(31,84), 0, 1
(31,85), 0, 1
(31,86), 0, 1
(31,87), 0, 1
(31,88), 0, 1
(31,89), 0, 1
(31,90), 0, 1
(31,92), 0, 1
(31,93), 0, 1
(31,94), 0, 1
(31,95), 0, 1
(31,97), 0, 1
(32,5), 0, 1
(32,17), 0, 1
(32,20), 0, 1
(32,24), 0, 1
(32,33), 0, 1
(32,44), 0, 1
(32,55), 0, 1
(32,59), 0, 1
(32,66), 0, 1
(32,69), 0, 1
(32,76), 0, 1
(32,78), 0, 1
(32,84), 0, 1
(32,87), 0, 1
(32,89), 0, 1
(32,92), 0, 1
(33,5), 0, 1
(33,20), 0, 1
(33,24), 0, 1
(33,44), 0, 1
(33,53), 0, 1
(33,55), 0, 1
(33,69), 0, 1
(33,76), 0, 1
(33,78), 0, 1
(33,84), 0, 1
(33,87), 0, 1
(33,89), 0, 1
(34,5), 0, 1
(34,17), 0, 1
(34,20), 0, 1
(34,24), 0, 1
(34,26), 0, 1
(34,44), 0, 1
(34,53), 0, 1
(34,55), 0, 1
(34,59), 0, 1
(34,69), 0, 1
(34,76), 0, 1
(34,78), 0, 1
(34,84), 0, 1
(34,87), 0, 1
(34,89), 0, 1
(34,92), 0, 1
(35,5), 0, 1
(35,17), 0, 1
(35,20), 0, 1
(35,24), 0, 1
(35,33), 0, 1
(35,44), 0, 1
(35,53), 0, 1
(35,55), 0, 1
(35,59), 0, 1
(35,65), 0, 1
(35,69), 0, 1
(35,76), 0, 1
(35,78), 0, 1
(35,84), 0, 1
(35,87), 0, 1
(35,92), 0, 1
(36,3), 0, 1
(36,10), 0, 1
(36,19), 0, 1
(36,40), 0, 1
(36,47), 0, 1
(36,79), 0, 1
(36,93), 0, 1
(36,95), 0, 1
(36,97), 0, 1
(37,5), 0, 1
(37,20), 0, 1
(37,24), 0, 1
(37,33), 0, 1
(37,44), 0, 1
(37,55), 0, 1
(37,59), 0, 1
(37,69), 0, 1
(37,76), 0, 1
(37,78), 0, 1
(37,84), 0, 1
(37,87), 0, 1
(37,89), 0, 1
(37,92), 0, 1
(38,0), 0, 1
(38,1), 0, 1
(38,2), 0, 1
(38,3), 0, 1
(38,4), 0, 1
(38,5), 0, 1
(38,6), 0, 1
(38,8), 0, 1
(38,9), 0, 1
(38,10), 0, 1
(38,11), 0, 1
(38,12), 0, 1
(38,13), 0, 1
(38,14), 0, 1
(38,15), 0, 1
(38,16), 0, 1
(38,18), 0, 1
(38,19), 0, 1
(38,20), 0, 1
(38,21), 0, 1
(38,22), 0, 1
(38,24), 0, 1
(38,25), 0, 1
(38,27), 0, 1
(38,28), 0, 1
(38,30), 0, 1
(38,31), 0, 1
(38,32), 0, 1
(38,33), 0, 1
(38,34), 0, 1
(38,35), 0, 1
(38,39), 0, 1
(38,40), 0, 1
(38,41), 0, 1
(38,42), 0, 1
(38,44), 0, 1
(38,45), 0, 1
(38,46), 0, 1
(38,47), 0, 1
(38,48), 0, 1
(38,49), 0, 1
(38,52), 0, 1
(38,53), 0, 1
(38,55), 0, 1
(38,56), 0, 1
(38,57), 0, 1
(38,59), 0, 1
(38,61), 0, 1
(38,62), 0, 1
(38,63), 0, 1
(38,67), 0, 1
(38,68), 0, 1
(38,70), 0, 1
(38,71), 0, 1
(38,72), 0, 1
(38,73), 0, 1
(38,75), 0, 1
(38,76), 0, 1
(38,77), 0, 1
(38,78), 0, 1
(38,80), 0, 1
(38,81), 0, 1
(38,83), 0, 1
(38,84), 0, 1
(38,85), 0, 1
(38,86), 0, 1
(38,87), 0, 1
(38,88), 0, 1
(38,90), 0, 1
(38,92), 0, 1
(38,93), 0, 1
(38,94), 0, 1
(38,95), 0, 1
(38,97), 0, 1
(39,0), 0, 1
(39,1), 0, 1
(39,2), 0, 1
(39,3), 0, 1
(39,4), 0, 1
(39,5), 0, 1
(39,6), 0, 1
(39,7), 0, 1
(39,10), 0, 1
(39,11), 0, 1
(39,12), 0, 1
(39,18), 0, 1
(39,19), 0, 1
(39,21), 0, 1
(39,22), 0, 1
(39,24), 0, 1
(39,25), 0, 1
(39,27), 0, 1
(39,28), 0, 1
(39,30), 0, 1
(39,31), 0, 1
(39,32), 0, 1
(39,33), 0, 1
(39,35), 0, 1
(39,40), 0, 1
(39,41), 0, 1
(39,42), 0, 1
(39,43), 0, 1
(39,44), 0, 1
(39,45), 0, 1
(39,46), 0, 1
(39,47), 0, 1
(39,48), 0, 1
(39,53), 0, 1
(39,55), 0, 1
(39,56), 0, 1
(39,57), 0, 1
(39,59), 0, 1
(39,61), 0, 1
(39,63), 0, 1
(39,67), 0, 1
(39,69), 0, 1
(39,70), 0, 1
(39,71), 0, 1
(39,72), 0, 1
(39,73), 0, 1
(39,75), 0, 1
(39,76), 0, 1
(39,78), 0, 1
(39,80), 0, 1
(39,83), 0, 1
(39,84), 0, 1
(39,85), 0, 1
(39,86), 0, 1
(39,87), 0, 1
(39,88), 0, 1
(39,89), 0, 1
(39,90), 0, 1
(39,92), 0, 1
(39,93), 0, 1
(39,94), 0, 1
(39,95), 0, 1
(39,96), 0, 1
(39,97), 0, 1
(40,0), 0, 1
(40,1), 0, 1
(40,2), 0, 1
(40,3), 0, 1
(40,4), 0, 1
(40,5), 0, 1
(40,6), 0, 1
(40,8), 0, 1
(40,9), 0, 1
(40,10), 0, 1
(40,11), 0, 1
(40,12), 0, 1
(40,13), 0, 1
(40,15), 0, 1
(40,16), 0, 1
(40,17), 0, 1
(40,18), 0, 1
(40,19), 0, 1
(40,21), 0, 1
(40,22), 0, 1
(40,23), 0, 1
(40,24), 0, 1
(40,25), 0, 1
(40,27), 0, 1
(40,28), 0, 1
(40,30), 0, 1
(40,31), 0, 1
(40,32), 0, 1
(40,34), 0, 1
(40,35), 0, 1
(40,41), 0, 1
(40,42), 0, 1
(40,43), 0, 1
(40,44), 0, 1
(40,45), 0, 1
(40,46), 0, 1
(40,47), 0, 1
(40,51), 0, 1
(40,52), 0, 1
(40,53), 0, 1
(40,55), 0, 1
(40,56), 0, 1
(40,57), 0, 1
(40,59), 0, 1
(40,61), 0, 1
(40,62), 0, 1
(40,63), 0, 1
(40,64), 0, 1
(40,67), 0, 1
(40,69), 0, 1
(40,70), 0, 1
(40,71), 0, 1
(40,72), 0, 1
(40,73), 0, 1
(40,76), 0, 1
(40,77), 0, 1
(40,78), 0, 1
(40,80), 0, 1
(40,81), 0, 1
(40,83), 0, 1
(40,84), 0, 1
(40,85), 0, 1
(40,86), 0, 1
(40,87), 0, 1
(40,88), 0, 1
(40,89), 0, 1
(40,92), 0, 1
(40,93), 0, 1
(40,94), 0, 1
(40,95), 0, 1
(40,97), 0, 1
(41,5), 0, 1
(41,17), 0, 1
(41,20), 0, 1
(41,24), 0, 1
(41,33), 0, 1
(41,44), 0, 1
(41,53), 0, 1
(41,55), 0, 1
(41,66), 0, 1
(41,69), 0, 1
(41,84), 0, 1
(41,87), 0, 1
(41,89), 0, 1
(42,5), 0, 1
(42,17), 0, 1
(42,20), 0, 1
(42,24), 0, 1
(42,26), 0, 1
(42,33), 0, 1
(42,44), 0, 1
(42,53), 0, 1
(42,55), 0, 1
(42,59), 0, 1
(42,69), 0, 1
(42,76), 0, 1
(42,78), 0, 1
(42,84), 0, 1
(42,87), 0, 1
(42,92), 0, 1
(43,0), 0, 1
(43,1), 0, 1
(43,2), 0, 1
(43,3), 0, 1
(43,4), 0, 1
(43,5), 0, 1
(43,6), 0, 1
(43,8), 0, 1
(43,10), 0, 1
(43,11), 0, 1
(43,12), 0, 1
(43,13), 0, 1
(43,15), 0, 1
(43,16), 0, 1
(43,18), 0, 1
(43,19), 0, 1
(43,20), 0, 1
(43,21), 0, 1
(43,22), 0, 1
(43,24), 0, 1
(43,25), 0, 1
(43,27), 0, 1
(43,28), 0, 1
(43,30), 0, 1
(43,31), 0, 1
(43,32), 0, 1
(43,33), 0, 1
(43,34), 0, 1
(43,35), 0, 1
(43,40), 0, 1
(43,41), 0, 1
(43,42), 0, 1
(43,44), 0, 1
(43,45), 0, 1
(43,46), 0, 1
(43,47), 0, 1
(43,48), 0, 1
(43,52), 0, 1
(43,53), 0, 1
(43,54), 0, 1
(43,55), 0, 1
(43,56), 0, 1
(43,57), 0, 1
(43,59), 0, 1
(43,61), 0, 1
(43,62), 0, 1
(43,67), 0, 1
(43,68), 0, 1
(43,69), 0, 1
(43,70), 0, 1
(43,71), 0, 1
(43,72), 0, 1
(43,73), 0, 1
(43,75), 0, 1
(43,76), 0, 1
(43,77), 0, 1
(43,78), 0, 1
(43,79), 0, 1
(43,80), 0, 1
(43,81), 0, 1
(43,83), 0, 1
(43,84), 0, 1
(43,85), 0, 1
(43,86), 0, 1
(43,87), 0, 1
(43,88), 0, 1
(43,89), 0, 1
(43,90), 0, 1
(43,93), 0, 1
(43,94), 0, 1
(43,95), 0, 1
(43,97), 0, 1
(44,0), 0, 1
(44,1), 0, 1
(44,2), 0, 1
(44,3), 0, 1
(44,4), 0, 1
(44,5), 0, 1
(44,6), 0, 1
(44,7), 0, 1
(44,9), 0, 1
(44,10), 0, 1
(44,11), 0, 1
(44,12), 0, 1
(44,13), 0, 1
(44,14), 0, 1
(44,15), 0, 1
(44,16), 0, 1
(44,17), 0, 1
(44,18), 0, 1
(44,19), 0, 1
(44,20), 0, 1
(44,22), 0, 1
(44,24), 0, 1
(44,25), 0, 1
(44,27), 0, 1
(44,28), 0, 1
(44,30), 0, 1
(44,31), 0, 1
(44,32), 0, 1
(44,33), 0, 1
(44,34), 0, 1
(44,35), 0, 1
(44,39), 0, 1
(44,40), 0, 1
(44,41), 0, 1
(44,42), 0, 1
(44,46), 0, 1
(44,47), 0, 1
(44,48), 0, 1
(44,52), 0, 1
(44,53), 0, 1
(44,55), 0, 1
(44,56), 0, 1
(44,57), 0, 1
(44,59), 0, 1
(44,61), 0, 1
(44,62), 0, 1
(44,63), 0, 1
(44,67), 0, 1
(44,69), 0, 1
(44,70), 0, 1
(44,71), 0, 1
(44,72), 0, 1
(44,73), 0, 1
(44,75), 0, 1
(44,76), 0, 1
(44,78), 0, 1
(44,79), 0, 1
(44,80), 0, 1
(44,81), 0, 1
(44,83), 0, 1
(44,84), 0, 1
(44,85), 0, 1
(44,86), 0, 1
(44,87), 0, 1
(44,88), 0, 1
(44,89), 0, 1
(44,90), 0, 1
(44,92), 0, 1
(44,93), 0, 1
(44,94), 0, 1
(44,95), 0, 1
(44,97), 0, 1
(46,5), 0, 1
(46,20), 0, 1
(46,24), 0, 1
(46,33), 0, 1
(46,44), 0, 1
(46,53), 0, 1
(46,55), 0, 1
(46,59), 0, 1
(46,69), 0, 1
(46,76), 0, 1
(46,78), 0, 1
(46,84), 0, 1
(46,87), 0, 1
(46,89), 0, 1
(46,92), 0, 1
(47,5), 0, 1
(47,17), 0, 1
(47,20), 0, 1
(47,24), 0, 1
(47,33), 0, 1
(47,44), 0, 1
(47,53), 0, 1
(47,55), 0, 1
(47,59), 0, 1
(47,69), 0, 1
(47,76), 0, 1
(47,78), 0, 1
(47,84), 0, 1
(47,87), 0, 1
(47,89), 0, 1
(47,91), 0, 1
(47,92), 0, 1
(48,5), 0, 1
(48,17), 0, 1
(48,20), 0, 1
(48,24), 0, 1
(48,33), 0, 1
(48,44), 0, 1
(48,53), 0, 1
(48,55), 0, 1
(48,59), 0, 1
(48,69), 0, 1
(48,76), 0, 1
(48,78), 0, 1
(48,84), 0, 1
(48,87), 0, 1
(48,89), 0, 1
(48,92), 0, 1
(50,0), 0, 1
(50,1), 0, 1
(50,2), 0, 1
(50,3), 0, 1
(50,4), 0, 1
(50,5), 0, 1
(50,6), 0, 1
(50,8), 0, 1
(50,10), 0, 1
(50,11), 0, 1
(50,12), 0, 1
(50,13), 0, 1
(50,14), 0, 1
(50,15), 0, 1
(50,16), 0, 1
(50,17), 0, 1
(50,18), 0, 1
(50,19), 0, 1
(50,20), 0, 1
(50,21), 0, 1
(50,22), 0, 1
(50,24), 0, 1
(50,25), 0, 1
(50,27), 0, 1
(50,28), 0, 1
(50,30), 0, 1
(50,31), 0, 1
(50,32), 0, 1
(50,33), 0, 1
(50,34), 0, 1
(50,35), 0, 1
(50,39), 0, 1
(50,40), 0, 1
(50,41), 0, 1
(50,42), 0, 1
(50,44), 0, 1
(50,45), 0, 1
(50,46), 0, 1
(50,47), 0, 1
(50,52), 0, 1
(50,53), 0, 1
(50,55), 0, 1
(50,56), 0, 1
(50,57), 0, 1
(50,59), 0, 1
(50,60), 0, 1
(50,61), 0, 1
(50,62), 0, 1
(50,63), 0, 1
(50,67), 0, 1
(50,69), 0, 1
(50,70), 0, 1
(50,71), 0, 1
(50,72), 0, 1
(50,73), 0, 1
(50,75), 0, 1
(50,76), 0, 1
(50,77), 0, 1
(50,78), 0, 1
(50,79), 0, 1
(50,81), 0, 1
(50,83), 0, 1
(50,84), 0, 1
(50,85), 0, 1
(50,86), 0, 1
(50,87), 0, 1
(50,88), 0, 1
(50,89), 0, 1
(50,90), 0, 1
(50,92), 0, 1
(50,93), 0, 1
(50,94), 0, 1
(50,95), 0, 1
(50,97), 0, 1
(51,0), 0, 1
(51,1), 0, 1
(51,2), 0, 1
(51,3), 0, 1
(51,4), 0, 1
(51,5), 0, 1
(51,6), 0, 1
(51,8), 0, 1
(51,10), 0, 1
(51,11), 0, 1
(51,12), 0, 1
(51,13), 0, 1
(51,14), 0, 1
(51,15), 0, 1
(51,16), 0, 1
(51,18), 0, 1
(51,19), 0, 1
(51,20), 0, 1
(51,21), 0, 1
(51,22), 0, 1
(51,24), 0, 1
(51,25), 0, 1
(51,27), 0, 1
(51,28), 0, 1
(51,29), 0, 1
(51,30), 0, 1
(51,31), 0, 1
(51,32), 0, 1
(51,33), 0, 1
(51,34), 0, 1
(51,35), 0, 1
(51,39), 0, 1
(51,40), 0, 1
(51,41), 0, 1
(51,42), 0, 1
(51,44), 0, 1
(51,45), 0, 1
(51,46), 0, 1
(51,47), 0, 1
(51,48), 0, 1
(51,52), 0, 1
(51,53), 0, 1
(51,55), 0, 1
(51,56), 0, 1
(51,57), 0, 1
(51,59), 0, 1
(51,61), 0, 1
(51,63), 0, 1
(51,67), 0, 1
(51,68), 0, 1
(51,69), 0, 1
(51,70), 0, 1
(51,71), 0, 1
(51,72), 0, 1
(51,73), 0, 1
(51,75), 0, 1
(51,76), 0, 1
(51,78), 0, 1
(51,79), 0, 1
(51,81), 0, 1
(51,83), 0, 1
(51,84), 0, 1
(51,85), 0, 1
(51,86), 0, 1
(51,87), 0, 1
(51,88), 0, 1
(51,89), 0, 1
(51,90), 0, 1
(51,92), 0, 1
(51,93), 0, 1
(51,94), 0, 1
(51,95), 0, 1
(51,97), 0, 1
(52,5), 0, 1
(52,17), 0, 1
(52,20), 0, 1
(52,24), 0, 1
(52,33), 0, 1
(52,44), 0, 1
(52,53), 0, 1
(52,55), 0, 1
(52,59), 0, 1
(52,69), 0, 1
(52,76), 0, 1
(52,78), 0, 1
(52,84), 0, 1
(52,89), 0, 1
(52,92), 0, 1
(52,96), 0, 1
(54,5), 0, 1
(54,20), 0, 1
(54,24), 0, 1
(54,33), 0, 1
(54,44), 0, 1
(54,53), 0, 1
(54,55), 0, 1
(54,59), 0, 1
(54,69), 0, 1
(54,76), 0, 1
(54,78), 0, 1
(54,84), 0, 1
(54,87), 0, 1
(54,89), 0, 1
(54,92), 0, 1
(56,5), 0, 1
(56,17), 0, 1
(56,20), 0, 1
(56,24), 0, 1
(56,33), 0, 1
(56,44), 0, 1
(56,53), 0, 1
(56,55), 0, 1
(56,59), 0, 1
(56,69), 0, 1
(56,76), 0, 1
(56,78), 0, 1
(56,84), 0, 1
(56,87), 0, 1
(56,89), 0, 1
(57,5), 0, 1
(57,17), 0, 1
(57,20), 0, 1
(57,24), 0, 1
(57,33), 0, 1
(57,44), 0, 1
(57,53), 0, 1
(57,55), 0, 1
(57,59), 0, 1
(57,69), 0, 1
(57,76), 0, 1
(57,78), 0, 1
(57,84), 0, 1
(57,87), 0, 1
(57,89), 0, 1
(57,92), 0, 1
(58,5), 0, 1
(58,20), 0, 1
(58,24), 0, 1
(58,33), 0, 1
(58,44), 0, 1
(58,55), 0, 1
(58,59), 0, 1
(58,69), 0, 1
(58,76), 0, 1
(58,78), 0, 1
(58,84), 0, 1
(58,87), 0, 1
(58,89), 0, 1
(58,92), 0, 1
(59,0), 0, 1
(59,1), 0, 1
(59,2), 0, 1
(59,3), 0, 1
(59,4), 0, 1
(59,5), 0, 1
(59,6), 0, 1
(59,8), 0, 1
(59,9), 0, 1
(59,10), 0, 1
(59,11), 0, 1
(59,12), 0, 1
(59,13), 0, 1
(59,15), 0, 1
(59,16), 0, 1
(59,17), 0, 1
(59,18), 0, 1
(59,19), 0, 1
(59,20), 0, 1
(59,21), 0, 1
(59,22), 0, 1
(59,24), 0, 1
(59,25), 0, 1
(59,27), 0, 1
(59,28), 0, 1
(59,30), 0, 1
(59,31), 0, 1
(59,32), 0, 1
(59,34), 0, 1
(59,35), 0, 1
(59,39), 0, 1
(59,40), 0, 1
(59,42), 0, 1
(59,44), 0, 1
(59,45), 0, 1
(59,46), 0, 1
(59,47), 0, 1
(59,48), 0, 1
(59,52), 0, 1
(59,53), 0, 1
(59,55), 0, 1
(59,56), 0, 1
(59,57), 0, 1
(59,61), 0, 1
(59,62), 0, 1
(59,63), 0, 1
(59,64), 0, 1
(59,67), 0, 1
(59,68), 0, 1
(59,69), 0, 1
(59,70), 0, 1
(59,71), 0, 1
(59,72), 0, 1
(59,73), 0, 1
(59,75), 0, 1
(59,76), 0, 1
(59,77), 0, 1
(59,78), 0, 1
(59,80), 0, 1
(59,81), 0, 1
(59,83), 0, 1
(59,84), 0, 1
(59,85), 0, 1
(59,86), 0, 1
(59,87), 0, 1
(59,88), 0, 1
(59,89), 0, 1
(59,90), 0, 1
(59,92), 0, 1
(59,93), 0, 1
(59,94), 0, 1
(59,95), 0, 1
(59,97), 0, 1
(60,0), 0, 1
(60,1), 0, 1
(60,2), 0, 1
(60,3), 0, 1
(60,4), 0, 1
(60,5), 0, 1
(60,6), 0, 1
(60,8), 0, 1
(60,10), 0, 1
(60,11), 0, 1
(60,12), 0, 1
(60,14), 0, 1
(60,15), 0, 1
(60,16), 0, 1
(60,17), 0, 1
(60,18), 0, 1
(60,19), 0, 1
(60,20), 0, 1
(60,21), 0, 1
(60,22), 0, 1
(60,24), 0, 1
(60,25), 0, 1
(60,27), 0, 1
(60,28), 0, 1
(60,30), 0, 1
(60,31), 0, 1
(60,32), 0, 1
(60,33), 0, 1
(60,34), 0, 1
(60,35), 0, 1
(60,39), 0, 1
(60,40), 0, 1
(60,41), 0, 1
(60,42), 0, 1
(60,44), 0, 1
(60,45), 0, 1
(60,46), 0, 1
(60,47), 0, 1
(60,48), 0, 1
(60,52), 0, 1
(60,53), 0, 1
(60,54), 0, 1
(60,55), 0, 1
(60,56), 0, 1
(60,57), 0, 1
(60,61), 0, 1
(60,62), 0, 1
(60,63), 0, 1
(60,67), 0, 1
(60,70), 0, 1
(60,71), 0, 1
(60,72), 0, 1
(60,73), 0, 1
(60,74), 0, 1
(60,75), 0, 1
(60,76), 0, 1
(60,78), 0, 1
(60,80), 0, 1
(60,81), 0, 1
(60,83), 0, 1
(60,84), 0, 1
(60,85), 0, 1
(60,86), 0, 1
(60,87), 0, 1
(60,88), 0, 1
(60,89), 0, 1
(60,90), 0, 1
(60,92), 0, 1
(60,93), 0, 1
(60,94), 0, 1
(60,97), 0, 1
(61,5), 0, 1
(61,20), 0, 1
(61,24), 0, 1
(61,33), 0, 1
(61,44), 0, 1
(61,53), 0, 1
(61,55), 0, 1
(61,59), 0, 1
(61,69), 0, 1
(61,76), 0, 1
(61,78), 0, 1
(61,84), 0, 1
(61,87), 0, 1
(61,89), 0, 1
(61,91), 0, 1
(61,92), 0, 1
(63,5), 0, 1
(63,20), 0, 1
(63,24), 0, 1
(63,33), 0, 1
(63,44), 0, 1
(63,53), 0, 1
(63,55), 0, 1
(63,59), 0, 1
(63,69), 0, 1
(63,76), 0, 1
(63,78), 0, 1
(63,84), 0, 1
(63,87), 0, 1
(63,89), 0, 1
(63,92), 0, 1
(64,0), 0, 1
(64,1), 0, 1
(64,2), 0, 1
(64,3), 0, 1
(64,4), 0, 1
(64,5), 0, 1
(64,6), 0, 1
(64,8), 0, 1
(64,10), 0, 1
(64,11), 0, 1
(64,12), 0, 1
(64,14), 0, 1
(64,15), 0, 1
(64,16), 0, 1
(64,17), 0, 1
(64,18), 0, 1
(64,19), 0, 1
(64,20), 0, 1
(64,21), 0, 1
(64,22), 0, 1
(64,24), 0, 1
(64,27), 0, 1
(64,28), 0, 1
(64,30), 0, 1
(64,31), 0, 1
(64,32), 0, 1
(64,33), 0, 1
(64,34), 0, 1
(64,35), 0, 1
(64,40), 0, 1
(64,41), 0, 1
(64,42), 0, 1
(64,44), 0, 1
(64,45), 0, 1
(64,46), 0, 1
(64,47), 0, 1
(64,48), 0, 1
(64,52), 0, 1
(64,53), 0, 1
(64,55), 0, 1
(64,56), 0, 1
(64,57), 0, 1
(64,59), 0, 1
(64,61), 0, 1
(64,62), 0, 1
(64,63), 0, 1
(64,67), 0, 1
(64,68), 0, 1
(64,69), 0, 1
(64,70), 0, 1
(64,71), 0, 1
(64,72), 0, 1
(64,73), 0, 1
(64,75), 0, 1
(64,76), 0, 1
(64,77), 0, 1
(64,78), 0, 1
(64,81), 0, 1
(64,84), 0, 1
(64,85), 0, 1
(64,86), 0, 1
(64,87), 0, 1
(64,88), 0, 1
(64,89), 0, 1
(64,90), 0, 1
(64,92), 0, 1
(64,93), 0, 1
(64,94), 0, 1
(64,95), 0, 1
(64,97), 0, 1
(65,0), 0, 1
(65,1), 0, 1
(65,2), 0, 1
(65,3), 0, 1
(65,4), 0, 1
(65,6), 0, 1
(65,8), 0, 1
(65,10), 0, 1
(65,11), 0, 1
(65,12), 0, 1
(65,13), 0, 1
(65,14), 0, 1
(65,15), 0, 1
(65,16), 0, 1
(65,17), 0, 1
(65,18), 0, 1
(65,19), 0, 1
(65,20), 0, 1
(65,22), 0, 1
(65,24), 0, 1
(65,25), 0, 1
(65,27), 0, 1
(65,28), 0, 1
(65,31), 0, 1
(65,32), 0, 1
(65,33), 0, 1
(65,34), 0, 1
(65,35), 0, 1
(65,40), 0, 1
(65,41), 0, 1
(65,42), 0, 1
(65,44), 0, 1
(65,45), 0, 1
(65,46), 0, 1
(65,47), 0, 1
(65,48), 0, 1
(65,52), 0, 1
(65,53), 0, 1
(65,55), 0, 1
(65,56), 0, 1
(65,57), 0, 1
(65,59), 0, 1
(65,61), 0, 1
(65,62), 0, 1
(65,66), 0, 1
(65,67), 0, 1
(65,68), 0, 1
(65,69), 0, 1
(65,70), 0, 1
(65,71), 0, 1
(65,72), 0, 1
(65,73), 0, 1
(65,75), 0, 1
(65,76), 0, 1
(65,77), 0, 1
(65,78), 0, 1
(65,79), 0, 1
(65,81), 0, 1
(65,83), 0, 1
(65,84), 0, 1
(65,85), 0, 1
(65,86), 0, 1
(65,87), 0, 1
(65,88), 0, 1
(65,89), 0, 1
(65,90), 0, 1
(65,92), 0, 1
(65,93), 0, 1
(65,94), 0, 1
(65,95), 0, 1
(66,3), 0, 1
(66,10), 0, 1
(66,19), 0, 1
(66,21), 0, 1
(66,40), 0, 1
(66,47), 0, 1
(66,93), 0, 1
(66,95), 0, 1
(66,97), 0, 1
(67,5), 0, 1
(67,17), 0, 1
(67,20), 0, 1
(67,24), 0, 1
(67,33), 0, 1
(67,38), 0, 1
(67,44), 0, 1
(67,53), 0, 1
(67,55), 0, 1
(67,59), 0, 1
(67,69), 0, 1
(67,76), 0, 1
(67,78), 0, 1
(67,84), 0, 1
(67,87), 0, 1
(67,89), 0, 1
(67,92), 0, 1
(68,3), 0, 1
(68,10), 0, 1
(68,19), 0, 1
(68,40), 0, 1
(68,47), 0, 1
(68,93), 0, 1
(68,95), 0, 1
(68,97), 0, 1
(69,3), 0, 1
(69,10), 0, 1
(69,19), 0, 1
(69,21), 0, 1
(69,40), 0, 1
(69,47), 0, 1
(69,79), 0, 1
(69,82), 0, 1
(69,93), 0, 1
(69,95), 0, 1
(69,97), 0, 1
(70,10), 0, 1
(70,19), 0, 1
(70,21), 0, 1
(70,40), 0, 1
(70,47), 0, 1
(70,79), 0, 1
(70,93), 0, 1
(70,95), 0, 1
(70,97), 0, 1
(71,5), 0, 1
(71,17), 0, 1
(71,20), 0, 1
(71,23), 0, 1
(71,24), 0, 1
(71,44), 0, 1
(71,53), 0, 1
(71,55), 0, 1
(71,59), 0, 1
(71,69), 0, 1
(71,76), 0, 1
(71,78), 0, 1
(71,84), 0, 1
(71,87), 0, 1
(71,89), 0, 1
(71,92), 0, 1
(71,96), 0, 1
(72,3), 0, 1
(72,10), 0, 1
(72,19), 0, 1
(72,40), 0, 1
(72,47), 0, 1
(72,79), 0, 1
(72,93), 0, 1
(72,95), 0, 1
(72,97), 0, 1
(73,5), 0, 1
(73,17), 0, 1
(73,20), 0, 1
(73,24), 0, 1
(73,33), 0, 1
(73,44), 0, 1
(73,55), 0, 1
(73,69), 0, 1
(73,76), 0, 1
(73,78), 0, 1
(73,84), 0, 1
(73,87), 0, 1
(73,89), 0, 1
(73,91), 0, 1
(74,3), 0, 1
(74,10), 0, 1
(74,19), 0, 1
(74,40), 0, 1
(74,47), 0, 1
(74,79), 0, 1
(74,93), 0, 1
(74,95), 0, 1
(74,97), 0, 1
(75,5), 0, 1
(75,17), 0, 1
(75,20), 0, 1
(75,24), 0, 1
(75,33), 0, 1
(75,44), 0, 1
(75,55), 0, 1
(75,59), 0, 1
(75,69), 0, 1
(75,76), 0, 1
(75,78), 0, 1
(75,84), 0, 1
(75,87), 0, 1
(75,89), 0, 1
(75,92), 0, 1
(75,96), 0, 1
(76,3), 0, 1
(76,10), 0, 1
(76,19), 0, 1
(76,40), 0, 1
(76,47), 0, 1
(76,79), 0, 1
(76,93), 0, 1
(76,95), 0, 1
(77,5), 0, 1
(77,17), 0, 1
(77,20), 0, 1
(77,24), 0, 1
(77,33), 0, 1
(77,44), 0, 1
(77,53), 0, 1
(77,55), 0, 1
(77,69), 0, 1
(77,76), 0, 1
(77,78), 0, 1
(77,84), 0, 1
(77,87), 0, 1
(77,89), 0, 1
(79,5), 0, 1
(79,20), 0, 1
(79,24), 0, 1
(79,44), 0, 1
(79,53), 0, 1
(79,59), 0, 1
(79,76), 0, 1
(79,78), 0, 1
(79,84), 0, 1
(79,87), 0, 1
(79,89), 0, 1
(79,92), 0, 1
(80,5), 0, 1
(80,20), 0, 1
(80,24), 0, 1
(80,26), 0, 1
(80,33), 0, 1
(80,44), 0, 1
(80,55), 0, 1
(80,59), 0, 1
(80,69), 0, 1
(80,76), 0, 1
(80,78), 0, 1
(80,87), 0, 1
(80,89), 0, 1
(80,92), 0, 1
(81,5), 0, 1
(81,17), 0, 1
(81,20), 0, 1
(81,24), 0, 1
(81,33), 0, 1
(81,44), 0, 1
(81,53), 0, 1
(81,55), 0, 1
(81,59), 0, 1
(81,69), 0, 1
(81,76), 0, 1
(81,78), 0, 1
(81,84), 0, 1
(81,87), 0, 1
(81,89), 0, 1
(81,92), 0, 1
(82,0), 0, 1
(82,1), 0, 1
(82,2), 0, 1
(82,3), 0, 1
(82,4), 0, 1
(82,5), 0, 1
(82,6), 0, 1
(82,8), 0, 1
(82,10), 0, 1
(82,11), 0, 1
(82,12), 0, 1
(82,13), 0, 1
(82,14), 0, 1
(82,15), 0, 1
(82,16), 0, 1
(82,17), 0, 1
(82,18), 0, 1
(82,19), 0, 1
(82,20), 0, 1
(82,21), 0, 1
(82,22), 0, 1
(82,24), 0, 1
(82,25), 0, 1
(82,27), 0, 1
(82,28), 0, 1
(82,30), 0, 1
(82,31), 0, 1
(82,32), 0, 1
(82,33), 0, 1
(82,34), 0, 1
(82,35), 0, 1
(82,39), 0, 1
(82,40), 0, 1
(82,41), 0, 1
(82,44), 0, 1
(82,45), 0, 1
(82,46), 0, 1
(82,47), 0, 1
(82,48), 0, 1
(82,52), 0, 1
(82,53), 0, 1
(82,55), 0, 1
(82,56), 0, 1
(82,57), 0, 1
(82,58), 0, 1
(82,59), 0, 1
(82,61), 0, 1
(82,62), 0, 1
(82,63), 0, 1
(82,64), 0, 1
(82,67), 0, 1
(82,68), 0, 1
(82,69), 0, 1
(82,70), 0, 1
(82,71), 0, 1
(82,72), 0, 1
(82,73), 0, 1
(82,75), 0, 1
(82,76), 0, 1
(82,77), 0, 1
(82,78), 0, 1
(82,79), 0, 1
(82,80), 0, 1
(82,81), 0, 1
(82,84), 0, 1
(82,85), 0, 1
(82,86), 0, 1
(82,87), 0, 1
(82,88), 0, 1
(82,89), 0, 1
(82,90), 0, 1
(82,91), 0, 1
(82,92), 0, 1
(82,93), 0, 1
(82,94), 0, 1
(82,95), 0, 1
(82,97), 0, 1
(83,5), 0, 1
(83,17), 0, 1
(83,20), 0, 1
(83,23), 0, 1
(83,33), 0, 1
(83,44), 0, 1
(83,53), 0, 1
(83,55), 0, 1
(83,59), 0, 1
(83,69), 0, 1
(83,76), 0, 1
(83,78), 0, 1
(83,84), 0, 1
(83,87), 0, 1
(83,92), 0, 1
(84,0), 0, 1
(84,1), 0, 1
(84,2), 0, 1
(84,3), 0, 1
(84,4), 0, 1
(84,5), 0, 1
(84,6), 0, 1
(84,8), 0, 1
(84,10), 0, 1
(84,12), 0, 1
(84,15), 0, 1
(84,16), 0, 1
(84,17), 0, 1
(84,18), 0, 1
(84,19), 0, 1
(84,20), 0, 1
(84,21), 0, 1
(84,24), 0, 1
(84,25), 0, 1
(84,27), 0, 1
(84,28), 0, 1
(84,30), 0, 1
(84,31), 0, 1
(84,32), 0, 1
(84,34), 0, 1
(84,35), 0, 1
(84,39), 0, 1
(84,40), 0, 1
(84,41), 0, 1
(84,42), 0, 1
(84,44), 0, 1
(84,45), 0, 1
(84,46), 0, 1
(84,47), 0, 1
(84,48), 0, 1
(84,52), 0, 1
(84,53), 0, 1
(84,55), 0, 1
(84,56), 0, 1
(84,57), 0, 1
(84,59), 0, 1
(84,61), 0, 1
(84,62), 0, 1
(84,63), 0, 1
(84,67), 0, 1
(84,69), 0, 1
(84,70), 0, 1
(84,71), 0, 1
(84,72), 0, 1
(84,73), 0, 1
(84,75), 0, 1
(84,76), 0, 1
(84,78), 0, 1
(84,79), 0, 1
(84,80), 0, 1
(84,81), 0, 1
(84,83), 0, 1
(84,85), 0, 1
(84,86), 0, 1
(84,87), 0, 1
(84,88), 0, 1
(84,89), 0, 1
(84,90), 0, 1
(84,92), 0, 1
(84,93), 0, 1
(84,94), 0, 1
(84,95), 0, 1
(84,97), 0, 1
(86,5), 0, 1
(86,17), 0, 1
(86,20), 0, 1
(86,24), 0, 1
(86,33), 0, 1
(86,44), 0, 1
(86,53), 0, 1
(86,55), 0, 1
(86,59), 0, 1
(86,76), 0, 1
(86,78), 0, 1
(86,84), 0, 1
(86,87), 0, 1
(86,89), 0, 1
(86,92), 0, 1
(87,5), 0, 1
(87,17), 0, 1
(87,20), 0, 1
(87,24), 0, 1
(87,44), 0, 1
(87,53), 0, 1
(87,55), 0, 1
(87,59), 0, 1
(87,69), 0, 1
(87,76), 0, 1
(87,78), 0, 1
(87,84), 0, 1
(87,89), 0, 1
(87,92), 0, 1
(88,3), 0, 1
(88,10), 0, 1
(88,19), 0, 1
(88,40), 0, 1
(88,47), 0, 1
(88,79), 0, 1
(88,93), 0, 1
(88,95), 0, 1
(88,97), 0, 1
(89,10), 0, 1
(89,19), 0, 1
(89,21), 0, 1
(89,40), 0, 1
(89,47), 0, 1
(89,79), 0, 1
(89,93), 0, 1
(89,95), 0, 1
(89,97), 0, 1
(90,3), 0, 1
(90,10), 0, 1
(90,19), 0, 1
(90,47), 0, 1
(90,79), 0, 1
(90,93), 0, 1
(90,95), 0, 1
(90,97), 0, 1
(91,3), 0, 1
(91,10), 0, 1
(91,19), 0, 1
(91,21), 0, 1
(91,40), 0, 1
(91,47), 0, 1
(91,79), 0, 1
(91,93), 0, 1
(91,95), 0, 1
(91,97), 0, 1
(92,0), 0, 1
(92,1), 0, 1
(92,2), 0, 1
(92,3), 0, 1
(92,4), 0, 1
(92,5), 0, 1
(92,6), 0, 1
(92,8), 0, 1
(92,10), 0, 1
(92,11), 0, 1
(92,13), 0, 1
(92,14), 0, 1
(92,15), 0, 1
(92,16), 0, 1
(92,17), 0, 1
(92,18), 0, 1
(92,19), 0, 1
(92,20), 0, 1
(92,21), 0, 1
(92,22), 0, 1
(92,24), 0, 1
(92,25), 0, 1
(92,27), 0, 1
(92,28), 0, 1
(92,30), 0, 1
(92,31), 0, 1
(92,32), 0, 1
(92,33), 0, 1
(92,34), 0, 1
(92,35), 0, 1
(92,37), 0, 1
(92,39), 0, 1
(92,40), 0, 1
(92,41), 0, 1
(92,42), 0, 1
(92,44), 0, 1
(92,45), 0, 1
(92,46), 0, 1
(92,47), 0, 1
(92,52), 0, 1
(92,53), 0, 1
(92,55), 0, 1
(92,56), 0, 1
(92,57), 0, 1
(92,59), 0, 1
(92,61), 0, 1
(92,62), 0, 1
(92,63), 0, 1
(92,67), 0, 1
(92,68), 0, 1
(92,69), 0, 1
(92,70), 0, 1
(92,71), 0, 1
(92,72), 0, 1
(92,73), 0, 1
(92,75), 0, 1
(92,76), 0, 1
(92,77), 0, 1
(92,78), 0, 1
(92,80), 0, 1
(92,81), 0, 1
(92,83), 0, 1
(92,84), 0, 1
(92,85), 0, 1
(92,86), 0, 1
(92,87), 0, 1
(92,88), 0, 1
(92,94), 0, 1
(92,95), 0, 1
(92,97), 0, 1
(93,5), 0, 1
(93,17), 0, 1
(93,20), 0, 1
(93,24), 0, 1
(93,33), 0, 1
(93,44), 0, 1
(93,53), 0, 1
(93,55), 0, 1
(93,59), 0, 1
(93,69), 0, 1
(93,76), 0, 1
(93,78), 0, 1
(93,84), 0, 1
(93,87), 0, 1
(93,89), 0, 1
(93,92), 0, 1
(94,17), 0, 1
(94,33), 0, 1
(94,44), 0, 1
(94,53), 0, 1
(94,55), 0, 1
(94,59), 0, 1
(94,69), 0, 1
(94,78), 0, 1
(94,84), 0, 1
(94,87), 0, 1
(94,89), 0, 1
(94,92), 0, 1
(95,5), 0, 1
(95,17), 0, 1
(95,20), 0, 1
(95,23), 0, 1
(95,24), 0, 1
(95,33), 0, 1
(95,44), 0, 1
(95,53), 0, 1
(95,55), 0, 1
(95,59), 0, 1
(95,65), 0, 1
(95,69), 0, 1
(95,76), 0, 1
(95,78), 0, 1
(95,84), 0, 1
(95,87), 0, 1
(95,89), 0, 1
(95,92), 0, 1
(98,0), 0, 1
(98,1), 0, 1
(98,2), 0, 1
(98,3), 0, 1
(98,4), 0, 1
(98,5), 0, 1
(98,6), 0, 1
(98,8), 0, 1
(98,10), 0, 1
(98,11), 0, 1
(98,12), 0, 1
(98,13), 0, 1
(98,14), 0, 1
(98,16), 0, 1
(98,18), 0, 1
(98,19), 0, 1
(98,20), 0, 1
(98,21), 0, 1
(98,22), 0, 1
(98,24), 0, 1
(98,25), 0, 1
(98,27), 0, 1
(98,28), 0, 1
(98,30), 0, 1
(98,31), 0, 1
(98,32), 0, 1
(98,33), 0, 1
(98,35), 0, 1
(98,39), 0, 1
(98,40), 0, 1
(98,41), 0, 1
(98,44), 0, 1
(98,45), 0, 1
(98,46), 0, 1
(98,47), 0, 1
(98,51), 0, 1
(98,52), 0, 1
(98,55), 0, 1
(98,56), 0, 1
(98,57), 0, 1
(98,59), 0, 1
(98,61), 0, 1
(98,62), 0, 1
(98,63), 0, 1
(98,65), 0, 1
(98,67), 0, 1
(98,68), 0, 1
(98,69), 0, 1
(98,70), 0, 1
(98,71), 0, 1
(98,72), 0, 1
(98,75), 0, 1
(98,76), 0, 1
(98,78), 0, 1
(98,79), 0, 1
(98,80), 0, 1
(98,81), 0, 1
(98,83), 0, 1
(98,84), 0, 1
(98,85), 0, 1
(98,86), 0, 1
(98,87), 0, 1
(98,88), 0, 1
(98,89), 0, 1
(98,90), 0, 1
(98,91), 0, 1
(98,92), 0, 1
(98,93), 0, 1
(98,94), 0, 1
(98,95), 0, 1
(98,97), 0, 1
(99,5), 0, 1
(99,17), 0, 1
(99,20), 0, 1
(99,24), 0, 1
(99,33), 0, 1
(99,44), 0, 1
(99,53), 0, 1
(99,55), 0, 1
(99,59), 0, 1
(99,76), 0, 1
(99,78), 0, 1
(99,84), 0, 1
(99,87), 0, 1
(99,89), 0, 1
(99,92), 0, 1
