Nr_Pairs = 94
Nr_NDD = 6
Nr_Arcs = 2176
0	0.90
1	0.10
2	0.5
3	0.5
4	0.5
5	0.90
6	0.90
7	0.5
8	0.5
9	0.90
10	0.5
11	0.5
12	0.28
13	0.5
14	0.5
15	0.5
16	0.5
17	0.28
18	0.5
19	0.90
20	0.28
21	0.5
22	0.5
23	0.28
24	0.90
25	0.28
26	0.10
27	0.32
28	0.28
29	0.5
30	0.10
31	0.5
32	0.5
33	0.5
34	0.28
35	0.90
36	0.5
37	0.5
38	0.92
39	0.90
40	0.5
41	0.5
42	0.5
43	0.28
44	0.10
45	0.5
46	0.28
47	0.90
48	0.10
49	0.5
50	0.10
51	0.28
52	0.5
53	0.10
54	0.10
55	0.5
56	0.5
57	0.90
58	0.90
59	0.5
60	0.90
61	0.5
62	0.28
63	0.5
64	0.5
65	0.5
66	0.5
67	0.5
68	0.90
69	0.5
70	0.5
71	0.10
72	0.90
73	0.10
74	0.5
75	0.5
76	0.32
77	0.10
78	0.5
79	0.5
80	0.10
81	0.5
82	0.5
83	0.90
84	0.5
85	0.90
86	0.5
87	0.90
88	0.90
89	0.5
90	0.28
91	0.5
92	0.5
93	0.32
94	0.0
95	0.0
96	0.0
97	0.0
98	0.0
99	0.0
(0,1), 0, 1
(0,2), 0, 1
(0,3), 0, 1
(0,4), 0, 1
(0,7), 0, 1
(0,8), 0, 1
(0,10), 0, 1
(0,11), 0, 1
(0,12), 0, 1
(0,13), 0, 1
(0,14), 0, 1
(0,15), 0, 1
(0,16), 0, 1
(0,17), 0, 1
(0,21), 0, 1
(0,22), 0, 1
(0,28), 0, 1
(0,29), 0, 1
(0,30), 0, 1
(0,31), 0, 1
(0,32), 0, 1
(0,33), 0, 1
(0,36), 0, 1
(0,37), 0, 1
(0,38), 0, 1
(0,40), 0, 1
(0,41), 0, 1
(0,44), 0, 1
(0,45), 0, 1
(0,46), 0, 1
(0,48), 0, 1
(0,49), 0, 1
(0,50), 0, 1
(0,51), 0, 1
(0,52), 0, 1
(0,53), 0, 1
(0,54), 0, 1
(0,55), 0, 1
(0,56), 0, 1
(0,59), 0, 1
(0,61), 0, 1
(0,63), 0, 1
(0,64), 0, 1
(0,65), 0, 1
(0,66), 0, 1
(0,67), 0, 1
(0,69), 0, 1
(0,70), 0, 1
(0,71), 0, 1
(0,73), 0, 1
(0,75), 0, 1
(0,76), 0, 1
(0,77), 0, 1
(0,78), 0, 1
(0,79), 0, 1
(0,80), 0, 1
(0,81), 0, 1
(0,82), 0, 1
(0,84), 0, 1
(0,86), 0, 1
(0,89), 0, 1
(0,90), 0, 1
(0,91), 0, 1
(0,92), 0, 1
(1,0), 0, 1
(1,2), 0, 1
(1,3), 0, 1
(1,4), 0, 1
(1,7), 0, 1
(1,8), 0, 1
(1,10), 0, 1
(1,11), 0, 1
(1,12), 0, 1
(1,13), 0, 1
(1,14), 0, 1
(1,15), 0, 1
(1,16), 0, 1
(1,18), 0, 1
(1,20), 0, 1
(1,21), 0, 1
(1,22), 0, 1
(1,23), 0, 1
(1,26), 0, 1
(1,27), 0, 1
(1,29), 0, 1
(1,30), 0, 1
(1,31), 0, 1
(1,32), 0, 1
(1,33), 0, 1
(1,36), 0, 1
(1,37), 0, 1
(1,40), 0, 1
(1,41), 0, 1
(1,42), 0, 1
(1,44), 0, 1
(1,45), 0, 1
(1,48), 0, 1
(1,49), 0, 1
(1,50), 0, 1
(1,51), 0, 1
(1,52), 0, 1
(1,53), 0, 1
(1,54), 0, 1
(1,55), 0, 1
(1,56), 0, 1
(1,59), 0, 1
(1,61), 0, 1
(1,62), 0, 1
(1,63), 0, 1
(1,64), 0, 1
(1,65), 0, 1
(1,66), 0, 1
(1,67), 0, 1
(1,69), 0, 1
(1,70), 0, 1
(1,73), 0, 1
(1,74), 0, 1
(1,77), 0, 1
(1,78), 0, 1
(1,79), 0, 1
(1,80), 0, 1
(1,81), 0, 1
(1,82), 0, 1
(1,84), 0, 1
(1,86), 0, 1
(1,87), 0, 1
(1,89), 0, 1
(1,91), 0, 1
(2,1), 0, 1
(2,19), 0, 1
(2,34), 0, 1
(2,42), 0, 1
(2,49), 0, 1
(2,61), 0, 1
(2,65), 0, 1
(2,77), 0, 1
(2,84), 0, 1
(2,93), 0, 1
(5,1), 0, 1
(5,2), 0, 1
(5,3), 0, 1
(5,4), 0, 1
(5,6), 0, 1
(5,7), 0, 1
(5,8), 0, 1
(5,10), 0, 1
(5,11), 0, 1
(5,12), 0, 1
(5,13), 0, 1
(5,14), 0, 1
(5,15), 0, 1
(5,16), 0, 1
(5,17), 0, 1
(5,18), 0, 1
(5,19), 0, 1
(5,20), 0, 1
(5,21), 0, 1
(5,22), 0, 1
(5,23), 0, 1
(5,26), 0, 1
(5,27), 0, 1
(5,28), 0, 1
(5,29), 0, 1
(5,30), 0, 1
(5,31), 0, 1
(5,32), 0, 1
(5,33), 0, 1
(5,36), 0, 1
(5,37), 0, 1
(5,38), 0, 1
(5,40), 0, 1
(5,41), 0, 1
(5,42), 0, 1
(5,44), 0, 1
(5,46), 0, 1
(5,48), 0, 1
(5,49), 0, 1
(5,50), 0, 1
(5,51), 0, 1
(5,52), 0, 1
(5,53), 0, 1
(5,54), 0, 1
(5,55), 0, 1
(5,56), 0, 1
(5,59), 0, 1
(5,62), 0, 1
(5,64), 0, 1
(5,65), 0, 1
(5,66), 0, 1
(5,67), 0, 1
(5,69), 0, 1
(5,70), 0, 1
(5,71), 0, 1
(5,72), 0, 1
(5,73), 0, 1
(5,74), 0, 1
(5,75), 0, 1
(5,76), 0, 1
(5,77), 0, 1
(5,78), 0, 1
(5,79), 0, 1
(5,80), 0, 1
(5,81), 0, 1
(5,82), 0, 1
(5,84), 0, 1
(5,86), 0, 1
(5,89), 0, 1
(5,90), 0, 1
(5,91), 0, 1
(5,92), 0, 1
(5,93), 0, 1
(6,1), 0, 1
(6,2), 0, 1
(6,3), 0, 1
(6,4), 0, 1
(6,7), 0, 1
(6,8), 0, 1
(6,10), 0, 1
(6,11), 0, 1
(6,12), 0, 1
(6,13), 0, 1
(6,14), 0, 1
(6,15), 0, 1
(6,16), 0, 1
(6,17), 0, 1
(6,18), 0, 1
(6,20), 0, 1
(6,21), 0, 1
(6,22), 0, 1
(6,23), 0, 1
(6,26), 0, 1
(6,28), 0, 1
(6,29), 0, 1
(6,30), 0, 1
(6,31), 0, 1
(6,32), 0, 1
(6,33), 0, 1
(6,34), 0, 1
(6,36), 0, 1
(6,37), 0, 1
(6,40), 0, 1
(6,41), 0, 1
(6,42), 0, 1
(6,43), 0, 1
(6,44), 0, 1
(6,45), 0, 1
(6,46), 0, 1
(6,48), 0, 1
(6,49), 0, 1
(6,50), 0, 1
(6,52), 0, 1
(6,53), 0, 1
(6,55), 0, 1
(6,56), 0, 1
(6,59), 0, 1
(6,61), 0, 1
(6,62), 0, 1
(6,63), 0, 1
(6,65), 0, 1
(6,66), 0, 1
(6,67), 0, 1
(6,69), 0, 1
(6,70), 0, 1
(6,71), 0, 1
(6,73), 0, 1
(6,74), 0, 1
(6,75), 0, 1
(6,76), 0, 1
(6,77), 0, 1
(6,78), 0, 1
(6,79), 0, 1
(6,80), 0, 1
(6,81), 0, 1
(6,82), 0, 1
(6,84), 0, 1
(6,86), 0, 1
(6,89), 0, 1
(6,91), 0, 1
(6,92), 0, 1
(7,1), 0, 1
(7,34), 0, 1
(7,42), 0, 1
(7,49), 0, 1
(7,61), 0, 1
(7,65), 0, 1
(7,72), 0, 1
(7,77), 0, 1
(7,84), 0, 1
(7,88), 0, 1
(7,93), 0, 1
(8,1), 0, 1
(8,34), 0, 1
(8,42), 0, 1
(8,49), 0, 1
(8,61), 0, 1
(8,65), 0, 1
(8,77), 0, 1
(8,84), 0, 1
(8,87), 0, 1
(8,93), 0, 1
(9,1), 0, 1
(9,2), 0, 1
(9,4), 0, 1
(9,7), 0, 1
(9,8), 0, 1
(9,10), 0, 1
(9,11), 0, 1
(9,12), 0, 1
(9,13), 0, 1
(9,14), 0, 1
(9,15), 0, 1
(9,16), 0, 1
(9,17), 0, 1
(9,18), 0, 1
(9,20), 0, 1
(9,21), 0, 1
(9,22), 0, 1
(9,23), 0, 1
(9,25), 0, 1
(9,27), 0, 1
(9,28), 0, 1
(9,30), 0, 1
(9,31), 0, 1
(9,32), 0, 1
(9,33), 0, 1
(9,34), 0, 1
(9,35), 0, 1
(9,36), 0, 1
(9,37), 0, 1
(9,39), 0, 1
(9,40), 0, 1
(9,41), 0, 1
(9,42), 0, 1
(9,43), 0, 1
(9,44), 0, 1
(9,45), 0, 1
(9,48), 0, 1
(9,49), 0, 1
(9,50), 0, 1
(9,51), 0, 1
(9,52), 0, 1
(9,53), 0, 1
(9,54), 0, 1
(9,55), 0, 1
(9,56), 0, 1
(9,59), 0, 1
(9,61), 0, 1
(9,62), 0, 1
(9,64), 0, 1
(9,65), 0, 1
(9,66), 0, 1
(9,67), 0, 1
(9,69), 0, 1
(9,70), 0, 1
(9,71), 0, 1
(9,73), 0, 1
(9,74), 0, 1
(9,75), 0, 1
(9,76), 0, 1
(9,77), 0, 1
(9,78), 0, 1
(9,79), 0, 1
(9,80), 0, 1
(9,81), 0, 1
(9,82), 0, 1
(9,84), 0, 1
(9,86), 0, 1
(9,89), 0, 1
(9,90), 0, 1
(9,91), 0, 1
(9,93), 0, 1
(10,1), 0, 1
(10,34), 0, 1
(10,42), 0, 1
(10,49), 0, 1
(10,61), 0, 1
(10,65), 0, 1
(10,77), 0, 1
(10,84), 0, 1
(10,93), 0, 1
(11,4), 0, 1
(11,7), 0, 1
(11,17), 0, 1
(11,20), 0, 1
(11,22), 0, 1
(11,26), 0, 1
(11,27), 0, 1
(11,32), 0, 1
(11,33), 0, 1
(11,36), 0, 1
(11,40), 0, 1
(11,41), 0, 1
(11,62), 0, 1
(11,69), 0, 1
(11,80), 0, 1
(11,81), 0, 1
(11,86), 0, 1
(12,4), 0, 1
(12,7), 0, 1
(12,17), 0, 1
(12,20), 0, 1
(12,22), 0, 1
(12,26), 0, 1
(12,32), 0, 1
(12,33), 0, 1
(12,36), 0, 1
(12,40), 0, 1
(12,41), 0, 1
(12,62), 0, 1
(12,69), 0, 1
(12,80), 0, 1
(12,81), 0, 1
(12,86), 0, 1
(13,1), 0, 1
(13,42), 0, 1
(13,61), 0, 1
(13,65), 0, 1
(13,77), 0, 1
(13,83), 0, 1
(13,93), 0, 1
(14,1), 0, 1
(14,2), 0, 1
(14,3), 0, 1
(14,4), 0, 1
(14,7), 0, 1
(14,8), 0, 1
(14,10), 0, 1
(14,11), 0, 1
(14,12), 0, 1
(14,13), 0, 1
(14,15), 0, 1
(14,16), 0, 1
(14,17), 0, 1
(14,18), 0, 1
(14,21), 0, 1
(14,22), 0, 1
(14,23), 0, 1
(14,25), 0, 1
(14,26), 0, 1
(14,28), 0, 1
(14,29), 0, 1
(14,30), 0, 1
(14,31), 0, 1
(14,32), 0, 1
(14,33), 0, 1
(14,34), 0, 1
(14,36), 0, 1
(14,37), 0, 1
(14,38), 0, 1
(14,40), 0, 1
(14,41), 0, 1
(14,42), 0, 1
(14,43), 0, 1
(14,44), 0, 1
(14,45), 0, 1
(14,46), 0, 1
(14,48), 0, 1
(14,49), 0, 1
(14,50), 0, 1
(14,51), 0, 1
(14,52), 0, 1
(14,53), 0, 1
(14,55), 0, 1
(14,56), 0, 1
(14,57), 0, 1
(14,59), 0, 1
(14,60), 0, 1
(14,61), 0, 1
(14,62), 0, 1
(14,63), 0, 1
(14,65), 0, 1
(14,66), 0, 1
(14,67), 0, 1
(14,69), 0, 1
(14,70), 0, 1
(14,71), 0, 1
(14,73), 0, 1
(14,74), 0, 1
(14,75), 0, 1
(14,76), 0, 1
(14,77), 0, 1
(14,78), 0, 1
(14,79), 0, 1
(14,80), 0, 1
(14,81), 0, 1
(14,82), 0, 1
(14,83), 0, 1
(14,84), 0, 1
(14,86), 0, 1
(14,89), 0, 1
(14,90), 0, 1
(14,91), 0, 1
(14,92), 0, 1
(15,1), 0, 1
(15,19), 0, 1
(15,42), 0, 1
(15,49), 0, 1
(15,61), 0, 1
(15,65), 0, 1
(15,77), 0, 1
(15,83), 0, 1
(15,84), 0, 1
(16,4), 0, 1
(16,7), 0, 1
(16,17), 0, 1
(16,20), 0, 1
(16,22), 0, 1
(16,26), 0, 1
(16,27), 0, 1
(16,32), 0, 1
(16,33), 0, 1
(16,36), 0, 1
(16,41), 0, 1
(16,44), 0, 1
(16,69), 0, 1
(16,80), 0, 1
(16,81), 0, 1
(16,86), 0, 1
(17,1), 0, 1
(17,2), 0, 1
(17,3), 0, 1
(17,4), 0, 1
(17,7), 0, 1
(17,8), 0, 1
(17,10), 0, 1
(17,11), 0, 1
(17,12), 0, 1
(17,13), 0, 1
(17,14), 0, 1
(17,15), 0, 1
(17,16), 0, 1
(17,18), 0, 1
(17,20), 0, 1
(17,21), 0, 1
(17,22), 0, 1
(17,23), 0, 1
(17,25), 0, 1
(17,27), 0, 1
(17,29), 0, 1
(17,30), 0, 1
(17,31), 0, 1
(17,32), 0, 1
(17,33), 0, 1
(17,34), 0, 1
(17,36), 0, 1
(17,37), 0, 1
(17,40), 0, 1
(17,41), 0, 1
(17,42), 0, 1
(17,44), 0, 1
(17,45), 0, 1
(17,46), 0, 1
(17,47), 0, 1
(17,48), 0, 1
(17,49), 0, 1
(17,50), 0, 1
(17,51), 0, 1
(17,52), 0, 1
(17,53), 0, 1
(17,55), 0, 1
(17,56), 0, 1
(17,59), 0, 1
(17,61), 0, 1
(17,62), 0, 1
(17,63), 0, 1
(17,64), 0, 1
(17,65), 0, 1
(17,66), 0, 1
(17,67), 0, 1
(17,70), 0, 1
(17,71), 0, 1
(17,73), 0, 1
(17,74), 0, 1
(17,75), 0, 1
(17,76), 0, 1
(17,77), 0, 1
(17,78), 0, 1
(17,79), 0, 1
(17,80), 0, 1
(17,81), 0, 1
(17,82), 0, 1
(17,84), 0, 1
(17,85), 0, 1
(17,86), 0, 1
(17,87), 0, 1
(17,89), 0, 1
(17,91), 0, 1
(17,92), 0, 1
(17,93), 0, 1
(18,1), 0, 1
(18,34), 0, 1
(18,42), 0, 1
(18,49), 0, 1
(18,61), 0, 1
(18,65), 0, 1
(18,77), 0, 1
(18,84), 0, 1
(18,93), 0, 1
(19,1), 0, 1
(19,49), 0, 1
(19,61), 0, 1
(19,65), 0, 1
(19,77), 0, 1
(19,84), 0, 1
(19,93), 0, 1
(20,1), 0, 1
(20,42), 0, 1
(20,49), 0, 1
(20,61), 0, 1
(20,65), 0, 1
(20,77), 0, 1
(21,1), 0, 1
(21,34), 0, 1
(21,39), 0, 1
(21,42), 0, 1
(21,49), 0, 1
(21,61), 0, 1
(21,65), 0, 1
(21,72), 0, 1
(21,77), 0, 1
(21,84), 0, 1
(21,93), 0, 1
(22,1), 0, 1
(22,34), 0, 1
(22,42), 0, 1
(22,49), 0, 1
(22,61), 0, 1
(22,65), 0, 1
(22,77), 0, 1
(22,84), 0, 1
(22,88), 0, 1
(22,93), 0, 1
(23,1), 0, 1
(23,6), 0, 1
(23,34), 0, 1
(23,42), 0, 1
(23,49), 0, 1
(23,61), 0, 1
(23,65), 0, 1
(23,77), 0, 1
(23,84), 0, 1
(23,88), 0, 1
(23,93), 0, 1
(24,1), 0, 1
(24,2), 0, 1
(24,3), 0, 1
(24,4), 0, 1
(24,7), 0, 1
(24,10), 0, 1
(24,11), 0, 1
(24,14), 0, 1
(24,15), 0, 1
(24,16), 0, 1
(24,18), 0, 1
(24,20), 0, 1
(24,21), 0, 1
(24,22), 0, 1
(24,23), 0, 1
(24,27), 0, 1
(24,28), 0, 1
(24,29), 0, 1
(24,30), 0, 1
(24,31), 0, 1
(24,32), 0, 1
(24,33), 0, 1
(24,36), 0, 1
(24,37), 0, 1
(24,40), 0, 1
(24,41), 0, 1
(24,42), 0, 1
(24,43), 0, 1
(24,44), 0, 1
(24,45), 0, 1
(24,46), 0, 1
(24,49), 0, 1
(24,50), 0, 1
(24,51), 0, 1
(24,52), 0, 1
(24,53), 0, 1
(24,54), 0, 1
(24,55), 0, 1
(24,56), 0, 1
(24,59), 0, 1
(24,61), 0, 1
(24,62), 0, 1
(24,63), 0, 1
(24,64), 0, 1
(24,65), 0, 1
(24,66), 0, 1
(24,67), 0, 1
(24,69), 0, 1
(24,70), 0, 1
(24,71), 0, 1
(24,73), 0, 1
(24,74), 0, 1
(24,75), 0, 1
(24,76), 0, 1
(24,77), 0, 1
(24,78), 0, 1
(24,79), 0, 1
(24,80), 0, 1
(24,81), 0, 1
(24,82), 0, 1
(24,84), 0, 1
(24,86), 0, 1
(24,89), 0, 1
(24,91), 0, 1
(24,92), 0, 1
(24,93), 0, 1
(25,4), 0, 1
(25,7), 0, 1
(25,17), 0, 1
(25,22), 0, 1
(25,26), 0, 1
(25,27), 0, 1
(25,32), 0, 1
(25,33), 0, 1
(25,38), 0, 1
(25,39), 0, 1
(25,40), 0, 1
(25,41), 0, 1
(25,44), 0, 1
(25,62), 0, 1
(25,69), 0, 1
(25,80), 0, 1
(25,81), 0, 1
(25,86), 0, 1
(26,4), 0, 1
(26,7), 0, 1
(26,20), 0, 1
(26,22), 0, 1
(26,27), 0, 1
(26,32), 0, 1
(26,33), 0, 1
(26,36), 0, 1
(26,40), 0, 1
(26,41), 0, 1
(26,44), 0, 1
(26,62), 0, 1
(26,69), 0, 1
(26,80), 0, 1
(26,81), 0, 1
(26,86), 0, 1
(27,1), 0, 1
(27,42), 0, 1
(27,49), 0, 1
(27,61), 0, 1
(27,65), 0, 1
(27,77), 0, 1
(27,84), 0, 1
(27,93), 0, 1
(28,1), 0, 1
(28,34), 0, 1
(28,42), 0, 1
(28,49), 0, 1
(28,61), 0, 1
(28,65), 0, 1
(28,77), 0, 1
(28,87), 0, 1
(28,93), 0, 1
(29,0), 0, 1
(29,1), 0, 1
(29,34), 0, 1
(29,42), 0, 1
(29,49), 0, 1
(29,61), 0, 1
(29,65), 0, 1
(29,83), 0, 1
(29,84), 0, 1
(30,1), 0, 1
(30,5), 0, 1
(30,6), 0, 1
(30,42), 0, 1
(30,49), 0, 1
(30,61), 0, 1
(30,65), 0, 1
(30,77), 0, 1
(30,84), 0, 1
(30,93), 0, 1
(31,4), 0, 1
(31,7), 0, 1
(31,17), 0, 1
(31,20), 0, 1
(31,22), 0, 1
(31,26), 0, 1
(31,27), 0, 1
(31,32), 0, 1
(31,33), 0, 1
(31,36), 0, 1
(31,40), 0, 1
(31,44), 0, 1
(31,69), 0, 1
(31,80), 0, 1
(31,81), 0, 1
(31,86), 0, 1
(32,1), 0, 1
(32,6), 0, 1
(32,34), 0, 1
(32,42), 0, 1
(32,49), 0, 1
(32,61), 0, 1
(32,65), 0, 1
(32,77), 0, 1
(32,84), 0, 1
(33,0), 0, 1
(33,1), 0, 1
(33,42), 0, 1
(33,49), 0, 1
(33,61), 0, 1
(33,65), 0, 1
(33,77), 0, 1
(33,83), 0, 1
(33,84), 0, 1
(33,87), 0, 1
(33,93), 0, 1
(34,4), 0, 1
(34,7), 0, 1
(34,17), 0, 1
(34,20), 0, 1
(34,22), 0, 1
(34,26), 0, 1
(34,32), 0, 1
(34,33), 0, 1
(34,36), 0, 1
(34,41), 0, 1
(34,44), 0, 1
(34,62), 0, 1
(34,69), 0, 1
(34,80), 0, 1
(34,81), 0, 1
(34,86), 0, 1
(34,88), 0, 1
(35,0), 0, 1
(35,1), 0, 1
(35,2), 0, 1
(35,3), 0, 1
(35,7), 0, 1
(35,8), 0, 1
(35,10), 0, 1
(35,14), 0, 1
(35,15), 0, 1
(35,16), 0, 1
(35,17), 0, 1
(35,18), 0, 1
(35,20), 0, 1
(35,21), 0, 1
(35,22), 0, 1
(35,23), 0, 1
(35,26), 0, 1
(35,27), 0, 1
(35,29), 0, 1
(35,30), 0, 1
(35,31), 0, 1
(35,32), 0, 1
(35,33), 0, 1
(35,34), 0, 1
(35,36), 0, 1
(35,37), 0, 1
(35,41), 0, 1
(35,42), 0, 1
(35,43), 0, 1
(35,44), 0, 1
(35,45), 0, 1
(35,46), 0, 1
(35,48), 0, 1
(35,49), 0, 1
(35,50), 0, 1
(35,51), 0, 1
(35,52), 0, 1
(35,53), 0, 1
(35,55), 0, 1
(35,56), 0, 1
(35,58), 0, 1
(35,59), 0, 1
(35,61), 0, 1
(35,62), 0, 1
(35,63), 0, 1
(35,64), 0, 1
(35,65), 0, 1
(35,66), 0, 1
(35,67), 0, 1
(35,70), 0, 1
(35,71), 0, 1
(35,74), 0, 1
(35,75), 0, 1
(35,76), 0, 1
(35,77), 0, 1
(35,78), 0, 1
(35,79), 0, 1
(35,80), 0, 1
(35,81), 0, 1
(35,82), 0, 1
(35,84), 0, 1
(35,86), 0, 1
(35,89), 0, 1
(35,91), 0, 1
(35,92), 0, 1
(35,93), 0, 1
(36,1), 0, 1
(36,6), 0, 1
(36,34), 0, 1
(36,42), 0, 1
(36,49), 0, 1
(36,61), 0, 1
(36,65), 0, 1
(36,77), 0, 1
(36,84), 0, 1
(36,87), 0, 1
(36,93), 0, 1
(38,1), 0, 1
(38,5), 0, 1
(38,6), 0, 1
(38,42), 0, 1
(38,49), 0, 1
(38,61), 0, 1
(38,65), 0, 1
(38,77), 0, 1
(38,83), 0, 1
(38,84), 0, 1
(38,93), 0, 1
(39,1), 0, 1
(39,34), 0, 1
(39,42), 0, 1
(39,49), 0, 1
(39,61), 0, 1
(39,65), 0, 1
(39,77), 0, 1
(39,83), 0, 1
(39,84), 0, 1
(39,87), 0, 1
(39,93), 0, 1
(40,1), 0, 1
(40,34), 0, 1
(40,42), 0, 1
(40,49), 0, 1
(40,61), 0, 1
(40,65), 0, 1
(40,77), 0, 1
(40,84), 0, 1
(41,1), 0, 1
(41,34), 0, 1
(41,39), 0, 1
(41,42), 0, 1
(41,49), 0, 1
(41,61), 0, 1
(41,65), 0, 1
(41,77), 0, 1
(41,83), 0, 1
(41,84), 0, 1
(42,4), 0, 1
(42,7), 0, 1
(42,17), 0, 1
(42,22), 0, 1
(42,26), 0, 1
(42,32), 0, 1
(42,33), 0, 1
(42,36), 0, 1
(42,40), 0, 1
(42,41), 0, 1
(42,44), 0, 1
(42,69), 0, 1
(42,80), 0, 1
(42,81), 0, 1
(42,86), 0, 1
(43,1), 0, 1
(43,34), 0, 1
(43,42), 0, 1
(43,49), 0, 1
(43,61), 0, 1
(43,65), 0, 1
(43,77), 0, 1
(43,84), 0, 1
(43,93), 0, 1
(44,1), 0, 1
(44,42), 0, 1
(44,49), 0, 1
(44,61), 0, 1
(44,65), 0, 1
(44,84), 0, 1
(45,1), 0, 1
(45,34), 0, 1
(45,39), 0, 1
(45,42), 0, 1
(45,49), 0, 1
(45,65), 0, 1
(45,77), 0, 1
(45,84), 0, 1
(45,93), 0, 1
(46,0), 0, 1
(47,1), 0, 1
(47,2), 0, 1
(47,3), 0, 1
(47,4), 0, 1
(47,7), 0, 1
(47,8), 0, 1
(47,10), 0, 1
(47,11), 0, 1
(47,13), 0, 1
(47,14), 0, 1
(47,15), 0, 1
(47,16), 0, 1
(47,18), 0, 1
(47,20), 0, 1
(47,21), 0, 1
(47,22), 0, 1
(47,25), 0, 1
(47,26), 0, 1
(47,27), 0, 1
(47,29), 0, 1
(47,30), 0, 1
(47,31), 0, 1
(47,32), 0, 1
(47,33), 0, 1
(47,34), 0, 1
(47,36), 0, 1
(47,37), 0, 1
(47,40), 0, 1
(47,41), 0, 1
(47,42), 0, 1
(47,43), 0, 1
(47,44), 0, 1
(47,45), 0, 1
(47,46), 0, 1
(47,48), 0, 1
(47,49), 0, 1
(47,50), 0, 1
(47,51), 0, 1
(47,52), 0, 1
(47,54), 0, 1
(47,55), 0, 1
(47,56), 0, 1
(47,59), 0, 1
(47,63), 0, 1
(47,64), 0, 1
(47,65), 0, 1
(47,66), 0, 1
(47,67), 0, 1
(47,69), 0, 1
(47,70), 0, 1
(47,71), 0, 1
(47,74), 0, 1
(47,75), 0, 1
(47,78), 0, 1
(47,79), 0, 1
(47,80), 0, 1
(47,81), 0, 1
(47,82), 0, 1
(47,84), 0, 1
(47,86), 0, 1
(47,89), 0, 1
(47,90), 0, 1
(47,91), 0, 1
(47,92), 0, 1
(47,93), 0, 1
(48,1), 0, 1
(48,34), 0, 1
(48,39), 0, 1
(48,42), 0, 1
(48,49), 0, 1
(48,61), 0, 1
(48,65), 0, 1
(48,77), 0, 1
(48,84), 0, 1
(49,0), 0, 1
(49,1), 0, 1
(49,19), 0, 1
(49,34), 0, 1
(49,42), 0, 1
(49,65), 0, 1
(49,72), 0, 1
(49,77), 0, 1
(49,84), 0, 1
(49,93), 0, 1
(50,4), 0, 1
(50,7), 0, 1
(50,17), 0, 1
(50,22), 0, 1
(50,26), 0, 1
(50,27), 0, 1
(50,32), 0, 1
(50,33), 0, 1
(50,36), 0, 1
(50,40), 0, 1
(50,41), 0, 1
(50,44), 0, 1
(50,69), 0, 1
(50,81), 0, 1
(50,86), 0, 1
(51,1), 0, 1
(51,34), 0, 1
(51,42), 0, 1
(51,49), 0, 1
(51,61), 0, 1
(51,65), 0, 1
(51,77), 0, 1
(51,84), 0, 1
(52,1), 0, 1
(52,34), 0, 1
(52,49), 0, 1
(52,61), 0, 1
(52,65), 0, 1
(52,84), 0, 1
(52,93), 0, 1
(54,1), 0, 1
(54,34), 0, 1
(54,42), 0, 1
(54,49), 0, 1
(54,61), 0, 1
(54,65), 0, 1
(54,77), 0, 1
(54,84), 0, 1
(54,93), 0, 1
(55,0), 0, 1
(55,1), 0, 1
(55,34), 0, 1
(55,42), 0, 1
(55,49), 0, 1
(55,61), 0, 1
(55,65), 0, 1
(55,77), 0, 1
(55,84), 0, 1
(55,93), 0, 1
(56,1), 0, 1
(56,6), 0, 1
(56,39), 0, 1
(56,42), 0, 1
(56,49), 0, 1
(56,61), 0, 1
(56,65), 0, 1
(56,77), 0, 1
(56,84), 0, 1
(56,93), 0, 1
(57,2), 0, 1
(57,4), 0, 1
(57,7), 0, 1
(57,8), 0, 1
(57,11), 0, 1
(57,12), 0, 1
(57,13), 0, 1
(57,14), 0, 1
(57,15), 0, 1
(57,16), 0, 1
(57,17), 0, 1
(57,18), 0, 1
(57,20), 0, 1
(57,21), 0, 1
(57,22), 0, 1
(57,25), 0, 1
(57,26), 0, 1
(57,29), 0, 1
(57,30), 0, 1
(57,31), 0, 1
(57,32), 0, 1
(57,33), 0, 1
(57,34), 0, 1
(57,36), 0, 1
(57,37), 0, 1
(57,40), 0, 1
(57,41), 0, 1
(57,42), 0, 1
(57,43), 0, 1
(57,44), 0, 1
(57,45), 0, 1
(57,46), 0, 1
(57,48), 0, 1
(57,49), 0, 1
(57,50), 0, 1
(57,51), 0, 1
(57,52), 0, 1
(57,53), 0, 1
(57,55), 0, 1
(57,56), 0, 1
(57,59), 0, 1
(57,61), 0, 1
(57,62), 0, 1
(57,63), 0, 1
(57,64), 0, 1
(57,65), 0, 1
(57,66), 0, 1
(57,67), 0, 1
(57,69), 0, 1
(57,70), 0, 1
(57,71), 0, 1
(57,73), 0, 1
(57,74), 0, 1
(57,75), 0, 1
(57,76), 0, 1
(57,77), 0, 1
(57,78), 0, 1
(57,79), 0, 1
(57,80), 0, 1
(57,81), 0, 1
(57,82), 0, 1
(57,84), 0, 1
(57,86), 0, 1
(57,89), 0, 1
(57,90), 0, 1
(57,91), 0, 1
(57,92), 0, 1
(57,93), 0, 1
(58,0), 0, 1
(58,1), 0, 1
(58,2), 0, 1
(58,3), 0, 1
(58,4), 0, 1
(58,6), 0, 1
(58,7), 0, 1
(58,8), 0, 1
(58,10), 0, 1
(58,11), 0, 1
(58,12), 0, 1
(58,13), 0, 1
(58,14), 0, 1
(58,15), 0, 1
(58,16), 0, 1
(58,17), 0, 1
(58,18), 0, 1
(58,20), 0, 1
(58,21), 0, 1
(58,22), 0, 1
(58,25), 0, 1
(58,27), 0, 1
(58,29), 0, 1
(58,30), 0, 1
(58,31), 0, 1
(58,32), 0, 1
(58,33), 0, 1
(58,34), 0, 1
(58,35), 0, 1
(58,36), 0, 1
(58,37), 0, 1
(58,40), 0, 1
(58,41), 0, 1
(58,42), 0, 1
(58,45), 0, 1
(58,48), 0, 1
(58,49), 0, 1
(58,50), 0, 1
(58,51), 0, 1
(58,52), 0, 1
(58,53), 0, 1
(58,54), 0, 1
(58,55), 0, 1
(58,56), 0, 1
(58,59), 0, 1
(58,60), 0, 1
(58,61), 0, 1
(58,63), 0, 1
(58,64), 0, 1
(58,65), 0, 1
(58,66), 0, 1
(58,67), 0, 1
(58,69), 0, 1
(58,70), 0, 1
(58,71), 0, 1
(58,73), 0, 1
(58,74), 0, 1
(58,75), 0, 1
(58,76), 0, 1
(58,77), 0, 1
(58,78), 0, 1
(58,79), 0, 1
(58,80), 0, 1
(58,81), 0, 1
(58,82), 0, 1
(58,83), 0, 1
(58,84), 0, 1
(58,86), 0, 1
(58,89), 0, 1
(58,90), 0, 1
(58,91), 0, 1
(58,92), 0, 1
(59,1), 0, 1
(59,42), 0, 1
(59,61), 0, 1
(59,65), 0, 1
(59,77), 0, 1
(59,84), 0, 1
(60,4), 0, 1
(60,7), 0, 1
(60,17), 0, 1
(60,20), 0, 1
(60,22), 0, 1
(60,26), 0, 1
(60,27), 0, 1
(60,32), 0, 1
(60,33), 0, 1
(60,36), 0, 1
(60,38), 0, 1
(60,40), 0, 1
(60,41), 0, 1
(60,44), 0, 1
(60,62), 0, 1
(60,69), 0, 1
(60,80), 0, 1
(60,81), 0, 1
(60,86), 0, 1
(61,1), 0, 1
(61,2), 0, 1
(61,3), 0, 1
(61,4), 0, 1
(61,8), 0, 1
(61,9), 0, 1
(61,10), 0, 1
(61,11), 0, 1
(61,12), 0, 1
(61,13), 0, 1
(61,15), 0, 1
(61,16), 0, 1
(61,18), 0, 1
(61,20), 0, 1
(61,21), 0, 1
(61,22), 0, 1
(61,23), 0, 1
(61,25), 0, 1
(61,26), 0, 1
(61,28), 0, 1
(61,29), 0, 1
(61,30), 0, 1
(61,31), 0, 1
(61,32), 0, 1
(61,36), 0, 1
(61,40), 0, 1
(61,41), 0, 1
(61,42), 0, 1
(61,43), 0, 1
(61,44), 0, 1
(61,45), 0, 1
(61,46), 0, 1
(61,48), 0, 1
(61,49), 0, 1
(61,50), 0, 1
(61,51), 0, 1
(61,52), 0, 1
(61,53), 0, 1
(61,54), 0, 1
(61,56), 0, 1
(61,58), 0, 1
(61,59), 0, 1
(61,60), 0, 1
(61,62), 0, 1
(61,63), 0, 1
(61,64), 0, 1
(61,65), 0, 1
(61,66), 0, 1
(61,67), 0, 1
(61,69), 0, 1
(61,70), 0, 1
(61,71), 0, 1
(61,73), 0, 1
(61,74), 0, 1
(61,75), 0, 1
(61,76), 0, 1
(61,77), 0, 1
(61,78), 0, 1
(61,79), 0, 1
(61,80), 0, 1
(61,81), 0, 1
(61,82), 0, 1
(61,84), 0, 1
(61,86), 0, 1
(61,89), 0, 1
(61,90), 0, 1
(61,91), 0, 1
(61,93), 0, 1
(62,1), 0, 1
(62,2), 0, 1
(62,3), 0, 1
(62,4), 0, 1
(62,7), 0, 1
(62,8), 0, 1
(62,9), 0, 1
(62,10), 0, 1
(62,11), 0, 1
(62,13), 0, 1
(62,14), 0, 1
(62,15), 0, 1
(62,16), 0, 1
(62,17), 0, 1
(62,18), 0, 1
(62,20), 0, 1
(62,21), 0, 1
(62,22), 0, 1
(62,23), 0, 1
(62,26), 0, 1
(62,27), 0, 1
(62,29), 0, 1
(62,30), 0, 1
(62,31), 0, 1
(62,32), 0, 1
(62,33), 0, 1
(62,36), 0, 1
(62,40), 0, 1
(62,41), 0, 1
(62,42), 0, 1
(62,43), 0, 1
(62,44), 0, 1
(62,45), 0, 1
(62,46), 0, 1
(62,48), 0, 1
(62,49), 0, 1
(62,50), 0, 1
(62,51), 0, 1
(62,52), 0, 1
(62,53), 0, 1
(62,54), 0, 1
(62,56), 0, 1
(62,59), 0, 1
(62,63), 0, 1
(62,64), 0, 1
(62,65), 0, 1
(62,66), 0, 1
(62,67), 0, 1
(62,69), 0, 1
(62,70), 0, 1
(62,71), 0, 1
(62,73), 0, 1
(62,74), 0, 1
(62,75), 0, 1
(62,76), 0, 1
(62,77), 0, 1
(62,78), 0, 1
(62,79), 0, 1
(62,80), 0, 1
(62,81), 0, 1
(62,82), 0, 1
(62,84), 0, 1
(62,86), 0, 1
(62,88), 0, 1
(62,89), 0, 1
(62,90), 0, 1
(62,91), 0, 1
(62,92), 0, 1
(62,93), 0, 1
(63,1), 0, 1
(63,34), 0, 1
(63,42), 0, 1
(63,49), 0, 1
(63,61), 0, 1
(63,65), 0, 1
(63,77), 0, 1
(63,84), 0, 1
(63,87), 0, 1
(64,1), 0, 1
(64,34), 0, 1
(64,42), 0, 1
(64,49), 0, 1
(64,61), 0, 1
(64,65), 0, 1
(64,77), 0, 1
(64,84), 0, 1
(64,93), 0, 1
(65,4), 0, 1
(65,7), 0, 1
(65,17), 0, 1
(65,20), 0, 1
(65,22), 0, 1
(65,26), 0, 1
(65,27), 0, 1
(65,32), 0, 1
(65,33), 0, 1
(65,36), 0, 1
(65,41), 0, 1
(65,44), 0, 1
(65,62), 0, 1
(65,69), 0, 1
(65,80), 0, 1
(65,81), 0, 1
(65,86), 0, 1
(66,1), 0, 1
(66,34), 0, 1
(66,42), 0, 1
(66,49), 0, 1
(66,61), 0, 1
(66,65), 0, 1
(66,77), 0, 1
(66,84), 0, 1
(66,88), 0, 1
(67,1), 0, 1
(67,34), 0, 1
(67,39), 0, 1
(67,42), 0, 1
(67,49), 0, 1
(67,61), 0, 1
(67,65), 0, 1
(67,77), 0, 1
(67,84), 0, 1
(67,87), 0, 1
(68,1), 0, 1
(68,34), 0, 1
(68,42), 0, 1
(68,49), 0, 1
(68,61), 0, 1
(68,65), 0, 1
(68,77), 0, 1
(68,83), 0, 1
(68,84), 0, 1
(68,93), 0, 1
(70,1), 0, 1
(70,34), 0, 1
(70,42), 0, 1
(70,61), 0, 1
(70,65), 0, 1
(70,77), 0, 1
(70,84), 0, 1
(70,93), 0, 1
(71,1), 0, 1
(71,34), 0, 1
(71,42), 0, 1
(71,49), 0, 1
(71,61), 0, 1
(71,65), 0, 1
(71,77), 0, 1
(71,84), 0, 1
(71,93), 0, 1
(73,1), 0, 1
(73,34), 0, 1
(73,42), 0, 1
(73,49), 0, 1
(73,61), 0, 1
(73,65), 0, 1
(73,72), 0, 1
(73,77), 0, 1
(73,83), 0, 1
(73,84), 0, 1
(74,4), 0, 1
(74,22), 0, 1
(74,32), 0, 1
(74,33), 0, 1
(74,36), 0, 1
(74,40), 0, 1
(74,41), 0, 1
(74,44), 0, 1
(74,62), 0, 1
(74,69), 0, 1
(74,80), 0, 1
(74,81), 0, 1
(74,86), 0, 1
(75,1), 0, 1
(75,2), 0, 1
(75,3), 0, 1
(75,4), 0, 1
(75,7), 0, 1
(75,8), 0, 1
(75,10), 0, 1
(75,11), 0, 1
(75,12), 0, 1
(75,13), 0, 1
(75,14), 0, 1
(75,15), 0, 1
(75,16), 0, 1
(75,18), 0, 1
(75,21), 0, 1
(75,22), 0, 1
(75,25), 0, 1
(75,26), 0, 1
(75,27), 0, 1
(75,28), 0, 1
(75,29), 0, 1
(75,30), 0, 1
(75,31), 0, 1
(75,32), 0, 1
(75,33), 0, 1
(75,34), 0, 1
(75,36), 0, 1
(75,37), 0, 1
(75,40), 0, 1
(75,41), 0, 1
(75,42), 0, 1
(75,43), 0, 1
(75,44), 0, 1
(75,45), 0, 1
(75,46), 0, 1
(75,48), 0, 1
(75,49), 0, 1
(75,50), 0, 1
(75,51), 0, 1
(75,52), 0, 1
(75,53), 0, 1
(75,54), 0, 1
(75,55), 0, 1
(75,56), 0, 1
(75,59), 0, 1
(75,61), 0, 1
(75,64), 0, 1
(75,65), 0, 1
(75,67), 0, 1
(75,68), 0, 1
(75,69), 0, 1
(75,70), 0, 1
(75,71), 0, 1
(75,77), 0, 1
(75,78), 0, 1
(75,79), 0, 1
(75,81), 0, 1
(75,82), 0, 1
(75,84), 0, 1
(75,89), 0, 1
(75,90), 0, 1
(75,91), 0, 1
(75,93), 0, 1
(76,1), 0, 1
(76,2), 0, 1
(76,3), 0, 1
(76,4), 0, 1
(76,7), 0, 1
(76,8), 0, 1
(76,10), 0, 1
(76,11), 0, 1
(76,12), 0, 1
(76,13), 0, 1
(76,14), 0, 1
(76,15), 0, 1
(76,16), 0, 1
(76,17), 0, 1
(76,18), 0, 1
(76,20), 0, 1
(76,21), 0, 1
(76,22), 0, 1
(76,23), 0, 1
(76,25), 0, 1
(76,26), 0, 1
(76,27), 0, 1
(76,28), 0, 1
(76,29), 0, 1
(76,30), 0, 1
(76,31), 0, 1
(76,32), 0, 1
(76,33), 0, 1
(76,34), 0, 1
(76,36), 0, 1
(76,37), 0, 1
(76,40), 0, 1
(76,41), 0, 1
(76,42), 0, 1
(76,43), 0, 1
(76,44), 0, 1
(76,45), 0, 1
(76,48), 0, 1
(76,49), 0, 1
(76,50), 0, 1
(76,51), 0, 1
(76,52), 0, 1
(76,53), 0, 1
(76,54), 0, 1
(76,55), 0, 1
(76,56), 0, 1
(76,59), 0, 1
(76,61), 0, 1
(76,62), 0, 1
(76,63), 0, 1
(76,64), 0, 1
(76,65), 0, 1
(76,66), 0, 1
(76,67), 0, 1
(76,69), 0, 1
(76,70), 0, 1
(76,71), 0, 1
(76,73), 0, 1
(76,74), 0, 1
(76,75), 0, 1
(76,78), 0, 1
(76,79), 0, 1
(76,80), 0, 1
(76,81), 0, 1
(76,82), 0, 1
(76,84), 0, 1
(76,86), 0, 1
(76,89), 0, 1
(76,90), 0, 1
(76,91), 0, 1
(76,92), 0, 1
(76,93), 0, 1
(77,4), 0, 1
(77,7), 0, 1
(77,20), 0, 1
(77,22), 0, 1
(77,26), 0, 1
(77,32), 0, 1
(77,33), 0, 1
(77,36), 0, 1
(77,40), 0, 1
(77,41), 0, 1
(77,44), 0, 1
(77,62), 0, 1
(77,69), 0, 1
(77,80), 0, 1
(77,81), 0, 1
(77,86), 0, 1
(78,1), 0, 1
(78,2), 0, 1
(78,3), 0, 1
(78,4), 0, 1
(78,7), 0, 1
(78,8), 0, 1
(78,10), 0, 1
(78,11), 0, 1
(78,13), 0, 1
(78,14), 0, 1
(78,15), 0, 1
(78,16), 0, 1
(78,17), 0, 1
(78,18), 0, 1
(78,20), 0, 1
(78,22), 0, 1
(78,23), 0, 1
(78,26), 0, 1
(78,27), 0, 1
(78,28), 0, 1
(78,29), 0, 1
(78,31), 0, 1
(78,32), 0, 1
(78,33), 0, 1
(78,36), 0, 1
(78,37), 0, 1
(78,40), 0, 1
(78,41), 0, 1
(78,42), 0, 1
(78,43), 0, 1
(78,44), 0, 1
(78,45), 0, 1
(78,47), 0, 1
(78,50), 0, 1
(78,51), 0, 1
(78,52), 0, 1
(78,53), 0, 1
(78,54), 0, 1
(78,55), 0, 1
(78,56), 0, 1
(78,59), 0, 1
(78,61), 0, 1
(78,62), 0, 1
(78,63), 0, 1
(78,64), 0, 1
(78,65), 0, 1
(78,66), 0, 1
(78,67), 0, 1
(78,70), 0, 1
(78,71), 0, 1
(78,73), 0, 1
(78,74), 0, 1
(78,75), 0, 1
(78,76), 0, 1
(78,77), 0, 1
(78,79), 0, 1
(78,80), 0, 1
(78,82), 0, 1
(78,84), 0, 1
(78,85), 0, 1
(78,86), 0, 1
(78,89), 0, 1
(78,90), 0, 1
(78,91), 0, 1
(78,92), 0, 1
(78,93), 0, 1
(79,4), 0, 1
(79,7), 0, 1
(79,17), 0, 1
(79,22), 0, 1
(79,26), 0, 1
(79,32), 0, 1
(79,33), 0, 1
(79,36), 0, 1
(79,40), 0, 1
(79,41), 0, 1
(79,62), 0, 1
(79,69), 0, 1
(79,80), 0, 1
(79,81), 0, 1
(79,86), 0, 1
(80,1), 0, 1
(80,34), 0, 1
(80,42), 0, 1
(80,49), 0, 1
(80,61), 0, 1
(80,65), 0, 1
(80,77), 0, 1
(80,84), 0, 1
(80,93), 0, 1
(81,1), 0, 1
(81,42), 0, 1
(81,49), 0, 1
(81,61), 0, 1
(81,65), 0, 1
(81,77), 0, 1
(81,84), 0, 1
(81,93), 0, 1
(82,1), 0, 1
(82,34), 0, 1
(82,42), 0, 1
(82,49), 0, 1
(82,61), 0, 1
(82,65), 0, 1
(82,77), 0, 1
(82,84), 0, 1
(83,1), 0, 1
(83,19), 0, 1
(83,34), 0, 1
(83,42), 0, 1
(83,49), 0, 1
(83,61), 0, 1
(83,65), 0, 1
(83,77), 0, 1
(83,84), 0, 1
(85,1), 0, 1
(85,2), 0, 1
(85,3), 0, 1
(85,4), 0, 1
(85,8), 0, 1
(85,10), 0, 1
(85,11), 0, 1
(85,12), 0, 1
(85,13), 0, 1
(85,14), 0, 1
(85,15), 0, 1
(85,16), 0, 1
(85,18), 0, 1
(85,20), 0, 1
(85,21), 0, 1
(85,22), 0, 1
(85,26), 0, 1
(85,27), 0, 1
(85,28), 0, 1
(85,29), 0, 1
(85,31), 0, 1
(85,32), 0, 1
(85,33), 0, 1
(85,34), 0, 1
(85,36), 0, 1
(85,37), 0, 1
(85,41), 0, 1
(85,42), 0, 1
(85,43), 0, 1
(85,44), 0, 1
(85,45), 0, 1
(85,48), 0, 1
(85,49), 0, 1
(85,50), 0, 1
(85,51), 0, 1
(85,52), 0, 1
(85,53), 0, 1
(85,54), 0, 1
(85,55), 0, 1
(85,56), 0, 1
(85,59), 0, 1
(85,61), 0, 1
(85,63), 0, 1
(85,64), 0, 1
(85,65), 0, 1
(85,66), 0, 1
(85,67), 0, 1
(85,69), 0, 1
(85,70), 0, 1
(85,71), 0, 1
(85,73), 0, 1
(85,74), 0, 1
(85,75), 0, 1
(85,77), 0, 1
(85,78), 0, 1
(85,79), 0, 1
(85,80), 0, 1
(85,81), 0, 1
(85,82), 0, 1
(85,84), 0, 1
(85,86), 0, 1
(85,91), 0, 1
(85,92), 0, 1
(86,1), 0, 1
(86,34), 0, 1
(86,42), 0, 1
(86,49), 0, 1
(86,61), 0, 1
(86,65), 0, 1
(86,77), 0, 1
(86,84), 0, 1
(86,93), 0, 1
(87,1), 0, 1
(87,3), 0, 1
(87,4), 0, 1
(87,7), 0, 1
(87,8), 0, 1
(87,10), 0, 1
(87,11), 0, 1
(87,12), 0, 1
(87,13), 0, 1
(87,14), 0, 1
(87,15), 0, 1
(87,16), 0, 1
(87,17), 0, 1
(87,18), 0, 1
(87,20), 0, 1
(87,23), 0, 1
(87,26), 0, 1
(87,27), 0, 1
(87,28), 0, 1
(87,29), 0, 1
(87,30), 0, 1
(87,31), 0, 1
(87,32), 0, 1
(87,33), 0, 1
(87,36), 0, 1
(87,37), 0, 1
(87,40), 0, 1
(87,41), 0, 1
(87,42), 0, 1
(87,43), 0, 1
(87,44), 0, 1
(87,45), 0, 1
(87,48), 0, 1
(87,49), 0, 1
(87,50), 0, 1
(87,51), 0, 1
(87,52), 0, 1
(87,53), 0, 1
(87,55), 0, 1
(87,56), 0, 1
(87,59), 0, 1
(87,61), 0, 1
(87,63), 0, 1
(87,64), 0, 1
(87,65), 0, 1
(87,66), 0, 1
(87,67), 0, 1
(87,68), 0, 1
(87,69), 0, 1
(87,70), 0, 1
(87,71), 0, 1
(87,73), 0, 1
(87,74), 0, 1
(87,75), 0, 1
(87,78), 0, 1
(87,79), 0, 1
(87,80), 0, 1
(87,81), 0, 1
(87,82), 0, 1
(87,84), 0, 1
(87,86), 0, 1
(87,91), 0, 1
(87,93), 0, 1
(88,34), 0, 1
(88,42), 0, 1
(88,49), 0, 1
(88,65), 0, 1
(88,77), 0, 1
(88,84), 0, 1
(89,34), 0, 1
(89,42), 0, 1
(89,49), 0, 1
(89,61), 0, 1
(89,65), 0, 1
(89,77), 0, 1
(89,84), 0, 1
(89,87), 0, 1
(90,1), 0, 1
(90,19), 0, 1
(90,34), 0, 1
(90,42), 0, 1
(90,49), 0, 1
(90,61), 0, 1
(90,65), 0, 1
(90,77), 0, 1
(90,84), 0, 1
(91,0), 0, 1
(91,1), 0, 1
(91,34), 0, 1
(91,42), 0, 1
(91,61), 0, 1
(91,65), 0, 1
(91,77), 0, 1
(91,93), 0, 1
(92,1), 0, 1
(92,6), 0, 1
(92,34), 0, 1
(92,42), 0, 1
(92,49), 0, 1
(92,61), 0, 1
(92,65), 0, 1
(92,77), 0, 1
(92,84), 0, 1
(92,93), 0, 1
(93,1), 0, 1
(93,3), 0, 1
(93,4), 0, 1
(93,5), 0, 1
(93,7), 0, 1
(93,8), 0, 1
(93,10), 0, 1
(93,11), 0, 1
(93,13), 0, 1
(93,14), 0, 1
(93,15), 0, 1
(93,16), 0, 1
(93,17), 0, 1
(93,18), 0, 1
(93,20), 0, 1
(93,21), 0, 1
(93,22), 0, 1
(93,24), 0, 1
(93,25), 0, 1
(93,26), 0, 1
(93,27), 0, 1
(93,28), 0, 1
(93,29), 0, 1
(93,30), 0, 1
(93,31), 0, 1
(93,32), 0, 1
(93,33), 0, 1
(93,36), 0, 1
(93,37), 0, 1
(93,40), 0, 1
(93,41), 0, 1
(93,42), 0, 1
(93,43), 0, 1
(93,44), 0, 1
(93,45), 0, 1
(93,48), 0, 1
(93,49), 0, 1
(93,50), 0, 1
(93,52), 0, 1
(93,53), 0, 1
(93,54), 0, 1
(93,55), 0, 1
(93,56), 0, 1
(93,59), 0, 1
(93,61), 0, 1
(93,62), 0, 1
(93,63), 0, 1
(93,64), 0, 1
(93,65), 0, 1
(93,66), 0, 1
(93,67), 0, 1
(93,69), 0, 1
(93,70), 0, 1
(93,71), 0, 1
(93,73), 0, 1
(93,74), 0, 1
(93,75), 0, 1
(93,76), 0, 1
(93,77), 0, 1
(93,78), 0, 1
(93,79), 0, 1
(93,80), 0, 1
(93,81), 0, 1
(93,82), 0, 1
(93,86), 0, 1
(93,89), 0, 1
(93,91), 0, 1
(93,92), 0, 1
(94,1), 0, 1
(94,2), 0, 1
(94,3), 0, 1
(94,4), 0, 1
(94,8), 0, 1
(94,10), 0, 1
(94,11), 0, 1
(94,12), 0, 1
(94,13), 0, 1
(94,14), 0, 1
(94,15), 0, 1
(94,16), 0, 1
(94,17), 0, 1
(94,18), 0, 1
(94,20), 0, 1
(94,21), 0, 1
(94,22), 0, 1
(94,25), 0, 1
(94,26), 0, 1
(94,27), 0, 1
(94,28), 0, 1
(94,30), 0, 1
(94,31), 0, 1
(94,32), 0, 1
(94,33), 0, 1
(94,34), 0, 1
(94,36), 0, 1
(94,37), 0, 1
(94,40), 0, 1
(94,41), 0, 1
(94,42), 0, 1
(94,43), 0, 1
(94,44), 0, 1
(94,45), 0, 1
(94,48), 0, 1
(94,49), 0, 1
(94,50), 0, 1
(94,51), 0, 1
(94,52), 0, 1
(94,53), 0, 1
(94,54), 0, 1
(94,55), 0, 1
(94,56), 0, 1
(94,59), 0, 1
(94,61), 0, 1
(94,62), 0, 1
(94,63), 0, 1
(94,64), 0, 1
(94,65), 0, 1
(94,66), 0, 1
(94,67), 0, 1
(94,69), 0, 1
(94,70), 0, 1
(94,71), 0, 1
(94,73), 0, 1
(94,74), 0, 1
(94,75), 0, 1
(94,78), 0, 1
(94,79), 0, 1
(94,80), 0, 1
(94,81), 0, 1
(94,82), 0, 1
(94,84), 0, 1
(94,86), 0, 1
(94,89), 0, 1
(94,90), 0, 1
(94,91), 0, 1
(94,92), 0, 1
(94,93), 0, 1
(95,1), 0, 1
(95,34), 0, 1
(95,42), 0, 1
(95,49), 0, 1
(95,61), 0, 1
(95,65), 0, 1
(95,77), 0, 1
(95,84), 0, 1
(95,93), 0, 1
(96,42), 0, 1
(96,49), 0, 1
(96,61), 0, 1
(96,65), 0, 1
(96,72), 0, 1
(96,77), 0, 1
(96,84), 0, 1
(97,4), 0, 1
(97,7), 0, 1
(97,20), 0, 1
(97,22), 0, 1
(97,26), 0, 1
(97,32), 0, 1
(97,33), 0, 1
(97,36), 0, 1
(97,40), 0, 1
(97,41), 0, 1
(97,44), 0, 1
(97,69), 0, 1
(97,80), 0, 1
(97,81), 0, 1
(97,86), 0, 1
(98,1), 0, 1
(98,34), 0, 1
(98,42), 0, 1
(98,49), 0, 1
(98,61), 0, 1
(98,65), 0, 1
(98,77), 0, 1
(98,84), 0, 1
(98,88), 0, 1
(98,93), 0, 1
(99,4), 0, 1
(99,7), 0, 1
(99,17), 0, 1
(99,20), 0, 1
(99,22), 0, 1
(99,26), 0, 1
(99,27), 0, 1
(99,32), 0, 1
(99,33), 0, 1
(99,36), 0, 1
(99,40), 0, 1
(99,41), 0, 1
(99,44), 0, 1
(99,62), 0, 1
(99,69), 0, 1
(99,80), 0, 1
(99,81), 0, 1
(99,86), 0, 1
